{"lowlevel": {"spectral_complexity": {"min": 0, "max": 57, "dvar2": 32.5005187988, "median": 23, "dmean2": 5.61613464355, "dmean": 3.99561357498, "var": 102.475440979, "dvar": 18.4230289459, "mean": 22.9147167206}, "silence_rate_20dB": {"min": 1, "max": 1, "dvar2": 0, "median": 1, "dmean2": 0, "dmean": 0, "var": 0, "dvar": 0, "mean": 1}, "average_loudness": 0.957087993622, "erbbands_spread": {"min": 4.11074733734, "max": 131.187454224, "dvar2": 104.003219604, "median": 29.9381828308, "dmean2": 9.74081420898, "dmean": 6.40480232239, "var": 273.763793945, "dvar": 46.561214447, "mean": 32.8416595459}, "spectral_kurtosis": {"min": -1.16920101643, "max": 45.2758979797, "dvar2": 20.7937374115, "median": 3.75669717789, "dmean2": 3.04165911674, "dmean": 1.79662942886, "var": 11.4092111588, "dvar": 6.68247413635, "mean": 4.4323720932}, "barkbands_kurtosis": {"min": -1.91134786606, "max": 48.2088088989, "dvar2": 12.7562379837, "median": -0.589893221855, "dmean2": 1.91975951195, "dmean": 1.20537650585, "var": 14.2827606201, "dvar": 5.43836545944, "mean": 0.662224829197}, "spectral_strongpeak": {"min": 0, "max": 11.898311615, "dvar2": 4.13560819626, "median": 0.419827967882, "dmean2": 1.21303164959, "dmean": 0.692528903484, "var": 2.56608700752, "dvar": 1.58773672581, "mean": 1.10963106155}, "spectral_spread": {"min": 998443.5625, "max": 39667632, "dvar2": 773707268096, "median": 3625583, "dmean2": 683741.0625, "dmean": 490663.59375, "var": 5485119930370.0, "dvar": 444608151552, "mean": 4060791}, "spectral_rms": {"min": 3.33036658147e-12, "max": 0.00708119291812, "dvar2": 4.63169300247e-07, "median": 0.00459866225719, "dmean2": 0.000747874029912, "dmean": 0.000477282825159, "var": 1.86588965789e-06, "dvar": 2.0335143347e-07, "mean": 0.00427606934682}, "dynamic_complexity": 3.65962386131, "erbbands": {"min": [7.82340799445e-22, 1.31407162171e-21, 5.03824644334e-21, 8.28267821915e-21, 1.59255354657e-20, 5.91172929848e-20, 2.28771713502e-19, 2.42612358005e-19, 4.34376682986e-19, 5.99563617337e-19, 2.46487580268e-18, 1.64009525467e-18, 1.99035247735e-18, 1.60196967306e-18, 1.49018707002e-18, 2.97219477134e-18, 3.721403685e-18, 3.87960983536e-18, 9.94827292533e-18, 7.07748470682e-18, 1.19641584002e-17, 1.06023295988e-17, 1.03926384863e-17, 1.69347925802e-17, 1.68967852854e-17, 1.40422362767e-17, 2.18404451056e-17, 2.04210329529e-17, 1.96379658824e-17, 2.30887152438e-17, 1.84257575102e-17, 2.1701338142e-17, 1.79796308817e-17, 1.43675399418e-17, 8.92216530162e-18, 6.63364523272e-18, 3.20081239661e-18, 1.44114053297e-18, 3.15740578377e-19, 3.96213988105e-20], "max": [0.775476634502, 5.55266904831, 32.2761077881, 70.9500045776, 50.63489151, 70.1437911987, 108.613258362, 142.245025635, 376.240722656, 314.35723877, 535.172607422, 448.341949463, 437.625183105, 763.694641113, 611.360351563, 1196.19628906, 794.960998535, 456.814086914, 1304.30932617, 1113.68103027, 1142.63244629, 723.976501465, 675.45489502, 653.622070313, 612.366882324, 373.987731934, 398.349151611, 556.424682617, 755.909057617, 237.069717407, 211.466003418, 162.829345703, 98.7924499512, 38.3086166382, 55.9838790894, 2.54660916328, 0.342899799347, 0.0583305098116, 0.00648114085197, 0.000639362435322], "dvar2": [0.00720305647701, 0.56732416153, 13.0896978378, 37.3547363281, 13.8906202316, 44.6411705017, 81.1563949585, 69.5928039551, 216.513641357, 355.190155029, 1309.85632324, 1044.43701172, 874.411621094, 1902.95141602, 3037.4699707, 3334.89624023, 2144.32202148, 2053.78271484, 4916.19482422, 4496.17382813, 4916.06396484, 4348.69726563, 3155.08959961, 917.075256348, 1418.21630859, 977.986083984, 308.374084473, 695.007446289, 4894.64306641, 292.230651855, 363.346435547, 95.8329925537, 27.4257354736, 9.64982509613, 25.2026348114, 0.0496491752565, 0.00138711859472, 3.58776233043e-05, 1.94650866092e-07, 2.06293226945e-09], "median": [0.0115553420037, 0.372719109058, 2.09827947617, 4.02081298828, 1.83586263657, 1.01461720467, 1.6223962307, 1.83882653713, 2.53296518326, 4.19622850418, 6.83514308929, 8.92872714996, 9.98984050751, 9.41110897064, 8.90426826477, 10.7616872787, 10.2979383469, 11.2798614502, 23.7411079407, 27.4822654724, 23.5419692993, 35.5363311768, 31.8409919739, 18.3205776215, 19.9059257507, 13.4292564392, 5.19804668427, 3.79961276054, 4.77943897247, 2.3484044075, 1.84344029427, 0.638650894165, 0.386948049068, 0.331665098667, 0.187959328294, 0.0159428473562, 0.00139473192394, 0.000166631434695, 2.73156838375e-05, 3.02425505652e-05], "dmean2": [0.0426053293049, 0.585783243179, 2.7861521244, 4.58501052856, 2.40108156204, 3.25066900253, 4.49679613113, 3.95823383331, 5.63731241226, 9.28953456879, 16.9509468079, 15.3266191483, 14.5275421143, 20.9689369202, 21.0272674561, 20.0255756378, 20.7777290344, 23.9405956268, 37.9805488586, 38.2712974548, 35.7039489746, 42.3200798035, 37.9087295532, 17.6746997833, 21.4964504242, 18.3397274017, 8.23174095154, 10.7662286758, 23.815820694, 6.37034654617, 7.43512439728, 2.44959592819, 1.38475048542, 1.15054774284, 1.66906011105, 0.0849274769425, 0.0132482340559, 0.00182836700696, 0.000123356468976, 1.89094789675e-05], "dmean": [0.0299959350377, 0.350854039192, 1.6411575079, 2.71431183815, 1.42158639431, 1.97893691063, 2.84008288383, 2.54306364059, 3.572940588, 5.74119710922, 10.5931024551, 9.77882575989, 9.16610431671, 13.5262012482, 13.5795679092, 12.7062826157, 13.2334852219, 15.027048111, 24.3008422852, 24.9670314789, 23.7311458588, 27.3948574066, 24.5713424683, 11.606801033, 14.4534816742, 12.6455011368, 5.72152662277, 7.55449676514, 15.5076808929, 4.46344947815, 4.96098423004, 1.70531761646, 0.963016033173, 0.806793868542, 1.12963593006, 0.0600705370307, 0.00905147381127, 0.0011928799795, 8.09499033494e-05, 1.25480937641e-05], "var": [0.00836137123406, 0.49954020977, 22.1255607605, 32.3634872437, 10.3813714981, 25.8547286987, 64.5817871094, 65.9833068848, 219.118850708, 254.51725769, 1066.36047363, 694.354125977, 772.912597656, 1876.22827148, 2848.77685547, 3015.09155273, 1985.41943359, 2441.63769531, 5808.02490234, 5342.3515625, 8948.33691406, 5732.26464844, 4432.19091797, 1009.38037109, 1838.26123047, 1642.1015625, 332.948730469, 593.818969727, 2558.12646484, 230.723876953, 240.637771606, 56.713848114, 15.0938920975, 6.62903547287, 13.5414152145, 0.0318959541619, 0.000706127902959, 1.47703904076e-05, 7.82874849392e-08, 1.12773268501e-09], "dvar": [0.00426991842687, 0.212862744927, 4.98972892761, 13.4081020355, 5.03202009201, 17.4509239197, 33.7430229187, 30.9008274078, 91.791267395, 149.047927856, 547.159729004, 437.811004639, 332.807800293, 801.585693359, 1208.19921875, 1311.5168457, 843.497802734, 818.398864746, 2098.85595703, 2063.890625, 2157.30444336, 1869.02392578, 1355.64147949, 388.819335938, 635.486877441, 468.490997314, 154.929916382, 355.94833374, 2135.71606445, 145.638137817, 161.957061768, 43.879989624, 12.0235004425, 4.34658622742, 11.1390829086, 0.0229254178703, 0.000604099303018, 1.49326751853e-05, 8.0740775843e-08, 8.94582463662e-10], "mean": [0.0440549366176, 0.634626269341, 3.95149827003, 5.4877538681, 2.78788971901, 2.81203246117, 4.59892988205, 4.53512239456, 6.63289690018, 9.34819030762, 17.1528339386, 16.384519577, 18.7476406097, 25.0735378265, 25.8032455444, 24.8180809021, 24.7600822449, 30.729724884, 51.298625946, 51.2232933044, 56.0942497253, 62.395942688, 57.1891708374, 28.3979549408, 33.5465545654, 29.9618625641, 11.2114191055, 11.4808712006, 19.7449169159, 6.92341566086, 7.10780000687, 2.32263159752, 1.44046282768, 1.20904493332, 1.36299717426, 0.079565115273, 0.0102452160791, 0.00124414463062, 9.48712040554e-05, 3.44018699252e-05]}, "spectral_contrast_coeffs": {"min": [-0.962506353855, -0.965441048145, -0.977664232254, -0.981465220451, -0.959307253361, -0.962621927261], "max": [-0.310412228107, -0.372860699892, -0.426033198833, -0.483079791069, -0.514758646488, -0.596288502216], "dvar2": [0.00471670320258, 0.00335212703794, 0.00229247077368, 0.0018029497005, 0.00104508548975, 0.000738702947274], "median": [-0.618730187416, -0.752482652664, -0.762602984905, -0.746214270592, -0.744785904884, -0.735945105553], "dmean2": [0.0846826136112, 0.0730871483684, 0.0589127391577, 0.052551843226, 0.0383756682277, 0.0309585873038], "dmean": [0.0508763492107, 0.0449487678707, 0.0365148670971, 0.0326616540551, 0.0254057291895, 0.0198971573263], "var": [0.00700847152621, 0.00543818203732, 0.00445558223873, 0.00408141035587, 0.00401969021186, 0.00187693815678], "dvar": [0.00178096513264, 0.00135882233735, 0.000913118768949, 0.000747659592889, 0.000498286739457, 0.000324884080328], "mean": [-0.622641324997, -0.748424708843, -0.756664931774, -0.741996347904, -0.740753412247, -0.736256957054]}, "dissonance": {"min": 0.333679020405, "max": 0.5, "dvar2": 0.000334170501446, "median": 0.482095599174, "dmean2": 0.0179917775095, "dmean": 0.0108283525333, "var": 0.000266498915153, "dvar": 0.000124640049762, "mean": 0.478236675262}, "spectral_energyband_high": {"min": 8.44136441861e-21, "max": 0.0270454566926, "dvar2": 6.21273784418e-06, "median": 0.000631296599749, "dmean2": 0.0011284656357, "dmean": 0.000818016182166, "var": 5.88889588471e-06, "dvar": 3.24000347973e-06, "mean": 0.00141628249548}, "gfcc": {"mean": [-19.5005302429, 84.0230941772, -148.888458252, 49.2976455688, -49.3407783508, 19.6472320557, -34.4977264404, 14.9277877808, -18.8943252563, -4.97015237808, -17.7817592621, -10.0932340622, -9.88053894043], "icov": [[0.000286123395199, -0.000366497581126, 0.000519324385095, -0.000752287858631, 0.000707126688212, -0.000398586329538, 0.000324295921018, -0.000615277967881, 0.000746128265746, -0.000330637849402, 0.000582844484597, -0.000404687307309, 0.00031182685052], [-0.000366497581126, 0.00148055620957, -0.000526195857674, 0.000932969036512, -0.0014621844748, 0.000488279183628, -0.000157983740792, 0.000608835602179, -0.00108136155177, 0.00163679860998, -0.00110999785829, 0.00165155192371, 7.80090485932e-05], [0.000519324385095, -0.000526195857674, 0.0023928952869, -0.00177319138311, 0.000847585091833, -0.00139556638896, 0.00029184363666, -0.00118553231005, 0.000597454083618, -0.000594019074924, 0.00216092448682, -0.00177058496047, 0.00103727600072], [-0.000752287858631, 0.000932969036512, -0.00177319138311, 0.00568458577618, -0.00224776519462, 0.000467097357614, 0.00104420853313, 2.12609484151e-05, -0.00178595958278, 0.00202003703453, -0.00137834146153, 0.00176377594471, -0.00235344003886], [0.000707126688212, -0.0014621844748, 0.000847585091833, -0.00224776519462, 0.00722905900329, -0.000698967487551, -0.0018999761669, -0.00113985233475, -5.10640675202e-05, -4.73829968541e-05, -0.000162232885486, -0.000342220067978, -0.0011909159366], [-0.000398586329538, 0.000488279183628, -0.00139556638896, 0.000467097357614, -0.000698967487551, 0.0057229953818, -0.00240743393078, 0.000636905024294, 0.0014466883149, -0.001320252195, 0.000389676628402, -6.55471958453e-05, 0.000487534329295], [0.000324295921018, -0.000157983740792, 0.00029184363666, 0.00104420853313, -0.0018999761669, -0.00240743393078, 0.00892550311983, -0.00159971415997, -0.00062750588404, 0.00163979292847, -0.00201323488727, 0.00164620066062, 0.00139821995981], [-0.000615277967881, 0.000608835602179, -0.00118553231005, 2.12609484151e-05, -0.00113985233475, 0.000636905024294, -0.00159971415997, 0.00978682003915, -0.00326668750495, -0.00119675125461, 0.000429797626566, 0.00137878942769, -0.00158833980095], [0.000746128265746, -0.00108136155177, 0.000597454083618, -0.00178595958278, -5.10640675202e-05, 0.0014466883149, -0.00062750588404, -0.00326668750495, 0.0134497135878, -0.00387296755798, 0.00164356594905, -0.000826531846542, 0.000359687255695], [-0.000330637849402, 0.00163679860998, -0.000594019074924, 0.00202003703453, -4.73829968541e-05, -0.001320252195, 0.00163979292847, -0.00119675125461, -0.00387296755798, 0.016207518056, -0.00423464272171, -0.002797243651, 0.00303566548973], [0.000582844484597, -0.00110999785829, 0.00216092448682, -0.00137834146153, -0.000162232885486, 0.000389676628402, -0.00201323488727, 0.000429797626566, 0.00164356594905, -0.00423464272171, 0.0123605625704, -0.00230572023429, -0.00175731861964], [-0.000404687307309, 0.00165155192371, -0.00177058496047, 0.00176377594471, -0.000342220067978, -6.55471958453e-05, 0.00164620066062, 0.00137878942769, -0.000826531846542, -0.002797243651, -0.00230572023429, 0.0146709103137, -0.00405712984502], [0.00031182685052, 7.80090485932e-05, 0.00103727600072, -0.00235344003886, -0.0011909159366, 0.000487534329295, 0.00139821995981, -0.00158833980095, 0.000359687255695, 0.00303566548973, -0.00175731861964, -0.00405712984502, 0.0138301951811]], "cov": [[20202.625, 703.823608398, -1192.56384277, 1230.46679688, -1547.69140625, 505.331878662, -1129.38000488, 419.212890625, -764.549926758, 4.89214038849, -699.688232422, 29.235452652, -210.926620483], [703.823608398, 1745.13000488, -309.107147217, 19.8031215668, 342.909179688, -140.152053833, 155.589477539, -3.42753958702, 53.9418792725, -209.211410522, 89.2006454468, -248.75012207, 2.06623673439], [-1192.56384277, -309.107147217, 1038.71289063, 126.077796936, 0.38317117095, 194.432510376, 7.93600273132, 66.7079467773, 42.776676178, 48.342754364, -122.560005188, 90.2786407471, -28.5932273865], [1230.46679688, 19.8031215668, 126.077796936, 397.311401367, -10.5702638626, 30.5799388885, -90.3533706665, 74.6037597656, -12.2987556458, -30.5837287903, -54.7318649292, -0.217949017882, 46.0273094177], [-1547.69140625, 342.909179688, 0.38317117095, -10.5702638626, 404.423583984, -61.8142166138, 176.664993286, -1.10449922085, 93.1723861694, -59.463809967, 101.320220947, -65.6627349854, 54.3909187317], [505.331878662, -140.152053833, 194.432510376, 30.5799388885, -61.8142166138, 292.615844727, 16.3954124451, 20.2275524139, -49.3317871094, 37.6605758667, -55.6841850281, 30.1738319397, -40.1616630554], [-1129.38000488, 155.589477539, 7.93600273132, -90.3533706665, 176.664993286, 16.3954124451, 242.403457642, -2.42001032829, 52.8585662842, -27.2776050568, 70.6978607178, -51.5875320435, -3.07170319557], [419.212890625, -3.42753958702, 66.7079467773, 74.6037597656, -1.10449922085, 20.2275524139, -2.42001032829, 146.552230835, 23.1191291809, 11.3668117523, -27.9026203156, -1.24136948586, 7.52095079422], [-764.549926758, 53.9418792725, 42.776676178, -12.2987556458, 93.1723861694, -49.3317871094, 52.8585662842, 23.1191291809, 129.385543823, 8.8264093399, 28.7727336884, -9.20674228668, 14.3588542938], [4.89214038849, -209.211410522, 48.342754364, -30.5837287903, -59.463809967, 37.6605758667, -27.2776050568, 11.3668117523, 8.8264093399, 111.120109558, 6.10523033142, 51.3840560913, -18.9156589508], [-699.688232422, 89.2006454468, -122.560005188, -54.7318649292, 101.320220947, -55.6841850281, 70.6978607178, -27.9026203156, 28.7727336884, 6.10523033142, 154.640396118, -4.92067432404, 31.6041355133], [29.235452652, -248.75012207, 90.2786407471, -0.217949017882, -65.6627349854, 30.1738319397, -51.5875320435, -1.24136948586, -9.20674228668, 51.3840560913, -4.92067432404, 125.75012207, 17.515668869], [-210.926620483, 2.06623673439, -28.5932273865, 46.0273094177, 54.3909187317, -40.1616630554, -3.07170319557, 7.52095079422, 14.3588542938, -18.9156589508, 31.6041355133, 17.515668869, 107.232597351]]}, "spectral_flux": {"min": 1.06623751495e-10, "max": 0.191055119038, "dvar2": 0.000573334342334, "median": 0.0736537277699, "dmean2": 0.025630004704, "dmean": 0.0169925522059, "var": 0.00114044547081, "dvar": 0.000258940213826, "mean": 0.0736463963985}, "silence_rate_30dB": {"min": 1, "max": 1, "dvar2": 0, "median": 1, "dmean2": 0, "dmean": 0, "var": 0, "dvar": 0, "mean": 1}, "spectral_energyband_middle_high": {"min": 1.55597206963e-21, "max": 0.0385540612042, "dvar2": 1.48696644828e-05, "median": 0.00640566833317, "dmean2": 0.00298084272072, "dmean": 0.00210482510738, "var": 4.1286162741e-05, "dvar": 6.89397484166e-06, "mean": 0.00805053673685}, "barkbands_spread": {"min": 1.78962361813, "max": 96.8787155151, "dvar2": 117.280937195, "median": 32.4136199951, "dmean2": 10.2255449295, "dmean": 6.655418396, "var": 202.807540894, "dvar": 56.5198478699, "mean": 32.8472442627}, "spectral_centroid": {"min": 221.540100098, "max": 11139.7910156, "dvar2": 189083.96875, "median": 2118.69555664, "dmean2": 395.633850098, "dmean": 271.118591309, "var": 478523.40625, "dvar": 102063.554688, "mean": 2069.73266602}, "pitch_salience": {"min": 0.0867043957114, "max": 0.806385993958, "dvar2": 0.00749123003334, "median": 0.517020344734, "dmean2": 0.100116819143, "dmean": 0.0642351135612, "var": 0.015393782407, "dvar": 0.00340301403776, "mean": 0.511165618896}, "erbbands_skewness": {"min": -3.06283473969, "max": 2.17426586151, "dvar2": 0.190683215857, "median": -0.42057839036, "dmean2": 0.474942654371, "dmean": 0.314262747765, "var": 0.527759552002, "dvar": 0.0844327956438, "mean": -0.522958755493}, "erbbands_crest": {"min": 2.20125102997, "max": 27.1682529449, "dvar2": 10.3360939026, "median": 7.65725564957, "dmean2": 3.57540225983, "dmean": 2.1928217411, "var": 11.5283679962, "dvar": 4.16861486435, "mean": 8.38698863983}, "melbands": {"min": [7.39342528478e-24, 2.25464611423e-24, 1.56515022723e-24, 1.7609842567e-24, 7.57313884305e-24, 5.49610988923e-24, 6.24257070408e-24, 8.91088285523e-24, 1.99335779082e-23, 1.05099938403e-23, 1.00358624038e-23, 6.70235552168e-24, 4.17203249779e-24, 8.30105156587e-24, 6.92730709741e-24, 8.5618355705e-24, 5.76268965493e-24, 1.7497733205e-23, 7.68190935124e-24, 1.37516741576e-23, 1.26117094072e-23, 1.13737042348e-23, 7.82332607914e-24, 1.03433209416e-23, 1.41400398476e-23, 1.31241818503e-23, 9.80259781186e-24, 9.09118490373e-24, 1.56606418176e-23, 1.13080244646e-23, 1.13842962701e-23, 1.07837096417e-23, 1.24129661574e-23, 1.22784590621e-23, 8.64472591898e-24, 1.38884121514e-23, 1.31828289254e-23, 1.34740298288e-23, 1.04701547868e-23, 1.2883427024e-23], "max": [0.00644297292456, 0.0122244646773, 0.00987805612385, 0.0040126265958, 0.00290327100083, 0.00280088908039, 0.00516351219267, 0.00547730689868, 0.0038382683415, 0.00305982190184, 0.00227728788741, 0.00280893407762, 0.00287247309461, 0.00480850460008, 0.00302265002392, 0.00158054893836, 0.00104961264879, 0.00262368749827, 0.00151384994388, 0.00101295229979, 0.00141990592238, 0.00086449488299, 0.00064916285919, 0.000727332720999, 0.000575842510443, 0.000703205296304, 0.000443135853857, 0.000294650235446, 0.00026324877399, 0.000228998513194, 0.000359320372809, 0.000556671468075, 0.000194955195184, 0.00012919215078, 0.000142370248795, 0.000133452325827, 9.88797983155e-05, 8.62058077473e-05, 3.54636649718e-05, 3.14125281875e-05], "dvar2": [5.78684307584e-07, 2.14404008148e-06, 8.36453239117e-07, 1.00272607995e-07, 8.85954207774e-08, 3.38023156132e-08, 4.1578871901e-08, 7.25901685428e-08, 8.06806923492e-08, 3.87514589306e-08, 2.37364208289e-08, 3.19269979343e-08, 4.72460506273e-08, 6.37518269286e-08, 2.15801065906e-08, 1.00233013001e-08, 1.00062163e-08, 1.63072684245e-08, 1.45083118852e-08, 5.11302689077e-09, 8.69287131167e-09, 5.27183185994e-09, 4.09247080668e-09, 3.25992188799e-09, 7.39620809043e-10, 8.88069062732e-10, 1.05535269412e-09, 4.75623040952e-10, 1.45180117928e-10, 1.81323123183e-10, 2.8510002692e-10, 2.47963627409e-09, 2.71781791517e-10, 7.84546941301e-11, 2.21078183538e-10, 5.23160265109e-11, 3.34255643997e-11, 1.90904531766e-11, 5.90657774427e-12, 7.65153999188e-12], "median": [0.000211099933949, 0.00101612112485, 0.000677428324707, 9.54999850364e-05, 6.03385124123e-05, 4.13678644691e-05, 3.54147996404e-05, 5.00456153532e-05, 5.69844232814e-05, 5.85844427405e-05, 4.83560070279e-05, 3.6977835407e-05, 2.80182357528e-05, 2.27344571613e-05, 2.5654102501e-05, 1.56822752615e-05, 1.91168728634e-05, 3.23695094266e-05, 3.80492419936e-05, 2.38753164012e-05, 2.67073301075e-05, 3.48936155206e-05, 3.18170568789e-05, 2.0387562472e-05, 1.14993181342e-05, 1.31046372189e-05, 1.18617726912e-05, 7.52783307689e-06, 3.06767788061e-06, 1.60332388077e-06, 2.04770640266e-06, 2.92454205919e-06, 1.46337174556e-06, 1.0896224012e-06, 1.24773100652e-06, 4.44047770998e-07, 2.89883757887e-07, 2.56024236478e-07, 2.26672128179e-07, 2.30691554748e-07], "dmean2": [0.000480701273773, 0.00116580084432, 0.000692063942552, 0.000167699734448, 0.000158923285198, 8.96767669474e-05, 8.2741928054e-05, 0.00012946606148, 0.00013487378601, 9.77310555754e-05, 7.55390428822e-05, 8.90894734766e-05, 7.40717805456e-05, 7.23515331629e-05, 5.7736877352e-05, 4.23331730417e-05, 5.12428414368e-05, 6.8210720201e-05, 6.77283023833e-05, 3.84788072552e-05, 4.69179758511e-05, 4.61054114567e-05, 4.05867322115e-05, 3.54384283128e-05, 1.50731020767e-05, 1.55675570568e-05, 1.82467392733e-05, 1.23905792861e-05, 5.95612073084e-06, 5.33309275852e-06, 6.60615842207e-06, 1.66604349943e-05, 6.02877889833e-06, 3.14135695589e-06, 5.88837065152e-06, 1.79681637746e-06, 1.39914129704e-06, 1.09806410364e-06, 7.51179072722e-07, 1.02235276245e-06], "dmean": [0.000314238714054, 0.000685737992171, 0.000410723499954, 0.000101067482319, 0.000100370147265, 5.75230078539e-05, 5.21932161064e-05, 7.98823894002e-05, 8.46128677949e-05, 6.24594395049e-05, 4.75175183965e-05, 5.73899269511e-05, 4.80183589389e-05, 4.55924091511e-05, 3.67920656572e-05, 2.66276292678e-05, 3.21056613757e-05, 4.34927060269e-05, 4.34792746091e-05, 2.55717568507e-05, 3.1280786061e-05, 2.98864506476e-05, 2.62454159383e-05, 2.27297696256e-05, 9.62938611337e-06, 1.02020276245e-05, 1.21907341963e-05, 8.41985729494e-06, 4.02744035455e-06, 3.60575904779e-06, 4.57237683804e-06, 1.07044324977e-05, 3.97921985495e-06, 2.14804708776e-06, 3.83987844543e-06, 1.22119354273e-06, 9.71065105659e-07, 7.46855278067e-07, 5.16077989232e-07, 6.99957638517e-07], "var": [6.11648147242e-07, 3.18301363222e-06, 7.33007141207e-07, 6.04310699259e-08, 7.89307179616e-08, 3.33411271924e-08, 4.25879420618e-08, 5.43318172674e-08, 6.39833288574e-08, 2.65923496556e-08, 2.13719353326e-08, 3.14178301153e-08, 4.32435491859e-08, 5.6680200089e-08, 1.74588805635e-08, 8.31797120071e-09, 1.21058789659e-08, 1.88593993755e-08, 1.65093094751e-08, 6.31063912238e-09, 1.52028949429e-08, 6.351317694e-09, 4.72733407975e-09, 3.87102838673e-09, 6.20438145305e-10, 9.04721741968e-10, 1.515257253e-09, 7.29546645317e-10, 1.6062187691e-10, 1.30945254639e-10, 2.21061502437e-10, 1.25968002695e-09, 1.67339739288e-10, 5.37723997274e-11, 1.39124559095e-10, 2.93762583703e-11, 1.90270889322e-11, 9.26980540938e-12, 3.8057452155e-12, 5.06758654137e-12], "dvar": [2.98753263905e-07, 7.7412499877e-07, 2.99290491057e-07, 3.81005094141e-08, 3.71319366366e-08, 1.51494568001e-08, 1.78184595967e-08, 3.04215035385e-08, 3.31566951672e-08, 1.62636606404e-08, 9.01157903854e-09, 1.34421496156e-08, 1.90352587026e-08, 2.54057628268e-08, 8.27526047686e-09, 3.97086763471e-09, 4.03832745022e-09, 7.03143365754e-09, 6.27827922983e-09, 2.31269936535e-09, 3.83451181918e-09, 2.31496888325e-09, 1.75826830873e-09, 1.35451450056e-09, 3.03538194579e-10, 3.88765131198e-10, 4.78729444975e-10, 2.22946577866e-10, 7.04993702305e-11, 8.47716410957e-11, 1.40551750794e-10, 1.07069741961e-09, 1.24395937995e-10, 3.708729851e-11, 9.6018144824e-11, 2.34653980274e-11, 1.51642726154e-11, 8.06397310038e-12, 2.6378153134e-12, 3.39274897239e-12], "mean": [0.000498159730341, 0.00164034613408, 0.000886081310455, 0.000168982456671, 0.000164442608366, 0.000104046885099, 9.49523528107e-05, 0.000126154292957, 0.000138767558383, 0.000105190702016, 9.53089038376e-05, 0.000103132209915, 8.88504146133e-05, 7.94244770077e-05, 6.49281282676e-05, 4.57998212369e-05, 6.00004896114e-05, 8.42929293867e-05, 8.26646137284e-05, 5.12424230692e-05, 6.88461150276e-05, 6.27864210401e-05, 5.56818886253e-05, 4.67097925139e-05, 1.93689884327e-05, 2.19521152758e-05, 2.62292905973e-05, 1.86217166629e-05, 7.58334863349e-06, 5.20766798218e-06, 6.65052266413e-06, 1.32820950967e-05, 5.3446237871e-06, 3.25286691805e-06, 5.31517571289e-06, 1.63769504979e-06, 1.24508437693e-06, 1.03639968074e-06, 8.41345809022e-07, 1.00064801245e-06]}, "barkbands_skewness": {"min": -2.80348825455, "max": 6.08913660049, "dvar2": 0.376180917025, "median": 0.435305774212, "dmean2": 0.629412472248, "dmean": 0.423942893744, "var": 1.20372784138, "dvar": 0.182714611292, "mean": 0.6457452178}, "spectral_entropy": {"min": 5.50578451157, "max": 9.79594230652, "dvar2": 0.043645247817, "median": 7.6237039566, "dmean2": 0.204564228654, "dmean": 0.150458395481, "var": 0.179045185447, "dvar": 0.0246497690678, "mean": 7.63399505615}, "spectral_rolloff": {"min": 21.533203125, "max": 20112.0117188, "dvar2": 5527741, "median": 2454.78515625, "dmean2": 1113.61413574, "dmean": 696.250244141, "var": 3597747.5, "dvar": 2097079.125, "mean": 2575.2121582}, "barkbands": {"min": [6.00493164175e-23, 1.12223573258e-23, 4.84687144777e-24, 2.25227479834e-24, 2.40481217731e-23, 2.66298552566e-23, 2.85481598742e-23, 9.16739423143e-23, 8.51792694143e-23, 5.10755723922e-23, 2.72436584606e-23, 7.25293420627e-23, 7.78975531446e-23, 8.85474782876e-23, 1.69572227522e-22, 2.13286178345e-22, 1.69635184933e-22, 2.08035570647e-22, 3.37499484419e-22, 3.9047466227e-22, 4.72319221e-22, 6.37496344698e-22, 6.56691892742e-22, 1.04005471521e-21, 1.30072192425e-21, 1.66004243726e-21, 2.597129625e-21], "max": [0.000528766249772, 0.0233375281096, 0.029933091253, 0.024205237627, 0.014764374122, 0.0164407063276, 0.021820532158, 0.0355173237622, 0.0165541321039, 0.0131751121953, 0.0243492722511, 0.0317829474807, 0.0223019011319, 0.0121066579595, 0.0179386418313, 0.0163462031633, 0.0131797958165, 0.0109746390954, 0.0170457083732, 0.00894612818956, 0.0088785616681, 0.0141229135916, 0.00725835980847, 0.00591356772929, 0.00461006211117, 0.000226605348871, 2.88590672426e-05], "dvar2": [3.3213931605e-09, 8.63696004672e-06, 1.28060464704e-05, 5.28051532456e-06, 2.22761127588e-06, 1.09128995973e-06, 8.94519644135e-07, 3.27069233208e-06, 1.94707922674e-06, 1.27974851694e-06, 2.78952234112e-06, 3.20347453453e-06, 1.61448917879e-06, 1.51596009346e-06, 2.29897455029e-06, 1.40215229294e-06, 1.52014661126e-06, 9.12024063382e-07, 4.83709129639e-07, 4.68802539899e-07, 2.64744528522e-07, 1.89911770576e-06, 3.35895947501e-07, 1.41423655009e-07, 2.10402973266e-07, 4.32609281731e-10, 7.06899859829e-12], "median": [2.2041176635e-06, 0.00116665102541, 0.00217817001976, 0.00104420119897, 0.000315133540425, 0.000215781547013, 0.000159213377628, 0.000261425535427, 0.000463323784061, 0.000241171059315, 0.000163661010447, 0.000214328509173, 0.000227897631703, 0.000228016491747, 0.000531312427483, 0.000323764950735, 0.000606578076258, 0.000422735640313, 0.000355802825652, 0.000279777945252, 8.08505137684e-05, 0.00011364488455, 6.68573775329e-05, 2.42787045863e-05, 3.1359064451e-05, 1.0113432154e-06, 4.94176433108e-08], "dmean2": [2.48748729064e-05, 0.00217069103383, 0.00277111632749, 0.00160854822025, 0.000815819017589, 0.000492133141961, 0.000402255740482, 0.000844025111292, 0.000719108909834, 0.00056504982058, 0.000530989025719, 0.000578674196731, 0.000567414157558, 0.000644347222988, 0.000882322608959, 0.000608976872172, 0.000794047664385, 0.000644126906991, 0.000370806694264, 0.000404911261285, 0.000211759965168, 0.000489948550239, 0.000223709721467, 9.50874382397e-05, 0.000164466051501, 7.51370362195e-06, 7.05011700575e-07], "dmean": [1.78517802851e-05, 0.00135238212533, 0.00163434655406, 0.000940107915085, 0.000502087234054, 0.00031607071287, 0.000254211074207, 0.000521491107065, 0.000460243551061, 0.000357343815267, 0.000345804699464, 0.000364255247405, 0.000357559707481, 0.000404756923672, 0.000567631213926, 0.000394816685002, 0.000517174426932, 0.000414827256463, 0.00024526528432, 0.000277763116173, 0.00014757901954, 0.000324974040268, 0.000151965359692, 6.63988830638e-05, 0.000113066809718, 5.10444169777e-06, 4.49855491524e-07], "var": [3.79329945233e-09, 8.36502294987e-06, 1.91575127246e-05, 4.38565257355e-06, 1.6291638758e-06, 9.99244662125e-07, 8.45179215503e-07, 2.58258546637e-06, 1.41568398249e-06, 1.25983524413e-06, 2.66429924523e-06, 2.85840246761e-06, 1.31617616717e-06, 1.8126327177e-06, 2.59517037193e-06, 2.2421140784e-06, 1.89781292192e-06, 1.15922739496e-06, 5.15224030551e-07, 7.82750703365e-07, 2.36542646803e-07, 1.11334747999e-06, 2.33446229458e-07, 8.07406337344e-08, 1.25614221247e-07, 2.23851409631e-10, 2.66530677737e-12], "dvar": [1.84186088603e-09, 3.76333991881e-06, 4.91052469442e-06, 1.86669910818e-06, 8.78488776834e-07, 4.80676021652e-07, 3.85481826015e-07, 1.37463700867e-06, 8.16233296064e-07, 5.11582300078e-07, 1.15119394195e-06, 1.27987641463e-06, 6.22179527454e-07, 6.15461260622e-07, 9.91027718555e-07, 5.93192851284e-07, 6.77180310049e-07, 3.88161481624e-07, 2.12959534451e-07, 2.24840050578e-07, 1.34808487928e-07, 8.58771386447e-07, 1.53898795929e-07, 6.36857890868e-08, 9.4684224905e-08, 1.87877838287e-10, 2.90156462225e-12], "mean": [2.76394330285e-05, 0.00226530828513, 0.0037503358908, 0.00172911561094, 0.000771478575189, 0.000549733289517, 0.000434501474956, 0.000792729086243, 0.000802518858109, 0.000639664067421, 0.00061203801306, 0.000636488955934, 0.000614497519564, 0.000754495908041, 0.00110203563236, 0.000854645099025, 0.00109388201963, 0.00087933242321, 0.00056191009935, 0.000640215526801, 0.0002338533086, 0.000433972745668, 0.000225148934987, 9.32451875997e-05, 0.000149062921992, 6.02090540269e-06, 4.29083598874e-07]}, "melbands_flatness_db": {"min": 0.00847728736699, "max": 0.510318756104, "dvar2": 0.00109832035378, "median": 0.152600318193, "dmean2": 0.035010214895, "dmean": 0.0248581282794, "var": 0.00554395373911, "dvar": 0.000611928116996, "mean": 0.165982067585}, "melbands_skewness": {"min": -1.84519910812, "max": 44.649017334, "dvar2": 1.03175508976, "median": 1.55000734329, "dmean2": 0.888359665871, "dmean": 0.593481242657, "var": 16.3142185211, "dvar": 0.590169250965, "mean": 2.24443554878}, "silence_rate_60dB": {"min": 0, "max": 1, "dvar2": 0.0130246914923, "median": 0, "dmean2": 0.0116987572983, "dmean": 0.00584866572171, "var": 0.0645174905658, "dvar": 0.00581458443776, "mean": 0.0693226084113}, "spectral_energyband_low": {"min": 3.78708202334e-23, "max": 0.0411471053958, "dvar2": 2.76342234429e-05, "median": 0.00576161965728, "dmean2": 0.00457548955455, "dmean": 0.00274600740522, "var": 3.88947046304e-05, "dvar": 1.03755319287e-05, "mean": 0.00720154261217}, "spectral_energyband_middle_low": {"min": 2.68648638622e-22, "max": 0.0361522473395, "dvar2": 1.2403830624e-05, "median": 0.00450146198273, "dmean2": 0.00300471298397, "dmean": 0.00185674394015, "var": 1.4521940102e-05, "dvar": 4.94896085002e-06, "mean": 0.00521475588903}, "melbands_kurtosis": {"min": -1.80548655987, "max": 2161.06811523, "dvar2": 1855.58898926, "median": 1.79809522629, "dmean2": 9.00966835022, "dmean": 5.73399543762, "var": 26907.1035156, "dvar": 904.216491699, "mean": 22.7093200684}, "spectral_decrease": {"min": -1.2896345325e-08, "max": 2.07945048462e-29, "dvar2": 2.64092982233e-18, "median": -5.02041253014e-09, "dmean2": 1.69248370874e-09, "dmean": 1.04791508804e-09, "var": 5.09094346414e-18, "dvar": 1.03692818009e-18, "mean": -4.80757211818e-09}, "erbbands_kurtosis": {"min": -1.70106291771, "max": 18.0233726501, "dvar2": 3.25587892532, "median": 0.277386903763, "dmean2": 1.41548204422, "dmean": 0.91117721796, "var": 5.47195339203, "dvar": 1.43634724617, "mean": 0.999631404877}, "melbands_crest": {"min": 2.01493430138, "max": 39.9691619873, "dvar2": 19.4760055542, "median": 13.9970617294, "dmean2": 5.12397861481, "dmean": 3.18118929863, "var": 46.1084632874, "dvar": 8.72069072723, "mean": 14.9758148193}, "mfcc": {"mean": [-641.029174805, 101.684677124, -27.3507118225, 28.8211174011, 8.53790378571, 6.58311796188, 0.739722371101, 12.1097860336, 5.99512195587, 5.36580896378, 2.63841438293, -5.11104822159, 1.19031095505], "icov": [[0.000109066175355, 1.3673943613e-05, 9.35097614274e-06, -0.000197663379367, 0.000164546800079, -3.406322503e-05, 8.60704094521e-05, -0.000156174530275, -1.55485781761e-06, 8.51714721648e-05, 3.44933214365e-05, 0.000132609755383, 0.000150588908582], [1.3673943613e-05, 0.000863688997924, 0.000341987004504, -0.000259457476204, -0.000317828555126, -3.96691430069e-05, -0.000305326335365, -0.000827295065392, 5.62769710086e-05, -0.000203456947929, -0.000276722334092, 1.99489932129e-05, 6.34347452433e-05], [9.35097614274e-06, 0.000341987004504, 0.00190566922538, -0.000217459077248, -4.18511372118e-05, -0.00124256848358, 0.000600033556111, -0.000697918236256, -0.000775489432272, 0.000849290750921, -0.000106280676846, -0.000465822580736, 8.24363014544e-05], [-0.000197663379367, -0.000259457476204, -0.000217459077248, 0.00505965622142, -0.00270898244344, 0.00103671010584, 0.000338948040735, -0.000726923870388, -0.00051773886662, -0.000434783287346, 0.0014879303053, -0.000419029936893, -0.00112724769861], [0.000164546800079, -0.000317828555126, -4.18511372118e-05, -0.00270898244344, 0.00799043104053, -0.000842414563522, -0.000487104494823, 0.000736267946195, -0.00101293006446, -0.000779572583269, 0.00139720318839, 2.31738194998e-05, -0.000904165906832], [-3.406322503e-05, -3.96691430069e-05, -0.00124256848358, 0.00103671010584, -0.000842414563522, 0.00675748474896, -0.00181377341505, -0.00152603292372, 0.000122125886264, 0.00138331996277, -0.00179588736501, 0.000538189720828, 0.000931134040002], [8.60704094521e-05, -0.000305326335365, 0.000600033556111, 0.000338948040735, -0.000487104494823, -0.00181377341505, 0.00801681820303, -0.0026777992025, 0.00134288077243, -0.00304645416327, 0.00143436400685, 6.18688645773e-05, 0.000677909352817], [-0.000156174530275, -0.000827295065392, -0.000697918236256, -0.000726923870388, 0.000736267946195, -0.00152603292372, -0.0026777992025, 0.0136914160103, -0.00351762585342, -0.001081218943, 0.00018097377324, 0.00100598519202, -0.00365800363943], [-1.55485781761e-06, 5.62769710086e-05, -0.000775489432272, -0.00051773886662, -0.00101293006446, 0.000122125886264, 0.00134288077243, -0.00351762585342, 0.0100258225575, -0.00251743500121, 0.00163658987731, -0.000392875372199, -0.00027209406835], [8.51714721648e-05, -0.000203456947929, 0.000849290750921, -0.000434783287346, -0.000779572583269, 0.00138331996277, -0.00304645416327, -0.001081218943, -0.00251743500121, 0.0140122892335, -0.00457364972681, -0.000590633891989, 0.00219619669951], [3.44933214365e-05, -0.000276722334092, -0.000106280676846, 0.0014879303053, 0.00139720318839, -0.00179588736501, 0.00143436400685, 0.00018097377324, 0.00163658987731, -0.00457364972681, 0.0121828494594, -0.000710090796929, -0.00214811251499], [0.000132609755383, 1.99489932129e-05, -0.000465822580736, -0.000419029936893, 2.31738194998e-05, 0.000538189720828, 6.18688645773e-05, 0.00100598519202, -0.000392875372199, -0.000590633891989, -0.000710090796929, 0.0133351795375, -0.00337155209854], [0.000150588908582, 6.34347452433e-05, 8.24363014544e-05, -0.00112724769861, -0.000904165906832, 0.000931134040002, 0.000677909352817, -0.00365800363943, -0.00027209406835, 0.00219619669951, -0.00214811251499, -0.00337155209854, 0.0137882605195]], "cov": [[10723.9560547, -144.015914917, 151.509094238, 394.570770264, -99.5189743042, 8.34867858887, -136.1459198, 119.19379425, 69.7955245972, -112.069488525, -127.719299316, -128.719055176, -86.0263900757], [-144.015914917, 1590.19885254, -295.763427734, 158.384262085, 131.387741089, -1.38928794861, 159.895202637, 139.953292847, 42.2257614136, 108.377487183, 19.104473114, -2.39008688927, 32.9142150879], [151.509094238, -295.763427734, 766.432495117, 19.7384643555, 8.18070220947, 137.045150757, -62.6692886353, 42.9274406433, 70.4532318115, -65.9420776367, -6.56786060333, 21.338218689, 18.5768604279], [394.570770264, 158.384262085, 19.7384643555, 341.733551025, 128.731460571, -44.0955848694, 0.645824313164, 49.3499336243, 63.0594978333, 11.6005735397, -57.1046104431, 14.8964357376, 41.4049339294], [-99.5189743042, 131.387741089, 8.18070220947, 128.731460571, 190.657104492, 1.56642758846, 24.170009613, 27.4750785828, 42.7999572754, 17.7624816895, -31.44257164, 9.19328594208, 24.8200187683], [8.34867858887, -1.38928794861, 137.045150757, -44.0955848694, 1.56642758846, 209.961807251, 43.0181808472, 35.4139328003, 5.80429363251, -7.87184667587, 26.0366592407, -8.85220050812, -8.04497241974], [-136.1459198, 159.895202637, -62.6692886353, 0.645824313164, 24.170009613, 43.0181808472, 182.497055054, 46.7889518738, -0.350878417492, 48.4503898621, 1.62734293938, -6.43923616409, -5.74600887299], [119.19379425, 139.953292847, 42.9274406433, 49.3499336243, 27.4750785828, 35.4139328003, 46.7889518738, 121.579101563, 50.379573822, 21.9120674133, -1.54136741161, 0.38180410862, 28.5539798737], [69.7955245972, 42.2257614136, 70.4532318115, 63.0594978333, 42.7999572754, 5.80429363251, -0.350878417492, 50.379573822, 139.044799805, 19.887052536, -18.6030521393, 8.17946815491, 18.253238678], [-112.069488525, 108.377487183, -65.9420776367, 11.6005735397, 17.7624816895, -7.87184667587, 48.4503898621, 21.9120674133, 19.887052536, 105.429267883, 27.9297027588, 3.13163018227, -4.08782291412], [-127.719299316, 19.104473114, -6.56786060333, -57.1046104431, -31.44257164, 26.0366592407, 1.62734293938, -1.54136741161, -18.6030521393, 27.9297027588, 111.597068787, 6.61967039108, 6.55760002136], [-128.719055176, -2.39008688927, 21.338218689, 14.8964357376, 9.19328594208, -8.85220050812, -6.43923616409, 0.38180410862, 8.17946815491, 3.13163018227, 6.61967039108, 85.0370101929, 25.6130428314], [-86.0263900757, 32.9142150879, 18.5768604279, 41.4049339294, 24.8200187683, -8.04497241974, -5.74600887299, 28.5539798737, 18.253238678, -4.08782291412, 6.55760002136, 25.6130428314, 94.9121551514]]}, "spectral_energy": {"min": 1.13686249361e-20, "max": 0.0513968765736, "dvar2": 4.44852375949e-05, "median": 0.0216763876379, "dmean2": 0.00702648283914, "dmean": 0.00443455064669, "var": 9.36663127504e-05, "dvar": 1.86358447536e-05, "mean": 0.020654251799}, "melbands_spread": {"min": 0.454384624958, "max": 201.479705811, "dvar2": 305.355010986, "median": 41.269241333, "dmean2": 15.5817203522, "dmean": 10.4403915405, "var": 633.060852051, "dvar": 154.118515015, "mean": 43.2088775635}, "erbbands_flatness_db": {"min": 0.0184182599187, "max": 0.48004758358, "dvar2": 0.000447086582426, "median": 0.174252599478, "dmean2": 0.0226588565856, "dmean": 0.0157482083887, "var": 0.00244257878512, "dvar": 0.000227576034376, "mean": 0.176475152373}, "spectral_contrast_valleys": {"min": [-27.5185909271, -27.4854278564, -27.3175830841, -27.4420681, -27.2352828979, -27.1592617035], "max": [-5.74744319916, -5.14833259583, -5.69015264511, -5.51161336899, -5.50110435486, -7.3811788559], "dvar2": [0.370800375938, 0.250717520714, 0.191165030003, 0.169927284122, 0.165074035525, 0.267109066248], "median": [-7.67091274261, -7.01311731339, -7.27648639679, -7.45520305634, -7.20866298676, -10.1468200684], "dmean2": [0.731512367725, 0.583198428154, 0.482314795256, 0.428852260113, 0.387982875109, 0.462845355272], "dmean": [0.448172390461, 0.359771519899, 0.305734276772, 0.279146313667, 0.279889941216, 0.370002359152], "var": [2.68389701843, 2.19058489799, 2.03064131737, 1.85739886761, 2.05507850647, 2.37161540985], "dvar": [0.156467989087, 0.113906443119, 0.0922209247947, 0.0886595845222, 0.0960083827376, 0.166755780578], "mean": [-7.97317934036, -7.2761182785, -7.54498052597, -7.6857085228, -7.48537778854, -10.4152078629]}, "barkbands_flatness_db": {"min": 0.0346041321754, "max": 0.532340228558, "dvar2": 0.0007063212106, "median": 0.118456847966, "dmean2": 0.0270755700767, "dmean": 0.0184372738004, "var": 0.00396978203207, "dvar": 0.000365457643056, "mean": 0.131635993719}, "zerocrossingrate": {"min": 0.0048828125, "max": 0.5048828125, "dvar2": 0.000246568582952, "median": 0.07763671875, "dmean2": 0.0139790289104, "dmean": 0.0129910064861, "var": 0.0014148860937, "dvar": 0.000222736547585, "mean": 0.0813994854689}, "spectral_skewness": {"min": 0.0127416504547, "max": 4.24463129044, "dvar2": 0.166975557804, "median": 1.30027508736, "dmean2": 0.358928769827, "dmean": 0.21894288063, "var": 0.121729061007, "dvar": 0.0577926710248, "mean