{"lowlevel": {"spectral_complexity": {"min": 0, "max": 60, "dvar2": 27.5150032043, "median": 23, "dmean2": 5.35979747772, "dmean": 3.73458790779, "var": 97.914642334, "dvar": 15.6256217957, "mean": 22.6615200043}, "silence_rate_20dB": {"min": 1, "max": 1, "dvar2": 0, "median": 1, "dmean2": 0, "dmean": 0, "var": 0, "dvar": 0, "mean": 1}, "average_loudness": 0.932482302189, "erbbands_spread": {"min": 3.69200563431, "max": 115.060340881, "dvar2": 95.0464859009, "median": 29.3578605652, "dmean2": 9.24705982208, "dmean": 6.15407991409, "var": 191.87689209, "dvar": 43.2392539978, "mean": 31.3347358704}, "spectral_kurtosis": {"min": -1.25647675991, "max": 38.9611206055, "dvar2": 13.6745767593, "median": 4.14122676849, "dmean2": 2.89434409142, "dmean": 1.71831309795, "var": 10.0116014481, "dvar": 4.66806221008, "mean": 4.62041854858}, "barkbands_kurtosis": {"min": -1.86151814461, "max": 28.2740936279, "dvar2": 5.09898090363, "median": -0.39452239871, "dmean2": 1.43967342377, "dmean": 0.919043421745, "var": 5.75526809692, "dvar": 2.25729560852, "mean": 0.351307034492}, "spectral_strongpeak": {"min": 0, "max": 12.2430009842, "dvar2": 3.85016012192, "median": 0.477573215961, "dmean2": 1.28321766853, "dmean": 0.750801205635, "var": 2.89945197105, "dvar": 1.48124945164, "mean": 1.30866861343}, "spectral_spread": {"min": 1183522, "max": 45247228, "dvar2": 1227545509890.0, "median": 3687181, "dmean2": 705980.0625, "dmean": 506517.28125, "var": 25998099742700.0, "dvar": 644669833216, "mean": 4605751.5}, "spectral_rms": {"min": 3.10785988958e-12, "max": 0.00773524772376, "dvar2": 5.10114148256e-07, "median": 0.00455588381737, "dmean2": 0.000730802887119, "dmean": 0.000486164441099, "var": 2.36000187215e-06, "dvar": 2.45048738634e-07, "mean": 0.00426687253639}, "dynamic_complexity": 3.18797850609, "erbbands": {"min": [7.26853156409e-23, 4.75264082935e-22, 2.66521490969e-21, 2.69813027611e-21, 1.07201549177e-20, 2.10134636367e-20, 5.3057122248e-20, 7.531396113e-20, 1.00782412751e-19, 1.04726261277e-19, 2.00421429251e-19, 2.79043925423e-19, 4.68440807791e-19, 5.99589001442e-19, 8.80731768422e-19, 1.52388682176e-18, 9.36664480672e-19, 2.07585606932e-18, 2.39830306621e-18, 2.1704125327e-18, 3.00909281693e-18, 3.94292720253e-18, 4.59091898771e-18, 5.44492754907e-18, 6.2770286455e-18, 6.79968974657e-18, 9.7203490978e-18, 1.01458690029e-17, 8.76218112653e-18, 1.0105690359e-17, 1.00398170037e-17, 1.11035977412e-17, 9.5712150508e-18, 8.18160869718e-18, 5.96758079193e-18, 4.4399932675e-18, 2.33956145539e-18, 9.14421490603e-19, 2.34595401056e-19, 2.87650313181e-20], "max": [0.364627718925, 3.09147572517, 24.9462127686, 45.3224601746, 71.907875061, 114.998008728, 204.789047241, 240.367477417, 727.021362305, 512.272216797, 833.392272949, 740.119567871, 630.024597168, 910.94934082, 993.99621582, 1588.43688965, 893.719299316, 674.438781738, 1145.0078125, 1319.59680176, 1702.20605469, 924.029724121, 486.948822021, 594.595092773, 535.532714844, 248.687805176, 238.703704834, 510.053375244, 606.073303223, 189.554122925, 188.0103302, 176.939880371, 70.0061187744, 46.0769882202, 55.2509460449, 2.7970123291, 0.374561131001, 0.0866877436638, 0.00307858083397, 0.000524039845914], "dvar2": [0.00192547764163, 0.152899131179, 5.60112142563, 22.7165355682, 27.9590587616, 150.150863647, 280.300598145, 242.920120239, 855.325500488, 870.340148926, 3415.45751953, 2930.84423828, 1985.37670898, 4271.14648438, 7357.62158203, 6213.35449219, 4028.7644043, 3627.27539063, 6547.44726563, 6837.26464844, 5487.70410156, 4698.22363281, 2471.55126953, 606.642700195, 925.286437988, 516.972839355, 148.822570801, 460.704437256, 2977.74560547, 193.632095337, 260.241882324, 75.8218154907, 18.8487148285, 8.99196910858, 25.4338912964, 0.0578913390636, 0.00179026531987, 3.85357670893e-05, 3.76774629274e-08, 8.42152680924e-10], "median": [0.00704081170261, 0.21972027421, 1.46072530746, 3.18557596207, 2.16418814659, 2.06758356094, 3.00732755661, 3.28727054596, 4.18574905396, 6.63155412674, 10.7115516663, 13.2324762344, 14.4432296753, 12.9036979675, 11.9937000275, 13.947309494, 12.5309734344, 12.6049232483, 25.2111682892, 27.3623638153, 22.1349716187, 31.1881980896, 26.856590271, 14.2501049042, 14.2945728302, 9.00739860535, 3.71588468552, 2.74508595467, 3.49257659912, 1.85463857651, 1.56323361397, 0.58263528347, 0.386577636003, 0.328804582357, 0.191063567996, 0.0173954516649, 0.00181266199797, 0.000212365979678, 2.43733284151e-05, 2.94305391435e-05], "dmean2": [0.0218744464219, 0.314066410065, 1.82968473434, 3.61477422714, 3.19518637657, 6.1362528801, 8.14745998383, 7.2322678566, 9.72392177582, 14.7220830917, 27.1202144623, 23.8951511383, 21.6684818268, 30.8920078278, 31.3668670654, 27.4227695465, 27.6271362305, 29.6393737793, 44.2490692139, 42.9625740051, 35.999710083, 40.4541397095, 33.2749023438, 14.4468793869, 16.5476741791, 13.4906759262, 5.84814453125, 8.11481571198, 18.2589321136, 5.13185119629, 6.15785694122, 2.16319489479, 1.26910090446, 1.13291633129, 1.65367650986, 0.0895595550537, 0.0148468185216, 0.00182054541074, 5.50454533368e-05, 1.32805653266e-05], "dmean": [0.0151476785541, 0.185749664903, 1.08322429657, 2.11712670326, 1.88254189491, 3.6805627346, 5.15370082855, 4.64439868927, 6.11794471741, 9.20433712006, 17.1697998047, 15.0971107483, 13.6596221924, 19.7168502808, 20.0257034302, 17.384349823, 17.3347854614, 18.5733776093, 28.5269927979, 28.0582695007, 24.1187534332, 26.0967998505, 21.5869865417, 9.51874637604, 11.1417751312, 9.23370552063, 4.06094360352, 5.57663202286, 11.7238454819, 3.57546639442, 4.12862157822, 1.50844860077, 0.884608745575, 0.791547834873, 1.11095011234, 0.062298361212, 0.00997883826494, 0.00116958760191, 3.6888395698e-05, 9.09537448024e-06], "var": [0.00213042483665, 0.156836315989, 9.79050636292, 18.6730594635, 17.2698707581, 82.5230178833, 215.719360352, 216.755508423, 643.217590332, 650.965515137, 2845.35742188, 1760.25427246, 1740.7154541, 4150.71435547, 6611.98486328, 5973.26220703, 3478.76342773, 3886.17236328, 8105.95898438, 7258.00341797, 9969.04003906, 5438.49023438, 3503.78271484, 728.743286133, 1184.9831543, 907.765014648, 158.849945068, 326.652313232, 1438.2052002, 142.968780518, 171.665924072, 43.0693969727, 11.9114542007, 6.52837514877, 13.5280389786, 0.0338610708714, 0.000855243240949, 1.40236579682e-05, 1.49014773854e-08, 5.69858771282e-10], "dvar": [0.00109486980364, 0.0562737733126, 2.1850810051, 8.28782939911, 10.5788621902, 58.1096153259, 116.016456604, 106.003250122, 323.187713623, 369.942443848, 1442.15478516, 1185.81958008, 766.908996582, 1759.96435547, 2912.99414063, 2473.29760742, 1543.64416504, 1389.37353516, 2758.61621094, 3040.43530273, 2443.19702148, 1936.2722168, 1065.38293457, 260.629974365, 412.095611572, 250.484832764, 73.2534255981, 221.359909058, 1262.16918945, 93.7491760254, 116.81955719, 33.8516769409, 8.58848381042, 4.11883115768, 11.2111167908, 0.0258092489094, 0.000761957839131, 1.53825312736e-05, 1.51827777017e-08, 3.54239748646e-10], "mean": [0.023687845096, 0.369341135025, 2.67880535126, 4.29180812836, 3.29825901985, 5.20231866837, 8.46195220947, 8.13787460327, 11.1612195969, 15.0051231384, 27.4579792023, 25.1192531586, 27.5662021637, 36.5461082458, 37.2571258545, 33.6589355469, 31.8197536469, 37.3120956421, 58.8541526794, 55.7609672546, 56.1434783936, 57.7460403442, 49.8641929626, 23.22306633, 25.4691028595, 22.0010185242, 8.02590656281, 8.30812931061, 14.5880298615, 5.49174880981, 5.94394540787, 2.07428741455, 1.37637245655, 1.20887565613, 1.35394835472, 0.081961043179, 0.0113432155922, 0.00122299639042, 5.34190730832e-05, 3.13523851219e-05]}, "spectral_contrast_coeffs": {"min": [-0.980717122555, -0.980396866798, -0.980563342571, -0.970704674721, -0.967643678188, -0.964347600937], "max": [-0.332142233849, -0.359603106976, -0.446156680584, -0.499623954296, -0.532897233963, -0.593871414661], "dvar2": [0.0045842458494, 0.00376500468701, 0.00235416879877, 0.00181909475941, 0.000977298361249, 0.000704438076355], "median": [-0.620460450649, -0.745459020138, -0.757645368576, -0.748139560223, -0.747995734215, -0.752178430557], "dmean2": [0.0855587422848, 0.0749752745032, 0.0598125420511, 0.0522157661617, 0.0377975329757, 0.0301447696984], "dmean": [0.0507382415235, 0.0462002418935, 0.0369043573737, 0.0324522890151, 0.024766266346, 0.0191803555936], "var": [0.00774648133665, 0.00634440500289, 0.00518575543538, 0.00479616969824, 0.00448168348521, 0.00230952468701], "dvar": [0.00169736042153, 0.00146589241922, 0.000938046781812, 0.000752813240979, 0.000474305648822, 0.000304961868096], "mean": [-0.626545906067, -0.743400514126, -0.754157781601, -0.745194494724, -0.745643377304, -0.753499686718]}, "dissonance": {"min": 0.325225561857, "max": 0.499999940395, "dvar2": 0.000483037816593, "median": 0.477595448494, "dmean2": 0.0226096622646, "dmean": 0.0134273003787, "var": 0.000377301388653, "dvar": 0.000178428846993, "mean": 0.473205506802}, "spectral_energyband_high": {"min": 6.79899973577e-21, "max": 0.0235834382474, "dvar2": 4.23042683906e-06, "median": 0.000483108859044, "dmean2": 0.000903975276742, "dmean": 0.000652912654914, "var": 3.74563273908e-06, "dvar": 2.13769862967e-06, "mean": 0.00111810839735}, "gfcc": {"mean": [-29.1490020752, 89.315574646, -146.530899048, 37.9616699219, -55.4986000061, 16.9780006409, -41.3016891479, 13.3482627869, -22.2726516724, -4.69989824295, -18.5873718262, -8.15458965302, -9.61828517914], "icov": [[0.000147922663018, -0.000303833017824, 0.000395075359847, -0.000468246202217, 0.000506857410073, -0.000258507119725, 0.000215276581002, -0.000375508272555, 0.000436345144408, -0.000185348530067, 0.000391780515201, -0.000293269840768, 0.00022304423328], [-0.000303833017824, 0.00189921748824, -0.000565774098504, 0.00103428366128, -0.00169256853405, 0.000439151568571, -0.000236300154938, 0.000403155194363, -0.00124223623425, 0.00185772171244, -0.00125257531181, 0.00173826818354, 0.000112862770038], [0.000395075359847, -0.000565774098504, 0.00237205903977, -0.00147390249185, 0.000779761001468, -0.000899973383639, -3.61527531823e-06, -0.000906519766431, 0.000503431132529, -0.000679247430526, 0.00220619980246, -0.00192711199634, 0.00106769672129], [-0.000468246202217, 0.00103428366128, -0.00147390249185, 0.00562194082886, -0.00204036873765, 0.000160210358445, 0.00147678726353, -0.00057551835198, -0.00138935155701, 0.00186505354941, -0.00101363041904, 0.00150477327406, -0.00223013735376], [0.000506857410073, -0.00169256853405, 0.000779761001468, -0.00204036873765, 0.00756364967674, -0.000511390273459, -0.00207661511377, -0.000591969583184, -0.000659403274767, 3.77702999685e-05, -0.000653743394651, -0.000165800069226, -0.00146897207014], [-0.000258507119725, 0.000439151568571, -0.000899973383639, 0.000160210358445, -0.000511390273459, 0.00616719620302, -0.00258010975085, 0.000598935759626, 0.00219100737013, -0.00179813033901, 0.00123732793145, -0.00049315742217, 0.000792278384324], [0.000215276581002, -0.000236300154938, -3.61527531823e-06, 0.00147678726353, -0.00207661511377, -0.00258010975085, 0.00974328443408, -0.0018834049115, -0.000449185376056, 0.00209069834091, -0.00240707071498, 0.00194746966008, 0.00162934954278], [-0.000375508272555, 0.000403155194363, -0.000906519766431, -0.00057551835198, -0.000591969583184, 0.000598935759626, -0.0018834049115, 0.0105057135224, -0.00350629212335, -0.00133922707755, 0.00121302891057, 0.00112898543011, -0.00154053559527], [0.000436345144408, -0.00124223623425, 0.000503431132529, -0.00138935155701, -0.000659403274767, 0.00219100737013, -0.000449185376056, -0.00350629212335, 0.0153540475294, -0.0042382129468, 0.00224679359235, -0.000657275784761, 0.00065490428824], [-0.000185348530067, 0.00185772171244, -0.000679247430526, 0.00186505354941, 3.77702999685e-05, -0.00179813033901, 0.00209069834091, -0.00133922707755, -0.0042382129468, 0.0182416327298, -0.0047457437031, -0.00258269254118, 0.00389543059282], [0.000391780515201, -0.00125257531181, 0.00220619980246, -0.00101363041904, -0.000653743394651, 0.00123732793145, -0.00240707071498, 0.00121302891057, 0.00224679359235, -0.0047457437031, 0.0137329194695, -0.00252624624409, -0.00150675035547], [-0.000293269840768, 0.00173826818354, -0.00192711199634, 0.00150477327406, -0.000165800069226, -0.00049315742217, 0.00194746966008, 0.00112898543011, -0.000657275784761, -0.00258269254118, -0.00252624624409, 0.015898283571, -0.00426190625876], [0.00022304423328, 0.000112862770038, 0.00106769672129, -0.00223013735376, -0.00146897207014, 0.000792278384324, 0.00162934954278, -0.00154053559527, 0.00065490428824, 0.00389543059282, -0.00150675035547, -0.00426190625876, 0.015207647346]], "cov": [[37080.5195313, 1344.64404297, -3146.43359375, 1347.74401855, -1930.14929199, 611.047973633, -1285.99560547, 505.524536133, -727.727233887, -80.5052337646, -688.026000977, -56.7257766724, -196.667816162], [1344.64404297, 1355.421875, -324.777038574, -19.8920173645, 282.66796875, -104.816986084, 136.014770508, 22.6594200134, 54.0303382874, -151.730606079, 85.2796859741, -187.503326416, 3.03283143044], [-3146.43359375, -324.777038574, 1089.93273926, 35.4758033752, 53.1916847229, 96.3722000122, 54.1024131775, 26.3545475006, 59.0939369202, 52.0189552307, -88.9445495605, 91.3724746704, -24.8463249207], [1347.74401855, -19.8920173645, 35.4758033752, 338.966766357, -20.9100341797, 8.30996799469, -87.0992660522, 60.3994369507, -2.65582108498, -23.090007782, -44.8127670288, 6.48748826981, 44.0027580261], [-1930.14929199, 282.66796875, 53.1916847229, -20.9100341797, 372.641174316, -64.8258895874, 152.517333984, -3.8662917614, 73.0119934082, -46.2327766418, 88.6309585571, -53.0527458191, 44.6617507935], [611.047973633, -104.816986084, 96.3722000122, 8.30996799469, -64.8258895874, 252.952758789, 18.2571334839, 5.21590423584, -47.2705612183, 31.5622234344, -46.2386322021, 23.6700973511, -38.5959892273], [-1285.99560547, 136.014770508, 54.1024131775, -87.0992660522, 152.517333984, 18.2571334839, 215.256866455, -0.148199632764, 32.7504234314, -21.1141262054, 55.3472709656, -44.2014160156, -10.9215431213], [505.524536133, 22.6594200134, 26.3545475006, 60.3994369507, -3.8662917614, 5.21590423584, -0.148199632764, 131.305038452, 25.9800491333, 4.6923699379, -27.5441188812, -5.95828866959, 5.37685060501], [-727.727233887, 54.0303382874, 59.0939369202, -2.65582108498, 73.0119934082, -47.2705612183, 32.7504234314, 25.9800491333, 104.466270447, 7.52059221268, 11.6803102493, -9.34347724915, 6.48570775986], [-80.5052337646, -151.730606079, 52.0189552307, -23.090007782, -46.2327766418, 31.5622234344, -21.1141262054, 4.6923699379, 7.52059221268, 92.3414764404, 4.3030166626, 36.6056137085, -21.3961353302], [-688.026000977, 85.2796859741, -88.9445495605, -44.8127670288, 88.6309585571, -46.2386322021, 55.3472709656, -27.5441188812, 11.6803102493, 4.3030166626, 132.536193848, -5.95411539078, 21.2387561798], [-56.7257766724, -187.503326416, 91.3724746704, 6.48748826981, -53.0527458191, 23.6700973511, -44.2014160156, -5.95828866959, -9.34347724915, 36.6056137085, -5.95411539078, 107.495674133, 15.0955810547], [-196.667816162, 3.03283143044, -24.8463249207, 44.0027580261, 44.6617507935, -38.5959892273, -10.9215431213, 5.37685060501, 6.48570775986, -21.3961353302, 21.2387561798, 15.0955810547, 96.3912963867]]}, "spectral_flux": {"min": 6.3309697762e-11, "max": 0.216945275664, "dvar2": 0.000591802003328, "median": 0.0741178542376, "dmean2": 0.0257761161774, "dmean": 0.0172687955201, "var": 0.00138010655064, "dvar": 0.000280707405182, "mean": 0.0747267007828}, "silence_rate_30dB": {"min": 1, "max": 1, "dvar2": 0, "median": 1, "dmean2": 0, "dmean": 0, "var": 0, "dvar": 0, "mean": 1}, "spectral_energyband_middle_high": {"min": 1.22030375225e-21, "max": 0.0555785857141, "dvar2": 2.4117050998e-05, "median": 0.00654959306121, "dmean2": 0.00351254921407, "dmean": 0.00242560449988, "var": 6.05428904237e-05, "dvar": 1.07249670691e-05, "mean": 0.00886569265276}, "barkbands_spread": {"min": 2.75625920296, "max": 93.0934295654, "dvar2": 85.7020721436, "median": 27.6116218567, "dmean2": 8.54491043091, "dmean": 5.67278289795, "var": 158.271438599, "dvar": 42.6287574768, "mean": 28.8360748291}, "spectral_centroid": {"min": 275.274017334, "max": 12270.6484375, "dvar2": 172538.984375, "median": 1847.30883789, "dmean2": 368.421875, "dmean": 252.889938354, "var": 1874290.75, "dvar": 87745.828125, "mean": 1984.75024414}, "pitch_salience": {"min": 0.159815683961, "max": 0.82419270277, "dvar2": 0.00652618007734, "median": 0.565387964249, "dmean2": 0.0946543216705, "dmean": 0.0600819922984, "var": 0.0106613980606, "dvar": 0.00280742975883, "mean": 0.565665602684}, "erbbands_skewness": {"min": -3.08322286606, "max": 2.93450331688, "dvar2": 0.179618656635, "median": -0.1866620332, "dmean2": 0.471367001534, "dmean": 0.309645831585, "var": 0.489186763763, "dvar": 0.0786577612162, "mean": -0.260990321636}, "erbbands_crest": {"min": 2.52473497391, "max": 27.7407665253, "dvar2": 11.807516098, "median": 7.59736156464, "dmean2": 3.717856884, "dmean": 2.2829618454, "var": 12.8912944794, "dvar": 4.67466306686, "mean": 8.39023208618}, "melbands": {"min": [1.02851507329e-24, 1.68610696008e-24, 7.09633435142e-25, 1.65910859003e-24, 1.85287314152e-24, 1.78179795726e-24, 1.74495026437e-24, 7.93702391115e-25, 1.93582166849e-24, 1.75984987472e-24, 1.72454105225e-24, 1.74671257963e-24, 1.93191917359e-24, 1.70627024482e-24, 1.71956629816e-24, 2.88111704388e-24, 3.38455446574e-24, 3.49548803054e-24, 2.53451838339e-24, 2.57748349538e-24, 3.21574138747e-24, 4.09966752594e-24, 3.61643776225e-24, 4.73002458163e-24, 3.76649843351e-24, 3.16357066314e-24, 4.02112419549e-24, 3.34830157398e-24, 4.69807532054e-24, 5.23895188375e-24, 5.17907615775e-24, 4.71872691018e-24, 4.30785028542e-24, 5.46911151918e-24, 5.12476111227e-24, 5.18494646618e-24, 6.29907878288e-24, 6.44159281629e-24, 5.99807628272e-24, 5.828361142e-24], "max": [0.00333422771655, 0.00941016618162, 0.00628724927083, 0.00631576264277, 0.00561597989872, 0.00512342667207, 0.0101599367335, 0.00879346206784, 0.00554325059056, 0.00473809521645, 0.00319710746408, 0.00334710534662, 0.00410273764282, 0.00661498121917, 0.00286466674879, 0.00245972233824, 0.00157321977895, 0.00221893656999, 0.00175490533002, 0.0011662960751, 0.00207572081126, 0.00110980146565, 0.000670754001476, 0.00049796293024, 0.000536059844308, 0.000557336432394, 0.000280663050944, 0.000222445480176, 0.000157433954882, 0.000162101176102, 0.000322832667734, 0.000401801808039, 0.000173234890099, 9.95125592453e-05, 0.000130015294417, 0.000148458799231, 0.000100616955024, 5.44751273992e-05, 3.86421343137e-05, 4.03436060878e-05], "dvar2": [1.41901438155e-07, 8.6002256694e-07, 5.56322220291e-07, 3.32178615281e-07, 3.2767067637e-07, 1.18198016708e-07, 1.58372657211e-07, 1.78013678465e-07, 2.06939276381e-07, 1.02220099052e-07, 5.34738013869e-08, 7.21664363823e-08, 1.13134248636e-07, 1.36920675686e-07, 3.83879630306e-08, 1.86554345305e-08, 1.76155392495e-08, 2.22419700435e-08, 2.20865139511e-08, 6.86749812573e-09, 9.65225765981e-09, 6.01635985475e-09, 3.64695140753e-09, 2.37486341703e-09, 4.62632349096e-10, 6.5621735823e-10, 6.05170136225e-10, 2.54260307253e-10, 7.39255393012e-11, 8.35159996715e-11, 1.92920970865e-10, 1.44010836589e-09, 1.78875400603e-10, 5.12494456595e-11, 1.56456916867e-10, 4.00068311812e-11, 2.56745926602e-11, 1.13920305481e-11, 5.21643145346e-12, 7.43609254034e-12], "median": [0.000126103652292, 0.000661461148411, 0.000556022278033, 0.000148491730215, 0.000112649286166, 7.39400857128e-05, 5.88226721447e-05, 7.86711461842e-05, 8.98052239791e-05, 8.59870488057e-05, 6.94616755936e-05, 5.03401133756e-05, 3.79798329959e-05, 3.00509018416e-05, 3.20475010085e-05, 1.88938429346e-05, 2.13547937165e-05, 3.52357310476e-05, 3.91755093005e-05, 2.3051386961e-05, 2.47560819844e-05, 3.05853245663e-05, 2.73517471214e-05, 1.66906429513e-05, 8.69344694365e-06, 9.522849723e-06, 8.2329434008e-06, 5.13283430337e-06, 2.18890545511e-06, 1.18671846394e-06, 1.46883871821e-06, 2.09450854527e-06, 1.12893530968e-06, 8.81597202351e-07, 1.04747505247e-06, 3.96578400341e-07, 2.80095548533e-07, 2.57122223957e-07, 2.32563309055e-07, 2.35672388271e-07], "dmean2": [0.00024609133834, 0.000743071374018, 0.000569442287087, 0.000300145911751, 0.000291868374916, 0.000163643970154, 0.000141100972542, 0.000204278781894, 0.000215225634747, 0.00015127142251, 0.000112578833068, 0.000131237437017, 0.000111185734568, 0.000101547469967, 7.84363364801e-05, 5.4375948821e-05, 6.2943508965e-05, 8.00216657808e-05, 7.67447199905e-05, 4.29046922363e-05, 4.69129954581e-05, 4.46935518994e-05, 3.690968515e-05, 3.04517488985e-05, 1.21613702504e-05, 1.21274279081e-05, 1.35944637805e-05, 9.13365965971e-06, 4.27951908932e-06, 3.76973707716e-06, 5.02295551996e-06, 1.26245649881e-05, 4.7058151722e-06, 2.57770784629e-06, 4.83833946419e-06, 1.58605610068e-06, 1.24921018596e-06, 9.86063923847e-07, 7.26507892068e-07, 1.00862098407e-06], "dmean": [0.000157878996106, 0.000437906419393, 0.000334499258315, 0.000178308328032, 0.000183991898666, 0.000104810882476, 8.88584108907e-05, 0.000127321167383, 0.000136453134473, 9.56526928348e-05, 7.08787702024e-05, 8.3535691374e-05, 7.12715045665e-05, 6.39797290205e-05, 4.90382553835e-05, 3.43326573784e-05, 3.94937924284e-05, 5.13216618856e-05, 4.93233710586e-05, 2.81943121081e-05, 3.16335972457e-05, 2.87750390271e-05, 2.37022941292e-05, 1.94491822185e-05, 7.80272694101e-06, 8.03784405434e-06, 9.18202749745e-06, 6.13525662629e-06, 2.88451951747e-06, 2.52923359767e-06, 3.39257121595e-06, 8.05027138995e-06, 3.08562493956e-06, 1.75528748514e-06, 3.17510489367e-06, 1.08147264655e-06, 8.57298459778e-07, 6.74834097936e-07, 5.01926194829e-07, 6.89734122261e-07], "var": [1.5299183076e-07, 1.38589064136e-06, 4.46778443575e-07, 1.8356865894e-07, 2.65117023446e-07, 1.08683728683e-07, 1.24653880107e-07, 1.38975210007e-07, 1.69165758734e-07, 6.59030447991e-08, 4.79466351067e-08, 6.94816648661e-08, 1.01482768855e-07, 1.19751348393e-07, 3.08702325924e-08, 1.40700429085e-08, 1.89640836368e-08, 2.61200092666e-08, 2.33016201889e-08, 7.79315190158e-09, 1.67118532346e-08, 6.04722893982e-09, 4.07691214122e-09, 2.92145085901e-09, 4.37641312079e-10, 6.13238404501e-10, 8.82832307258e-10, 3.9871059232e-10, 7.85550791083e-11, 6.20255721784e-11, 1.24110388633e-10, 6.92533641544e-10, 9.92483109585e-11, 3.38286447465e-11, 9.84999443121e-11, 2.25561947592e-11, 1.43740514283e-11, 6.89123150904e-12, 3.53317787354e-12, 5.09745934699e-12], "dvar": [7.15687633601e-08, 3.23443686057e-07, 2.02888955414e-07, 1.27783948756e-07, 1.34239101612e-07, 5.19248359865e-08, 6.10807049384e-08, 7.57276197305e-08, 8.59634425865e-08, 4.17582981527e-08, 2.05622399108e-08, 2.97155615669e-08, 4.59110935935e-08, 5.34165529587e-08, 1.46222358666e-08, 7.07996461458e-09, 6.78870204496e-09, 9.37419475378e-09, 9.23319909418e-09, 3.06486902524e-09, 4.33127222976e-09, 2.49217957382e-09, 1.56358748171e-09, 1.00364005995e-09, 1.94261787212e-10, 2.75706679709e-10, 2.73155137398e-10, 1.18975024277e-10, 3.43217294863e-11, 4.00145888646e-11, 8.95603452511e-11, 6.08907368971e-10, 7.84973613888e-11, 2.38481283332e-11, 6.84372628013e-11, 1.79939691619e-11, 1.14592849099e-11, 5.17338732617e-12, 2.3097834409e-12, 3.33048107322e-12], "mean": [0.000271694123512, 0.00108085910324, 0.000718858325854, 0.000276972539723, 0.000303316599457, 0.00018652252038, 0.000159332019393, 0.000202161900233, 0.00022117496701, 0.000160029885592, 0.000139877578476, 0.000150253879838, 0.000129493550048, 0.000110982902697, 8.47026603878e-05, 5.81037711527e-05, 7.26865691831e-05, 9.75599978119e-05, 9.15375567274e-05, 5.40366709174e-05, 6.82861136738e-05, 5.82479260629e-05, 4.97908658872e-05, 4.00647222705e-05, 1.5684081518e-05, 1.68340611708e-05, 1.95899465325e-05, 1.35924638016e-05, 5.42618317922e-06, 3.7001700548e-06, 4.82720588479e-06, 9.74570593826e-06, 4.09722815675e-06, 2.62995035882e-06, 4.41887959823e-06, 1.44208365782e-06, 1.12653754059e-06, 9.78124262474e-07, 8.39469748826e-07, 1.00418924376e-06]}, "barkbands_skewness": {"min": -2.44325733185, "max": 4.8271021843, "dvar2": 0.264004260302, "median": 0.447132259607, "dmean2": 0.534122943878, "dmean": 0.358050912619, "var": 0.81081867218, "dvar": 0.123669981956, "mean": 0.531032502651}, "spectral_entropy": {"min": 5.65946817398, "max": 9.82113456726, "dvar2": 0.0400600880384, "median": 7.59440612793, "dmean2": 0.197726771235, "dmean": 0.146367326379, "var": 0.227673485875, "dvar": 0.0226155295968, "mean": 7.63873243332}, "spectral_rolloff": {"min": 129.19921875, "max": 19530.6152344, "dvar2": 1559779.375, "median": 2153.3203125, "dmean2": 860.995605469, "dmean": 548.783569336, "var": 6579701.5, "dvar": 780560.5, "mean": 2577.1171875}, "barkbands": {"min": [1.37319791111e-25, 3.22147364523e-24, 1.48936593779e-24, 1.20908937741e-24, 5.7039778932e-24, 7.98691689822e-24, 7.51473315935e-24, 4.01107095211e-24, 1.2809642497e-23, 1.80170829374e-23, 1.45336341076e-23, 2.63529603457e-23, 1.71678694398e-23, 3.71236995364e-23, 3.18494575656e-23, 4.64631752546e-23, 5.71707629744e-23, 9.14388491428e-23, 1.19030098651e-22, 1.39204642011e-22, 2.34291461659e-22, 2.57785531708e-22, 3.74935869485e-22, 5.50752947125e-22, 8.50572698665e-22, 1.33420042376e-21, 2.01258071549e-21], "max": [0.000502738519572, 0.0131257940084, 0.0232673045248, 0.015287861228, 0.0272906310856, 0.0343657769263, 0.0426378175616, 0.0562871843576, 0.0287789870054, 0.0193196199834, 0.036063708365, 0.0442725792527, 0.0227969028056, 0.0175444446504, 0.0217099897563, 0.0246024597436, 0.0161276981235, 0.00754588330165, 0.0146602289751, 0.00521228741854, 0.00791530124843, 0.0122260553762, 0.00687523419037, 0.00589075218886, 0.00461916532367, 0.000271597557003, 2.30888254009e-05], "dvar2": [2.49434295441e-09, 2.22745734391e-06, 6.28478028375e-06, 3.53900850314e-06, 8.13484894024e-06, 3.64977267964e-06, 3.17808644468e-06, 8.35580613057e-06, 5.11723737873e-06, 2.89393051389e-06, 6.58043791191e-06, 6.69051814839e-06, 2.85088685814e-06, 2.49616755355e-06, 3.29652743858e-06, 1.52699999489e-06, 1.63327172231e-06, 7.15319288247e-07, 3.27736415784e-07, 2.52159537695e-07, 1.53034179107e-07, 1.14201156975e-06, 2.40116804662e-07, 1.02349751785e-07, 2.12719186266e-07, 5.59369328634e-10, 1.63696411027e-12], "median": [2.43247013714e-05, 0.00068748468766, 0.00156250421423, 0.00093773577828, 0.000601214240305, 0.000390925328247, 0.000264695263468, 0.000409332598792, 0.000677404343151, 0.000333937408868, 0.000220429705223, 0.000279316853266, 0.000279422965832, 0.000254951650277, 0.000553421268705, 0.000306970294332, 0.000523011549376, 0.000347344845068, 0.000261749431957, 0.000186384597328, 5.93924341956e-05, 8.38532214402e-05, 5.58237807127e-05, 2.40144854615e-05, 3.10820978484e-05, 1.2390773918e-06, 2.08793391465e-08], "dmean2": [3.07055124722e-05, 0.00113864743616, 0.00190783967264, 0.0013501055073, 0.0015357787488, 0.000889401650056, 0.000679321819916, 0.00132719520479, 0.00111453142017, 0.00083178083878, 0.000793917803094, 0.000803989532869, 0.000746823905502, 0.000781092967372, 0.00100251415279, 0.000627940520644, 0.000762741547078, 0.000563521985896, 0.000288755487418, 0.00029967163573, 0.000155825066031, 0.000374530267436, 0.000185410026461, 8.53470264701e-05, 0.000162656404427, 8.62414071889e-06, 2.70156277793e-07], "dmean": [1.95444354176e-05, 0.000699464580975, 0.0011298317695, 0.000786794698797, 0.0009328770102, 0.000572516815737, 0.000427517399658, 0.000833561993204, 0.000706230755895, 0.000521313399076, 0.000509047764353, 0.000507727265358, 0.000466718833195, 0.00049269059673, 0.000648693065159, 0.000408078136388, 0.000493452651426, 0.000360849837307, 0.000193878484424, 0.000204066323931, 0.000106856561615, 0.000246212090133, 0.000125526712509, 5.97196740273e-05, 0.000111169953016, 5.69390431338e-06, 1.58467855726e-07], "var": [2.17007234404e-09, 2.29551051234e-06, 8.6999616542e-06, 2.70199871011e-06, 5.40199607713e-06, 3.25501241605e-06, 2.43250633503e-06, 6.77635534885e-06, 3.50538971361e-06, 2.775788289e-06, 6.18690592091e-06, 5.95238088863e-06, 2.26053043662e-06, 2.75246043202e-06, 3.63707840734e-06, 2.54311976278e-06, 1.78450090971e-06, 8.92282571385e-07, 3.53372769268e-07, 4.2938646061e-07, 1.19221851946e-07, 6.26979328899e-07, 1.63915132134e-07, 6.15948891891e-08, 1.26369599229e-07, 2.65106048225e-10, 4.5025279078e-13], "dvar": [1.16336307254e-09, 9.34358865834e-07, 2.39844030148e-06, 1.26202610318e-06, 3.17080161949e-06, 1.60695435625e-06, 1.25474286961e-06, 3.55167821908e-06, 2.08888400266e-06, 1.1454972082e-06, 2.70495365839e-06, 2.63358106167e-06, 1.08376275421e-06, 9.79452011052e-07, 1.39348730954e-06, 6.60305374822e-07, 6.96267420608e-07, 3.04385451955e-07, 1.42829222227e-07, 1.19706513146e-07, 7.44546113651e-08, 5.02974387473e-07, 1.10288354449e-07, 4.64831941827e-08, 9.57673336188e-08, 2.36113267826e-10, 6.13460942201e-13], "mean": [3.90469467675e-05, 0.00127319083549, 0.00259928149171, 0.00144168827683, 0.00142540270463, 0.000995357637294, 0.000721721502487, 0.00127277430147, 0.00122068601195, 0.000930385314859, 0.000898321857676, 0.000881020270754, 0.000785916752648, 0.000901580380742, 0.00122742133681, 0.000871763681062, 0.00100985972676, 0.000758714159019, 0.000436556583736, 0.000470303668408, 0.000167392834555, 0.00032283179462, 0.000187165627722, 8.65980691742e-05, 0.000148684048327, 6.53874394629e-06, 1.41640711604e-07]}, "melbands_flatness_db": {"min": 0.0030867503956, "max": 0.373681724072, "dvar2": 0.000841226021294, "median": 0.146306246519, "dmean2": 0.0302483830601, "dmean": 0.0214428622276, "var": 0.00354831619188, "dvar": 0.000455313187558, "mean": 0.153276383877}, "melbands_skewness": {"min": -1.47673904896, "max": 8.10365867615, "dvar2": 0.430236309767, "median": 1.33210635185, "dmean2": 0.673149108887, "dmean": 0.446995317936, "var": 1.2901995182, "dvar": 0.196028158069, "mean": 1.51281046867}, "silence_rate_60dB": {"min": 0, "max": 1, "dvar2": 0.0124239120632, "median": 0, "dmean2": 0.0111003862694, "dmean": 0.00554952351376, "var": 0.0739855840802, "dvar": 0.00551845366135, "mean": 0.0804583802819}, "spectral_energyband_low": {"min": 1.28807259643e-23, "max": 0.0292580015957, "dvar2": 1.1560204257e-05, "median": 0.00395191367716, "dmean2": 0.00296097574756, "dmean": 0.00176878343336, "var": 1.67771104316e-05, "dvar": 4.41427846454e-06, "mean": 0.00481236679479}, "spectral_energyband_middle_low": {"min": 1.52431453876e-22, "max": 0.0571137592196, "dvar2": 2.92911281576e-05, "median": 0.00589264929295, "dmean2": 0.0041666245088, "dmean": 0.00265017827041, "var": 3.21188053931e-05, "dvar": 1.21701386888e-05, "mean": 0.00727446842939}, "melbands_kurtosis": {"min": -1.76092815399, "max": 82.3901519775, "dvar2": 30.6843166351, "median": 1.53301298618, "dmean2": 3.51648974419, "dmean": 2.27938556671, "var": 42.214389801, "dvar": 13.589805603, "mean": 3.68580889702}, "spectral_decrease": {"min": -1.53101957778e-08, "max": 2.13985453889e-28, "dvar2": 3.37191222477e-18, "median": -5.00321117869e-09, "dmean2": 1.71726077802e-09, "dmean": 1.09883024901e-09, "var": 7.00692620057e-18, "dvar": 1.46036720893e-18, "mean": -4.9364996535e-09}, "erbbands_kurtosis": {"min": -1.61410880089, "max": 19.3093395233, "dvar2": 2.2328813076, "median": 0.103560715914, "dmean2": 1.22138607502, "dmean": 0.77775400877, "var": 3.00325655937, "dvar": 0.96364480257, "mean": 0.583913803101}, "melbands_crest": {"min": 1.56682038307, "max": 30.793050766, "dvar2": 16.9093780518, "median": 11.3141698837, "dmean2": 4.73117113113, "dmean": 2.94091248512, "var": 30.6700954437, "dvar": 7.13481330872, "mean": 12.4262924194}, "mfcc": {"mean": [-643.522888184, 109.313079834, -24.8523788452, 19.8571720123, 6.12815332413, 1.75931620598, -2.96303415298, 8.10795497894, 2.64867115021, 2.28057336807, 0.344367533922, -6.18027114868, -0.284501552582], "icov": [[8.86098496267e-05, -5.03480878251e-05, 2.33576902247e-05, -0.000143182405736, 0.000146006903378, -4.11374858231e-05, 0.000148537757923, -0.000116627430543, 9.39128824484e-07, 9.45252540987e-05, 3.63185718015e-05, 0.000195321350475, 8.95418124855e-05], [-5.03480878251e-05, 0.000901638588402, 0.000379562960006, -0.000168986909557, -0.000396380957682, 1.13842670544e-05, -0.000302523869323, -0.000847874965984, 2.93660268653e-05, -0.000297645310638, -0.000339021062246, -0.000192809951841, 0.000112955756777], [2.33576902247e-05, 0.000379562960006, 0.00219579646364, -0.000292982440442, 0.000241810077569, -0.0012749216985, 0.000745106372051, -0.000750308157876, -0.000940431840718, 0.00100256083533, -0.000278721563518, -0.000490454840474, 2.13805069507e-05], [-0.000143182405736, -0.000168986909557, -0.000292982440442, 0.00572764361277, -0.00312244403176, 0.0014181714505, 0.000409836618928, -0.000683305901475, -0.000398772681365, -0.000665850937366, 0.00160619593225, -0.000556036480702, -0.00123668753076], [0.000146006903378, -0.000396380957682, 0.000241810077569, -0.00312244403176, 0.00883391033858, -0.00118323869538, -0.000223384107812, 0.000973105954472, -0.00113146938384, -0.000532196136191, 0.00148293713573, 0.000268002331723, -0.00107893173117], [-4.11374858231e-05, 1.13842670544e-05, -0.0012749216985, 0.0014181714505, -0.00118323869538, 0.007615479175, -0.00211011036299, -0.00138549122494, 0.000360706355423, 0.00147364859004, -0.00176681554876, 0.000615293101873, 0.00119863264263], [0.000148537757923, -0.000302523869323, 0.000745106372051, 0.000409836618928, -0.000223384107812, -0.00211011036299, 0.00893123913556, -0.00323370005935, 0.00172582466621, -0.00334948371165, 0.00153830857016, 0.000128039391711, 0.000493381929118], [-0.000116627430543, -0.000847874965984, -0.000750308157876, -0.000683305901475, 0.000973105954472, -0.00138549122494, -0.00323370005935, 0.0151912616566, -0.00421441951767, -0.000869123323355, 0.000303622422507, 0.000889751245268, -0.00386258563958], [9.39128824484e-07, 2.93660268653e-05, -0.000940431840718, -0.000398772681365, -0.00113146938384, 0.000360706355423, 0.00172582466621, -0.00421441951767, 0.0110168550164, -0.00295978877693, 0.00203554145992, -0.0002709813416, -0.000319813058013], [9.45252540987e-05, -0.000297645310638, 0.00100256083533, -0.000665850937366, -0.000532196136191, 0.00147364859004, -0.00334948371165, -0.000869123323355, -0.00295978877693, 0.0154401566833, -0.00500976340845, 5.02756265632e-05, 0.00251689669676], [3.63185718015e-05, -0.000339021062246, -0.000278721563518, 0.00160619593225, 0.00148293713573, -0.00176681554876, 0.00153830857016, 0.000303622422507, 0.00203554145992, -0.00500976340845, 0.0131682017818, -0.00100123917218, -0.00191810692195], [0.000195321350475, -0.000192809951841, -0.000490454840474, -0.000556036480702, 0.000268002331723, 0.000615293101873, 0.000128039391711, 0.000889751245268, -0.0002709813416, 5.02756265632e-05, -0.00100123917218, 0.0147743849084, -0.00389976985753], [8.95418124855e-05, 0.000112955756777, 2.13805069507e-05, -0.00123668753076, -0.00107893173117, 0.00119863264263, 0.000493381929118, -0.00386258563958, -0.000319813058013, 0.00251689669676, -0.00191810692195, -0.00389976985753, 0.0152974333614]], "cov": [[13524.5576172, 800.95715332, -133.76675415, 348.931304932, -66.6275787354, -40.3909835815, -187.90725708, 126.191390991, 59.8772163391, -87.7786407471, -107.262496948, -185.878448486, -65.4351272583], [800.95715332, 1553.45983887, -313.558563232, 133.073608398, 109.110748291, -20.7433605194, 128.221405029, 121.814865112, 36.7770347595, 101.458061218, 17.5839347839, 0.855717599392, 17.4797515869], [-133.76675415, -313.558563232, 659.013061523, -2.47527694702, -17.0840625763, 98.9465789795, -67.286819458, 25.1033935547, 56.0581054688, -63.5268211365, 0.483402013779, 20.8909568787, 18.5383682251], [348.931304932, 133.073608398, -2.47527694702, 297.23336792, 113.770027161, -57.6765060425, -13.9719839096, 32.8246650696, 51.7547149658, 8.42091178894, -51.5003967285, 14.4943132401, 39.2239303589], [-66.6275787354, 109.110748291, -17.0840625763, 113.770027161, 170.034301758, -6.79941272736, 11.349237442, 16.6716785431, 34.1509628296, 11.6010313034, -30.2150974274, 6.41641283035, 21.8269462585], [-40.3909835815, -20.7433605194, 98.9465789795, -57.6765060425, -6.79941272736, 182.488327026, 39.7635421753, 21.0163879395, -5.64918470383, -7.99209976196, 23.9646167755, -9.70927429199, -13.4392337799], [-187.90725708, 128.221405029, -67.286819458, -13.9719839096, 11.349237442, 39.7635421753, 167.071975708, 39.1702537537, -7.29799032211, 43.475315094, 3.90442276001, -6.15703248978, -7.08129119873], [126.191390991, 121.814865112, 25.1033935547, 32.8246650696, 16.6716785431, 21.0163879395, 39.1702537537, 104.728172302, 44.0549354553, 17.8810558319, -3.25049567223, 0.892958164215, 23.4890670776], [59.8772163391, 36.7770347595, 56.0581054688, 51.7547149658, 34.1509628296, -5.64918470383, -7.29799032211, 44.0549354553, 127.813339233, 16.9794788361, -19.5420837402, 5.87185239792, 16.6191616058], [-87.7786407471, 101.458061218, -63.5268211365, 8.42091178894, 11.6010313034, -7.99209976196, 43.475315094, 17.8810558319, 16.9794788361, 96.0478820801, 25.383398056, -0.887068986893, -7.39982223511], [-107.262496948, 17.5839347839, 0.483402013779, -51.5003967285, -30.2150974274, 23.9646167755, 3.90442276001, -3.25049567223, -19.5420837402, 25.383398056, 102.555046082, 6.27293157578, 1.25177049637], [-185.878448486, 0.855717599392, 20.8909568787, 14.4943132401, 6.41641283035, -9.70927429199, -6.15703248978, 0.892958164215, 5.87185239792, -0.887068986893, 6.27293157578, 78.8170394897, 25.0096950531], [-65.4351272583, 17.4797515869, 18.5383682251, 39.2239303589, 21.8269462585, -13.4392337799, -7.08129119873, 23.4890670776, 16.6191616058, -7.39982223511, 1.25177049637, 25.0096950531, 85.6189117432]]}, "spectral_energy": {"min": 9.90026302653e-21, "max": 0.061329908669, "dvar2": 5.87339636695e-05, "median": 0.0212749801576, "dmean2": 0.00712643284351, "dmean": 0.00466099474579, "var": 0.000130206288304, "dvar": 2.63142192125e-05, "mean": 0.0210803579539}, "melbands_spread": {"min": 2.7307536602, "max": 185.891921997, "dvar2": 238.948928833, "median": 37.2537536621, "dmean2": 13.5520448685, "dmean": 9.00909614563, "var": 569.54119873, "dvar": 117.103477478, "mean": 40.9114341736}, "erbbands_flatness_db": {"min": 0.0669814199209, "max": 0.442595899105, "dvar2": 0.000417603761889, "median": 0.173842668533, "dmean2": 0.0220350492746, "dmean": 0.0153960045427, "var": 0.00205621635541, "dvar": 0.000210466081626, "mean": 0.17495380342}, "spectral_contrast_valleys": {"min": [-28.2602710724, -28.2352237701, -27.8386764526, -27.625919342, -27.5284385681, -27.4635295868], "max": [-5.84650659561, -4.80071735382, -5.36438465118, -5.46561098099, -5.55871963501, -7.47018432617], "dvar2": [0.384291470051, 0.288717478514, 0.199105903506, 0.181538820267, 0.183839097619, 0.250567227602], "median": [-7.62961673737, -6.75750732422, -7.10402488708, -7.39877748489, -7.33833694458, -10.1380138397], "dmean2": [0.733730554581, 0.595009386539, 0.476167082787, 0.430292397738, 0.379525512457, 0.438790082932], "dmean": [0.43980807066, 0.363521069288, 0.301590412855, 0.280626028776, 0.276050329208, 0.347672134638], "var": [8.48311328888, 8.8747177124, 8.46288967133, 8.22027778625, 8.40537834167, 6.99503707886], "dvar": [0.154852449894, 0.126889303327, 0.0975019782782, 0.0958778038621, 0.101716153324, 0.152828067541], "mean": [-8.19081497192, -7.30603218079, -7.65284967422, -7.90970468521, -7.88887548447, -10.6394691467]}, "barkbands_flatness_db": {"min": 0.013497794047, "max": 0.347739547491, "dvar2": 0.000504240277223, "median": 0.109720043838, "dmean2": 0.0241018310189, "dmean": 0.0162436142564, "var": 0.00173707248177, "dvar": 0.000248065305641, "mean": 0.11570289731}, "zerocrossingrate": {"min": 0.0068359375, "max": 0.52783203125, "dvar2": 0.000273025420029, "median": 0.07373046875, "dmean2": 0.0133605133742, "dmean": 0.0118908770382, "var": 0.00472358101979, "dvar": 0.000218020853936, "mean": 0.0863499194384}, "spectral_skewness": {"min": -0.123240225017, "max": 3.59562683105, "dvar2": 0.118078991771, "median": 1.44606685638, "dmean2": 0.342698872089, "dm