{"lowlevel": {"spectral_complexity": {"min": 0, "max": 56, "dvar2": 32.3772315979, "median": 23, "dmean2": 5.76805925369, "dmean": 4.02021932602, "var": 100.518157959, "dvar": 18.324672699, "mean": 22.6776275635}, "silence_rate_20dB": {"min": 1, "max": 1, "dvar2": 0, "median": 1, "dmean2": 0, "dmean": 0, "var": 0, "dvar": 0, "mean": 1}, "average_loudness": 0.956772744656, "erbbands_spread": {"min": 4.04307556152, "max": 130.991104126, "dvar2": 102.569908142, "median": 29.9992713928, "dmean2": 9.78844165802, "dmean": 6.41307926178, "var": 227.21105957, "dvar": 46.2556915283, "mean": 32.1760902405}, "spectral_kurtosis": {"min": -1.24590718746, "max": 52.5448722839, "dvar2": 17.2846279144, "median": 3.6916821003, "dmean2": 2.92760276794, "dmean": 1.73159348965, "var": 10.9671287537, "dvar": 5.81882047653, "mean": 4.31592512131}, "barkbands_kurtosis": {"min": -1.89786922932, "max": 330.43850708, "dvar2": 67.7397232056, "median": -0.590610444546, "dmean2": 2.07489061356, "dmean": 1.30151689053, "var": 28.9968624115, "dvar": 26.8604164124, "mean": 0.671920895576}, "spectral_strongpeak": {"min": 0, "max": 12.8020782471, "dvar2": 4.39379119873, "median": 0.419640481472, "dmean2": 1.22527134418, "dmean": 0.697582840919, "var": 2.6419043541, "dvar": 1.69926512241, "mean": 1.11422836781}, "spectral_spread": {"min": 1039678.8125, "max": 47478048, "dvar2": 2074046234620.0, "median": 3653430.25, "dmean2": 696514.75, "dmean": 498145.75, "var": 15622524108800.0, "dvar": 1169073897470.0, "mean": 4259493.5}, "spectral_rms": {"min": 3.12206900957e-12, "max": 0.00694450270385, "dvar2": 4.85264251893e-07, "median": 0.00457707699388, "dmean2": 0.000743036856875, "dmean": 0.000476291432278, "var": 1.86104557542e-06, "dvar": 2.04953082061e-07, "mean": 0.00426043476909}, "dynamic_complexity": 2.8802781105, "erbbands": {"min": [4.26057527131e-23, 3.57356716368e-22, 7.43847113574e-22, 3.90747156283e-21, 1.15599653827e-20, 3.31679069236e-20, 3.37906123661e-20, 5.7270366698e-20, 1.11959193177e-19, 1.59436439356e-19, 3.38191552671e-19, 3.48535678876e-19, 6.57943595128e-19, 6.43969981341e-19, 7.8480337429e-19, 1.02949875402e-18, 1.10725859129e-18, 2.21543721422e-18, 2.23390733011e-18, 3.27160230663e-18, 2.69079723273e-18, 3.44587912874e-18, 4.31109826214e-18, 6.49576249641e-18, 6.94967951191e-18, 5.8398963654e-18, 9.87981793937e-18, 9.36950292253e-18, 9.43030235191e-18, 1.0330767858e-17, 1.11751488642e-17, 1.06643623544e-17, 9.78541677915e-18, 8.08617686991e-18, 6.11188824005e-18, 3.73864130178e-18, 2.31034522936e-18, 9.24170537905e-19, 2.52092752554e-19, 2.81609794446e-20], "max": [0.755811274052, 5.70924425125, 35.3056793213, 76.4393997192, 40.7808914185, 67.9289321899, 132.594192505, 116.828460693, 321.464996338, 320.931182861, 564.695922852, 362.506378174, 425.840759277, 811.262512207, 640.785949707, 1094.29492188, 855.353027344, 462.888946533, 1301.7824707, 1159.96069336, 1460.41662598, 773.557922363, 567.58996582, 687.988586426, 577.594726563, 381.187103271, 371.307861328, 481.711212158, 702.529663086, 231.311233521, 201.104064941, 147.41784668, 112.476280212, 40.4228363037, 52.0118331909, 2.21723103523, 0.430559337139, 0.0653757303953, 0.00213823583908, 0.000166161276866], "dvar2": [0.00691229011863, 0.599294006824, 14.9461278915, 36.4284820557, 13.8638296127, 43.4756851196, 84.4422683716, 71.8528366089, 189.865219116, 390.052825928, 1379.30664063, 1094.01037598, 878.654296875, 2158.56738281, 3538.24169922, 2902.375, 2117.25488281, 2007.0168457, 5509.76660156, 5187.74804688, 5549.03173828, 4477.69873047, 3229.93212891, 969.121276855, 1691.4284668, 966.911804199, 289.588897705, 670.176574707, 4802.73193359, 267.131195068, 275.062988281, 74.762588501, 27.519487381, 9.06018447876, 21.9038524628, 0.0464471280575, 0.00138521625195, 2.50428383879e-05, 1.66579887662e-08, 2.45502174145e-10], "median": [0.0112511850893, 0.367020815611, 2.07426071167, 4.05000972748, 1.83357024193, 1.02445530891, 1.58253610134, 1.8305106163, 2.44164729118, 4.19816827774, 6.80965185165, 8.72950744629, 10.03038311, 9.31832790375, 8.76533889771, 10.6306858063, 10.0468568802, 11.1265068054, 23.4860916138, 27.1522579193, 23.2691574097, 34.9298820496, 31.7334365845, 18.1191635132, 19.1534080505, 13.1784820557, 5.09239196777, 3.71480607986, 4.68429994583, 2.32238984108, 1.87754416466, 0.685529410839, 0.42475861311, 0.346113681793, 0.192218124866, 0.0180090609938, 0.0014608851634, 9.61915284279e-05, 2.12211962207e-05, 2.93967605103e-05], "dmean2": [0.0413303524256, 0.586276590824, 2.81989717484, 4.51493263245, 2.41996836662, 3.22807765007, 4.46294212341, 4.04900455475, 5.72194814682, 9.22477817535, 17.0508556366, 15.600564003, 14.3121013641, 21.2194652557, 21.8306846619, 20.0238361359, 20.8592777252, 23.5732707977, 39.3633384705, 39.6662788391, 36.6339378357, 43.0693359375, 38.0360145569, 17.9551506042, 22.119020462, 18.3185749054, 8.11188793182, 10.7273960114, 23.5270862579, 6.27869129181, 7.04474163055, 2.34160661697, 1.39690816402, 1.13748717308, 1.57050192356, 0.0846283733845, 0.0132860932499, 0.00145509489812, 4.23626006523e-05, 1.18735461001e-05], "dmean": [0.0292338412255, 0.348623037338, 1.66217315197, 2.66921925545, 1.43592119217, 1.967243433, 2.81658411026, 2.59823179245, 3.56478333473, 5.7230091095, 10.6291065216, 9.83920001984, 9.08155155182, 13.7122764587, 13.9996595383, 12.9269208908, 13.3322134018, 14.9340114594, 24.8985462189, 25.6780986786, 24.4052219391, 27.635717392, 24.8897705078, 11.7229118347, 14.5985622406, 12.4911460876, 5.61652565002, 7.41163301468, 15.3319807053, 4.42095088959, 4.76695966721, 1.66461551189, 0.97880923748, 0.803515553474, 1.05740499496, 0.060746666044, 0.00927116442472, 0.000967782689258, 2.95038353215e-05, 8.1675398178e-06], "var": [0.00788416527212, 0.494106203318, 22.3955745697, 32.1826629639, 10.6808929443, 26.1370601654, 65.4371261597, 66.8190841675, 213.288543701, 263.977508545, 1079.86071777, 707.002929688, 771.05657959, 1913.05163574, 2895.74536133, 3216.26831055, 1996.73815918, 2433.85058594, 5881.01220703, 5463.55615234, 9103.19824219, 5693.20703125, 4374.82226563, 1021.62713623, 1848.86682129, 1567.08032227, 311.22668457, 562.895751953, 2403.34277344, 221.686767578, 223.390640259, 50.3324623108, 14.3780508041, 6.44016933441, 12.4853601456, 0.0335189662874, 0.000790660909843, 1.07727255454e-05, 9.12926623187e-09, 3.4835484497e-10], "dvar": [0.00405355077237, 0.223072424531, 5.46696710587, 13.2383871078, 4.99554634094, 17.0765991211, 34.7871627808, 31.6224822998, 79.5041732788, 161.71270752, 567.688049316, 454.260986328, 342.349578857, 885.965148926, 1342.62866211, 1193.72924805, 843.838012695, 805.624145508, 2243.6628418, 2237.71044922, 2389.57128906, 1904.78283691, 1352.70349121, 415.22467041, 711.109924316, 451.577209473, 145.408554077, 342.997009277, 2049.51489258, 135.129989624, 132.505340576, 35.8677711487, 11.7681455612, 4.16269874573, 9.95004367828, 0.0223122537136, 0.000615565513726, 1.04055679913e-05, 7.34359772991e-09, 1.24264626367e-10], "mean": [0.0428867265582, 0.626363098621, 3.93220043182, 5.46476364136, 2.79917192459, 2.8081176281, 4.57451343536, 4.53882360458, 6.60841226578, 9.32879161835, 17.1420478821, 16.3270702362, 18.5524425507, 24.9467849731, 25.7114772797, 24.99259758, 24.6571502686, 30.5870342255, 51.1163597107, 51.1832351685, 55.9303703308, 61.9147491455, 56.6018600464, 28.0218582153, 33.0161209106, 29.3636474609, 10.9964456558, 11.2368812561, 19.1897621155, 6.83454227448, 6.97880983353, 2.33241987228, 1.46999621391, 1.21703970432, 1.30324470997, 0.0844165086746, 0.0112266074866, 0.00103854527697, 4.74578409921e-05, 3.05178218696e-05]}, "spectral_contrast_coeffs": {"min": [-0.986182332039, -0.977430462837, -0.983808875084, -0.982150793076, -0.980283141136, -0.968461871147], "max": [-0.353086590767, -0.376206278801, -0.422893643379, -0.511930644512, -0.549329340458, -0.570656478405], "dvar2": [0.00467937998474, 0.00351140764542, 0.00235440465622, 0.00173238862772, 0.0010028379038, 0.000786776887253], "median": [-0.620955944061, -0.752849340439, -0.764035999775, -0.746422886848, -0.744909107685, -0.739205121994], "dmean2": [0.0840738788247, 0.0738301500678, 0.0595599524677, 0.0514453649521, 0.0383212529123, 0.0330546982586], "dmean": [0.0509770549834, 0.0454410389066, 0.0368664190173, 0.0322539284825, 0.0252467393875, 0.0210046581924], "var": [0.00755675788969, 0.0055709448643, 0.00448750564829, 0.00401266058907, 0.00388985173777, 0.00209534168243], "dvar": [0.00175536482129, 0.00140013173223, 0.000928180699702, 0.000719226547517, 0.000462856929516, 0.000344476255123], "mean": [-0.624111413956, -0.749077379704, -0.758509874344, -0.743276059628, -0.741744339466, -0.739437103271]}, "dissonance": {"min": 0.324236273766, "max": 0.499919563532, "dvar2": 0.000389780529076, "median": 0.481751680374, "dmean2": 0.0188397094607, "dmean": 0.0112361581996, "var": 0.000278750812868, "dvar": 0.000144206293044, "mean": 0.477946460247}, "spectral_energyband_high": {"min": 6.87719657643e-21, "max": 0.0234318375587, "dvar2": 5.6309095271e-06, "median": 0.000623092637397, "dmean2": 0.00108852249105, "dmean": 0.000793165701907, "var": 5.53860036234e-06, "dvar": 2.97451651932e-06, "mean": 0.00138922932092}, "gfcc": {"mean": [-23.0000934601, 85.7177658081, -149.914916992, 50.9416275024, -51.4427947998, 21.4450626373, -36.4628410339, 16.0080280304, -19.8539485931, -4.77865171432, -17.9749355316, -10.5056114197, -9.55167865753], "icov": [[0.000148277846165, -0.000272843637504, 0.000369126239093, -0.000479671085486, 0.000422869226895, -0.000199702742975, 0.000179757917067, -0.000369219284039, 0.000458917522337, -0.000159946532222, 0.000392503949115, -0.000332183670253, 0.000263911293587], [-0.000272843637504, 0.00188680156134, -0.000711538828909, 0.00105865555815, -0.00144753139466, 0.000185193304787, -0.000194304375327, 0.000574827834498, -0.00156049244106, 0.00195891899057, -0.00154020858463, 0.00204627774656, -0.000239797867835], [0.000369126239093, -0.000711538828909, 0.0022458366584, -0.00156340620015, 0.000573189056013, -0.000851195654832, 0.000163855875144, -0.000955421070103, 0.000865138310473, -0.000633213785477, 0.00229133991525, -0.00203061965294, 0.0011994849192], [-0.000479671085486, 0.00105865555815, -0.00156340620015, 0.00525895040482, -0.00174408464227, -0.000169781385921, 0.00130222807638, -0.00041755111306, -0.00171597523149, 0.0018647625111, -0.00141110422555, 0.00209951819852, -0.00260064192116], [0.000422869226895, -0.00144753139466, 0.000573189056013, -0.00174408464227, 0.00673050945625, -0.00023415691976, -0.00194389710668, -0.00064919720171, -0.000119194912259, 0.000192631123355, -0.000299631501548, -0.000548788229935, -0.000795978470705], [-0.000199702742975, 0.000185193304787, -0.000851195654832, -0.000169781385921, -0.00023415691976, 0.00524409860373, -0.00229959748685, 0.000286764960038, 0.00177538953722, -0.0018615933368, 0.000929827860091, -0.000232760226936, 0.000371472036932], [0.000179757917067, -0.000194304375327, 0.000163855875144, 0.00130222807638, -0.00194389710668, -0.00229959748685, 0.00913466699421, -0.00156882428564, -0.000713945773896, 0.00183146132622, -0.00233260006644, 0.00187848869245, 0.00151441630442], [-0.000369219284039, 0.000574827834498, -0.000955421070103, -0.00041755111306, -0.00064919720171, 0.000286764960038, -0.00156882428564, 0.00963860750198, -0.00310896686278, -0.00146190915257, 0.000921189726796, 0.00121029326692, -0.00146324327216], [0.000458917522337, -0.00156049244106, 0.000865138310473, -0.00171597523149, -0.000119194912259, 0.00177538953722, -0.000713945773896, -0.00310896686278, 0.0132920295, -0.00407744152471, 0.00178239971865, -0.000799662375357, 8.10505298432e-05], [-0.000159946532222, 0.00195891899057, -0.000633213785477, 0.0018647625111, 0.000192631123355, -0.0018615933368, 0.00183146132622, -0.00146190915257, -0.00407744152471, 0.016529256478, -0.00454740365967, -0.00272918213159, 0.00338703719899], [0.000392503949115, -0.00154020858463, 0.00229133991525, -0.00141110422555, -0.000299631501548, 0.000929827860091, -0.00233260006644, 0.000921189726796, 0.00178239971865, -0.00454740365967, 0.0127711519599, -0.00243418198079, -0.00192956184037], [-0.000332183670253, 0.00204627774656, -0.00203061965294, 0.00209951819852, -0.000548788229935, -0.000232760226936, 0.00187848869245, 0.00121029326692, -0.000799662375357, -0.00272918213159, -0.00243418198079, 0.0146966148168, -0.00380283757113], [0.000263911293587, -0.000239797867835, 0.0011994849192, -0.00260064192116, -0.000795978470705, 0.000371472036932, 0.00151441630442, -0.00146324327216, 8.10505298432e-05, 0.00338703719899, -0.00192956184037, -0.00380283757113, 0.0134192379192]], "cov": [[24724.1523438, 59.897769928, -1522.83935547, 1216.94506836, -1326.80603027, 558.171142578, -866.383422852, 451.016357422, -541.243835449, 1.50370752811, -540.403137207, 49.0587158203, -121.31867981], [59.897769928, 1520.63464355, -214.18711853, -19.7890949249, 393.571868896, -126.923942566, 219.404449463, -14.6364717484, 117.111846924, -211.511123657, 145.155731201, -248.5287323, 44.9280929565], [-1522.83935547, -214.18711853, 1093.92822266, 115.79940033, -14.2802038193, 169.850265503, -21.9808082581, 62.047794342, 5.00103759766, 52.9097747803, -154.269577026, 100.820053101, -52.5164070129], [1216.94506836, -19.7890949249, 115.79940033, 398.76675415, 5.45859766006, 32.955657959, -74.2044219971, 73.7791519165, 3.89901781082, -31.1028175354, -40.9699020386, -3.54899740219, 59.4039115906], [-1326.80603027, 393.571868896, -14.2802038193, 5.45859766006, 366.26083374, -57.9704933167, 145.829299927, -3.31155276299, 74.2581100464, -67.2096405029, 90.4461593628, -73.4998168945, 50.6642990112], [558.171142578, -126.923942566, 169.850265503, 32.955657959, -57.9704933167, 296.56842041, 17.7893638611, 22.1574707031, -51.9183616638, 42.3935890198, -58.7441825867, 31.6350841522, -43.1490745544], [-866.383422852, 219.404449463, -21.9808082581, -74.2044219971, 145.829299927, 17.7893638611, 216.532455444, 0.0747358053923, 36.131816864, -33.2781867981, 60.8227958679, -60.7364807129, -8.01224899292], [451.016357422, -14.6364717484, 62.047794342, 73.7791519165, -3.31155276299, 22.1574707031, 0.0747358053923, 144.821624756, 26.7537937164, 12.5604887009, -29.0832061768, -0.69073176384, 6.88437795639], [-541.243835449, 117.111846924, 5.00103759766, 3.89901781082, 74.2581100464, -51.9183616638, 36.131816864, 26.7537937164, 119.998313904, 2.18561983109, 23.1204795837, -18.7714290619, 14.4558563232], [1.50370752811, -211.511123657, 52.9097747803, -31.1028175354, -67.2096405029, 42.3935890198, -33.2781867981, 12.5604887009, 2.18561983109, 116.494102478, -2.43979477882, 56.6388435364, -28.3178768158], [-540.403137207, 145.155731201, -154.269577026, -40.9699020386, 90.4461593628, -58.7441825867, 60.8227958679, -29.0832061768, 23.1204795837, -2.43979477882, 153.204437256, -15.830198288, 34.0465087891], [49.0587158203, -248.5287323, 100.820053101, -3.54899740219, -73.4998168945, 31.6350841522, -60.7364807129, -0.69073176384, -18.7714290619, 56.6388435364, -15.830198288, 132.599151611, 7.55627298355], [-121.31867981, 44.9280929565, -52.5164070129, 59.4039115906, 50.6642990112, -43.1490745544, -8.01224899292, 6.88437795639, 14.4558563232, -28.3178768158, 34.0465087891, 7.55627298355, 113.866966248]]}, "spectral_flux": {"min": 6.31828964148e-11, "max": 0.194618716836, "dvar2": 0.000564212969039, "median": 0.073728017509, "dmean2": 0.0253599192947, "dmean": 0.0169254764915, "var": 0.00113620900083, "dvar": 0.000257409439655, "mean": 0.0737601518631}, "silence_rate_30dB": {"min": 1, "max": 1, "dvar2": 0, "median": 1, "dmean2": 0, "dmean": 0, "var": 0, "dvar": 0, "mean": 1}, "spectral_energyband_middle_high": {"min": 1.10431136131e-21, "max": 0.0396318100393, "dvar2": 1.53555502038e-05, "median": 0.00646206457168, "dmean2": 0.00304046529345, "dmean": 0.0021337447688, "var": 4.12699082517e-05, "dvar": 6.97178666087e-06, "mean": 0.00800457503647}, "barkbands_spread": {"min": 0.4025785923, "max": 95.816696167, "dvar2": 115.031677246, "median": 31.7474327087, "dmean2": 10.1216001511, "dmean": 6.64635133743, "var": 198.283721924, "dvar": 55.899181366, "mean": 32.4016075134}, "spectral_centroid": {"min": 239.032974243, "max": 12040.9257813, "dvar2": 276554.78125, "median": 2110.99951172, "dmean2": 410.222686768, "dmean": 277.565856934, "var": 1278435, "dvar": 142702.921875, "mean": 2135.58837891}, "pitch_salience": {"min": 0.0974425002933, "max": 0.960639834404, "dvar2": 0.00783690996468, "median": 0.519665241241, "dmean2": 0.100626714528, "dmean": 0.0641515776515, "var": 0.0141904195771, "dvar": 0.00357477832586, "mean": 0.518225371838}, "erbbands_skewness": {"min": -3.24152898788, "max": 2.45529079437, "dvar2": 0.186925455928, "median": -0.413697242737, "dmean2": 0.479169130325, "dmean": 0.316165298223, "var": 0.527192056179, "dvar": 0.084085829556, "mean": -0.513668417931}, "erbbands_crest": {"min": 2.6617474556, "max": 27.0291862488, "dvar2": 11.2550897598, "median": 7.65402126312, "dmean2": 3.66684174538, "dmean": 2.24165344238, "var": 11.8877534866, "dvar": 4.4569029808, "mean": 8.39267158508}, "melbands": {"min": [5.13407193893e-25, 5.28087007871e-25, 8.7984230418e-25, 1.68624856062e-24, 1.33453147476e-24, 1.23763253433e-24, 1.45528783694e-24, 1.49047162496e-24, 2.52033900305e-24, 1.76457140445e-24, 3.19870988052e-24, 2.76893707885e-24, 2.23541624915e-24, 2.35623345223e-24, 1.67115015732e-24, 3.23867317955e-24, 3.70586697877e-24, 3.49569116222e-24, 3.15574003537e-24, 3.05626625294e-24, 2.53373070578e-24, 2.99003625235e-24, 2.9091809678e-24, 3.84391487617e-24, 4.404660479e-24, 4.65969999851e-24, 3.71257979064e-24, 3.67374259055e-24, 5.4467031363e-24, 4.26061329441e-24, 4.57419378728e-24, 4.78470802515e-24, 5.55612445474e-24, 4.85789459563e-24, 5.695639239e-24, 6.07150148362e-24, 5.77864318345e-24, 5.94769923088e-24, 5.31154010323e-24, 6.13103602728e-24], "max": [0.00660279300064, 0.0131823001429, 0.0107439272106, 0.0033516837284, 0.00380162033252, 0.00274114613421, 0.00458523444831, 0.0055084596388, 0.00370221049525, 0.00229099742137, 0.00222636247054, 0.00298926746473, 0.00279639847577, 0.00473946565762, 0.00312920473516, 0.00129413243849, 0.00105870014522, 0.00259016593918, 0.00143888848834, 0.00106655724812, 0.00172435864806, 0.000866056769155, 0.000690676039085, 0.000604647502769, 0.00062730506761, 0.000617808720563, 0.00047260968131, 0.00026136438828, 0.00022980220092, 0.000177365698619, 0.000304943619994, 0.000501909293234, 0.000229227298405, 0.000142240067362, 0.000144834513776, 0.00011791853467, 0.000103799095086, 9.23404659261e-05, 4.62980642624e-05, 3.18616148434e-05], "dvar2": [5.87859915413e-07, 2.40022268372e-06, 8.2341966845e-07, 9.75959721927e-08, 9.06112092025e-08, 3.60696112978e-08, 3.87332086405e-08, 7.85593954333e-08, 8.53825454783e-08, 4.03501410062e-08, 2.39151081161e-08, 3.50701370166e-08, 5.97732707774e-08, 5.81227936891e-08, 2.33032704244e-08, 8.43836911457e-09, 1.01044248524e-08, 1.78136385642e-08, 1.77454992922e-08, 5.27401677886e-09, 9.86568782224e-09, 5.48684431223e-09, 4.27177893059e-09, 3.2731490851e-09, 7.77967634757e-10, 1.07368858249e-09, 1.15561149538e-09, 4.47960973871e-10, 1.27660076954e-10, 1.77841782967e-10, 2.75158312801e-10, 2.3414761241e-09, 2.66084182465e-10, 7.12444131468e-11, 1.74649822382e-10, 3.76630185372e-11, 2.78849391494e-11, 1.84241493589e-11, 6.25678241856e-12, 7.33388610258e-12], "median": [0.000208316545468, 0.000987407169305, 0.000674078066368, 9.4478164101e-05, 5.73677752982e-05, 4.0825438191e-05, 3.41114719049e-05, 4.98838780914e-05, 5.69765252294e-05, 5.72110184294e-05, 4.84240626974e-05, 3.65850501112e-05, 2.7777705327e-05, 2.21079953917e-05, 2.52377431025e-05, 1.51187050506e-05, 1.88302983588e-05, 3.17594312946e-05, 3.81607314921e-05, 2.34976887441e-05, 2.61381701421e-05, 3.41370141541e-05, 3.13773525704e-05, 2.02977553272e-05, 1.11994459076e-05, 1.29319441839e-05, 1.16370911201e-05, 7.33509841666e-06, 3.07088475893e-06, 1.62912670021e-06, 1.99290388991e-06, 2.8340668905e-06, 1.48006790823e-06, 1.09837276341e-06, 1.22875565012e-06, 4.76507722169e-07, 3.21232818123e-07, 2.85028221469e-07, 2.45306750912e-07, 2.45039416313e-07], "dmean2": [0.000472797837574, 0.00117827241775, 0.000686552666593, 0.000166907091625, 0.000158448630827, 9.18821679079e-05, 8.41471264721e-05, 0.000127704872284, 0.000135656096973, 9.90547850961e-05, 7.4191535532e-05, 8.98787620827e-05, 7.8512057371e-05, 7.16442082194e-05, 5.91720381635e-05, 4.12919762312e-05, 5.06285286974e-05, 6.95349590387e-05, 7.06625942257e-05, 3.94708767999e-05, 4.86631979584e-05, 4.7041929065e-05, 4.09506137657e-05, 3.56319033017e-05, 1.53568526002e-05, 1.6223082639e-05, 1.86991364899e-05, 1.2395759768e-05, 5.87089698456e-06, 5.33857064511e-06, 6.59725628793e-06, 1.62376163644e-05, 6.00006796958e-06, 3.11859662361e-06, 5.55722954232e-06, 1.72611908056e-06, 1.35985192173e-06, 1.10423457045e-06, 7.87914530065e-07, 1.01902901406e-06], "dmean": [0.000309037859552, 0.000691734312568, 0.000407018203987, 0.000100927049061, 0.000100046323496, 5.89445371588e-05, 5.24039460288e-05, 7.90347039583e-05, 8.53182355058e-05, 6.27939080005e-05, 4.70558043162e-05, 5.79581210332e-05, 5.041282202e-05, 4.59649709228e-05, 3.74913797714e-05, 2.6411637009e-05, 3.18996972055e-05, 4.40906660515e-05, 4.44465295004e-05, 2.59165844909e-05, 3.2077285141e-05, 3.02627013298e-05, 2.62980447587e-05, 2.29626621149e-05, 9.75822240434e-06, 1.04205391835e-05, 1.22661031128e-05, 8.33758895169e-06, 3.9436017687e-06, 3.59449973075e-06, 4.47312504548e-06, 1.05057060864e-05, 4.00343833462e-06, 2.13075895772e-06, 3.68056294064e-06, 1.1976070482e-06, 9.518955153e-07, 7.55541861963e-07, 5.40483995337e-07, 7.0221739179e-07], "var": [5.84170095408e-07, 3.21865081787e-06, 7.29871374006e-07, 6.24523863735e-08, 7.98539261382e-08, 3.39345085365e-08, 4.17856469426e-08, 5.58157537967e-08, 6.5040580921e-08, 2.68385953461e-08, 2.13350688227e-08, 3.18411075284e-08, 4.42823058222e-08, 5.97233764665e-08, 1.8151117942e-08, 8.10658384864e-09, 1.21035172995e-08, 1.90914359877e-08, 1.68003122525e-08, 6.38227959371e-09, 1.5519233898e-08, 6.26052765185e-09, 4.76349582001e-09, 3.81523168613e-09, 6.35831720608e-10, 9.25040433142e-10, 1.49520285042e-09, 6.90503765277e-10, 1.48903625541e-10, 1.25792376515e-10, 2.1047324994e-10, 1.16818554829e-09, 1.62161742367e-10, 5.16117634741e-11, 1.29951466254e-10, 2.55142330874e-11, 1.72727925712e-11, 8.77746486605e-12, 3.63859203184e-12, 4.94999354006e-12], "dvar": [2.94677022339e-07, 8.44206965667e-07, 2.96063916494e-07, 3.73450141922e-08, 3.77856324008e-08, 1.58525512717e-08, 1.61356901174e-08, 3.26189208977e-08, 3.45249020484e-08, 1.67391878136e-08, 9.29154619911e-09, 1.45097933668e-08, 2.24310525709e-08, 2.40886404157e-08, 8.92437235223e-09, 3.55089535553e-09, 4.06903000183e-09, 7.4132233685e-09, 7.06084035684e-09, 2.39413000536e-09, 4.28168256406e-09, 2.35659447512e-09, 1.83684700783e-09, 1.34197919444e-09, 3.25549587288e-10, 4.4092243745e-10, 5.06609310058e-10, 2.07712652633e-10, 6.2829193237e-11, 8.33770136266e-11, 1.36137059958e-10, 9.98078508729e-10, 1.20853244079e-10, 3.42600114944e-11, 8.06096023265e-11, 1.81501584595e-11, 1.30105067345e-11, 7.68822071978e-12, 2.68868781406e-12, 3.29734113277e-12], "mean": [0.00048776724725, 0.00162940786686, 0.000883469881956, 0.000169358274434, 0.000163788092323, 0.000104103630292, 9.46122599998e-05, 0.000125751888845, 0.000138739429531, 0.000104622697108, 9.42625847529e-05, 0.000102539634099, 8.85121335159e-05, 7.99328699941e-05, 6.4980071329e-05, 4.54459077446e-05, 5.97319667577e-05, 8.39555359562e-05, 8.25373572297e-05, 5.11848047609e-05, 6.86217099428e-05, 6.21865692665e-05, 5.52706987946e-05, 4.62294374302e-05, 1.90888840734e-05, 2.16402968363e-05, 2.57575429714e-05, 1.82320072781e-05, 7.4168183346e-06, 5.1346651162e-06, 6.5129502218e-06, 1.28819947349e-05, 5.24741972185e-06, 3.22027062793e-06, 5.1909269132e-06, 1.64716675499e-06, 1.25510700855e-06, 1.05746119061e-06, 8.62009414959e-07, 1.01034629552e-06]}, "barkbands_skewness": {"min": -2.76075148582, "max": 14.2273454666, "dvar2": 0.436841607094, "median": 0.413340032101, "dmean2": 0.63932043314, "dmean": 0.431603074074, "var": 1.23102235794, "dvar": 0.227758333087, "mean": 0.593441069126}, "spectral_entropy": {"min": 5.67889976501, "max": 9.82012653351, "dvar2": 0.0412982329726, "median": 7.63223934174, "dmean2": 0.19665928185, "dmean": 0.147549211979, "var": 0.196867227554, "dvar": 0.0233902800828, "mean": 7.6466178894}, "spectral_rolloff": {"min": 21.533203125, "max": 19638.28125, "dvar2": 1861409.625, "median": 2454.78515625, "dmean2": 976.907043457, "dmean": 624.99822998, "var": 4847542.5, "dvar": 997336.375, "mean": 2655.92016602}, "barkbands": {"min": [6.27858930416e-25, 1.45491273358e-24, 6.81866813177e-25, 1.68301778078e-24, 8.80583892596e-24, 4.27434657391e-24, 8.18422126581e-24, 1.26754359578e-23, 1.17269877025e-23, 1.74734962426e-23, 1.4237607742e-23, 1.9744795605e-23, 2.83513517002e-23, 4.31906741417e-23, 3.2628097989e-23, 4.81912949743e-23, 4.94013444941e-23, 7.5145286866e-23, 1.20510569689e-22, 1.34328333035e-22, 2.68376084024e-22, 3.21276793406e-22, 4.05490307745e-22, 6.22908148237e-22, 8.36915231854e-22, 1.19898769561e-21, 1.91688524863e-21], "max": [0.000638940604404, 0.0241790860891, 0.0323787778616, 0.0267863478512, 0.01486479491, 0.0182775519788, 0.0192383304238, 0.0362414494157, 0.0173244029284, 0.0137664219365, 0.025982324034, 0.033217985183, 0.0237560421228, 0.0165866650641, 0.0168295111507, 0.0212294068187, 0.0122525840998, 0.00857650954276, 0.0170259680599, 0.00922898482531, 0.00842922739685, 0.0134066352621, 0.00703237066045, 0.00693542463705, 0.0049754679203, 0.00024726454285, 1.38331643029e-05], "dvar2": [3.56508023103e-09, 9.0471103249e-06, 1.49079014591e-05, 5.15027295478e-06, 2.14774331653e-06, 1.19364756301e-06, 8.45918634695e-07, 3.47625109498e-06, 2.08220853892e-06, 1.28430303903e-06, 3.60512353836e-06, 2.98826489598e-06, 1.56701526066e-06, 1.58033878961e-06, 2.66393999482e-06, 1.52052552949e-06, 1.57378792665e-06, 9.24673315694e-07, 5.75670185299e-07, 4.68904374884e-07, 2.4271997745e-07, 1.84102350431e-06, 2.5686108529e-07, 1.19917245911e-07, 1.90789407384e-07, 4.60171345473e-10, 6.25352308999e-13], "median": [2.94617484542e-06, 0.00114920712076, 0.00215043430217, 0.00103363604285, 0.000313161639497, 0.000213871899177, 0.000153925459017, 0.00025832184474, 0.000451528874692, 0.00023737855372, 0.000162085401826, 0.000210481477552, 0.00022174071637, 0.000226589574595, 0.000525498355273, 0.000318646139931, 0.000584960798733, 0.000416136783315, 0.000348725239746, 0.000273150828434, 8.11354184407e-05, 0.000110636225145, 6.75983828842e-05, 2.66399874818e-05, 3.15598153975e-05, 1.20037077522e-06, 6.23954776735e-10], "dmean2": [2.65747403319e-05, 0.00215425202623, 0.00283226929605, 0.00157501047943, 0.000811935460661, 0.000502642069478, 0.000407641258789, 0.000840423454065, 0.000724197074305, 0.000547910982277, 0.000570001604501, 0.000573891913518, 0.000565063266549, 0.000640390964691, 0.000917708151974, 0.000617780839093, 0.000809934106655, 0.000647260632832, 0.000387609703466, 0.000406624167226, 0.000210457583307, 0.000482484640088, 0.000214126223, 9.25625718082e-05, 0.000156840746058, 8.03573129815e-06, 1.51725743081e-07], "dmean": [1.87951336557e-05, 0.00133602321148, 0.0016680060653, 0.000926016364247, 0.000501298694871, 0.000320938415825, 0.000254023674643, 0.00051872379845, 0.000461929914309, 0.000351812981535, 0.000366199848941, 0.000367383618141, 0.000357842392987, 0.000403922604164, 0.000582927837968, 0.000401401543058, 0.000523435126524, 0.000418725481723, 0.000249786418863, 0.000274584977888, 0.000145218742546, 0.000320711405948, 0.000147031649249, 6.52756061754e-05, 0.000108026455564, 5.53552354177e-06, 8.85664590555e-08], "var": [3.74319020224e-09, 8.12146572571e-06, 1.94291624211e-05, 4.39219274995e-06, 1.66425206771e-06, 1.02081025943e-06, 8.34224465507e-07, 2.6205600534e-06, 1.43581689827e-06, 1.2543421235e-06, 2.75511433756e-06, 3.00729425362e-06, 1.3213193597e-06, 1.8161671278e-06, 2.63390938926e-06, 2.27879286285e-06, 1.87667978935e-06, 1.14196052436e-06, 5.29021917828e-07, 7.47744934415e-07, 2.23749481165e-07, 1.04323760297e-06, 2.16091606831e-07, 7.33108436179e-08, 1.19162926637e-07, 2.71445366185e-10, 1.79577910159e-13], "dvar": [1.89918059057e-09, 3.85223074773e-06, 5.45357443116e-06, 1.83969200407e-06, 8.57241559515e-07, 5.14372629823e-07, 3.57833442877e-07, 1.44043224282e-06, 8.57220413764e-07, 5.19102286489e-07, 1.3852718439e-06, 1.22748542708e-06, 6.12053554505e-07, 6.31017428532e-07, 1.07324660803e-06, 6.42112809146e-07, 6.86850285092e-07, 3.87674532476e-07, 2.42426807517e-07, 2.18705181965e-07, 1.27178026332e-07, 8.14594500298e-07, 1.26611894302e-07, 5.50982903746e-08, 8.7778325053e-08, 2.043913927e-10, 2.35215953702e-13], "mean": [2.76494538411e-05, 0.00222685211338, 0.00373112526722, 0.00172688090242, 0.000771638122387, 0.000549271237105, 0.000432951754192, 0.000791436177678, 0.000797555199824, 0.000632879440673, 0.000611860014033, 0.000639956560917, 0.000610496848822, 0.000751820974983, 0.00110028998461, 0.000853700912558, 0.0010848082602, 0.000869969604537, 0.000553323305212, 0.000627119734418, 0.000229513738304, 0.000423209363362, 0.000221633177716, 9.43288978306e-05, 0.000145343205077, 6.95795006322e-06, 7.02466920188e-08]}, "melbands_flatness_db": {"min": 0.00314830499701, "max": 0.438162595034, "dvar2": 0.00107143796049, "median": 0.149430602789, "dmean2": 0.0346495956182, "dmean": 0.0246044658124, "var": 0.00464108586311, "dvar": 0.000615195487626, "mean": 0.159952744842}, "melbands_skewness": {"min": -1.75126135349, "max": 11.4336462021, "dvar2": 0.758274257183, "median": 1.51179647446, "dmean2": 0.853509008884, "dmean": 0.568980276585, "var": 2.24963974953, "dvar": 0.366290330887, "mean": 1.82747852802}, "silence_rate_60dB": {"min": 0, "max": 1, "dvar2": 0.0139946229756, "median": 0, "dmean2": 0.0116944815964, "dmean": 0.00584652880207, "var": 0.0637600198388, "dvar": 0.00581249594688, "mean": 0.0684447661042}, "spectral_energyband_low": {"min": 1.32038339247e-23, "max": 0.0401487238705, "dvar2": 3.04921177303e-05, "median": 0.00572159001604, "dmean2": 0.00455968035385, "dmean": 0.00274691265076, "var": 3.89308770536e-05, "dvar": 1.11013860078e-05, "mean": 0.00713900616392}, "spectral_energyband_middle_low": {"min": 1.37749692201e-22, "max": 0.0370204821229, "dvar2": 1.28405290525e-05, "median": 0.00448144320399, "dmean2": 0.00300990510732, "dmean": 0.00185490236618, "var": 1.469505969e-05, "dvar": 5.0883691074e-06, "mean": 0.0052030836232}, "melbands_kurtosis": {"min": -1.78948879242, "max": 161.015792847, "dvar2": 106.249198914, "median": 1.65437507629, "dmean2": 5.44327259064, "dmean": 3.50953960419, "var": 126.533935547, "dvar": 47.1740646362, "mean": 5.72318077087}, "spectral_decrease": {"min": -1.21082530669e-08, "max": 2.06795668517e-28, "dvar2": 2.82280946823e-18, "median": -5.0084008052e-09, "dmean2": 1.69042257969e-09, "dmean": 1.046326914e-09, "var": 5.06599983277e-18, "dvar": 1.07349886895e-18, "mean": -4.77699257928e-09}, "erbbands_kurtosis": {"min": -1.70298922062, "max": 20.5816173553, "dvar2": 3.08574676514, "median": 0.241982832551, "dmean2": 1.41298854351, "dmean": 0.918000221252, "var": 5.46890211105, "dvar": 1.37219834328, "mean": 0.996949195862}, "melbands_crest": {"min": 1.44309926033, "max": 36.7078399658, "dvar2": 19.3855266571, "median": 13.8180885315, "dmean2": 5.13118076324, "dmean": 3.20411610603, "var": 39.9315299988, "dvar": 8.63763904572, "mean": 14.5415363312}, "mfcc": {"mean": [-641.044433594, 100.541625977, -26.3204498291, 28.0719585419, 9.04104709625, 6.34759426117, 0.799154281616, 12.0479602814, 5.93359136581, 5.45382452011, 2.39791607857, -4.91549873352, 0.911565005779], "icov": [[0.000107789608592, 1.01108762465e-05, 1.45866724779e-05, -0.000201052389457, 0.000164640907315, -4.5394848712e-05, 8.34231686895e-05, -0.000152833657921, -1.07347914309e-05, 8.92200769158e-05, 2.21998689085e-05, 0.000123290752526, 0.000144613004522], [1.01108762465e-05, 0.000877572107129, 0.000325974309817, -0.000214982894249, -0.000339588674251, -3.8532733015e-05, -0.000257647916442, -0.000897409103345, 0.000110907480121, -0.000280848296825, -0.000232551552472, -2.05723954423e-05, 6.34206808172e-05], [1.45866724779e-05, 0.000325974309817, 0.00193029793445, -0.000315025477903, 6.61440062686e-05, -0.00130534952041, 0.000631328264717, -0.00069503323175, -0.000809446617495, 0.00086653616745, -0.000133202251163, -0.000445851852419, 9.71775007201e-05], [-0.000201052389457, -0.000214982894249, -0.000315025477903, 0.00514620728791, -0.00287032034248, 0.00120630441234, 0.000257530919043, -0.000728985178284, -0.000403731566621, -0.000517689157277, 0.00148644542787, -0.000453248328995, -0.00112159480341], [0.000164640907315, -0.000339588674251, 6.61440062686e-05, -0.00287032034248, 0.00817381870002, -0.00111411639955, -0.000321819185046, 0.000650942092761, -0.00100368179847, -0.000722053111531, 0.00149125757162, 5.1605351473e-05, -0.000832170771901], [-4.5394848712e-05, -3.8532733015e-05, -0.00130534952041, 0.00120630441234, -0.00111411639955, 0.00692916940898, -0.00203889817931, -0.00132993923035, 8.00976049504e-05, 0.0013996718917, -0.00184403534513, 0.000531189667527, 0.000915222393814], [8.34231686895e-05, -0.000257647916442, 0.000631328264717, 0.000257530919043, -0.000321819185046, -0.00203889817931, 0.0082536553964, -0.00300268875435, 0.00170794373844, -0.00328522920609, 0.00160706031602, -2.35754450841e-05, 0.000666418403853], [-0.000152833657921, -0.000897409103345, -0.00069503323175, -0.000728985178284, 0.000650942092761, -0.00132993923035, -0.00300268875435, 0.0141596412286, -0.00403780071065, -0.000581856467761, -0.000179763155757, 0.00113014515955, -0.00364020187408], [-1.07347914309e-05, 0.000110907480121, -0.000809446617495, -0.000403731566621, -0.00100368179847, 8.00976049504e-05, 0.00170794373844, -0.00403780071065, 0.010493228212, -0.0031120297499, 0.00212311977521, -0.000639840087388, -0.000182093950571], [8.92200769158e-05, -0.000280848296825, 0.00086653616745, -0.000517689157277, -0.000722053111531, 0.0013996718917, -0.00328522920609, -0.000581856467761, -0.0031120297499, 0.0143686672673, -0.00506733404472, -0.000151103246026, 0.00201976881362], [2.21998689085e-05, -0.000232551552472, -0.000133202251163, 0.00148644542787, 0.00149125757162, -0.00184403534513, 0.00160706031602, -0.000179763155757, 0.00212311977521, -0.00506733404472, 0.0126698892564, -0.00131102208979, -0.00176486198325], [0.000123290752526, -2.05723954423e-05, -0.000445851852419, -0.000453248328995, 5.1605351473e-05, 0.000531189667527, -2.35754450841e-05, 0.00113014515955, -0.000639840087388, -0.000151103246026, -0.00131102208979, 0.0139100234956, -0.00396936619654], [0.000144613004522, 6.34206808172e-05, 9.71775007201e-05, -0.00112159480341, -0.000832170771901, 0.000915222393814, 0.000666418403853, -0.00364020187408, -0.000182093950571, 0.00201976881362, -0.00176486198325, -0.00396936619654, 0.0143506573513]], "cov": [[10775.6904297, -84.7626647949, 143.939956665, 408.258575439, -76.0443267822, 10.7733888626, -119.504447937, 126.191184998, 83.9701461792, -103.447471619, -117.704696655, -118.46987915, -76.436164856], [-84.7626647949, 1548.79272461, -271.621704102, 143.573471069, 128.027297974, 2.65733194351, 152.193084717, 141.816238403, 39.5418701172, 109.866821289, 18.5740222931, 0.711073338985, 30.749874115], [143.939956665, -271.621704102, 757.42956543, 30.4549007416, 9.26842594147, 135.242477417, -59.9240913391, 43.5847320557, 72.9931259155, -64.4814224243, -7.30596160889, 21.824842453, 17.8916854858], [408.258575439, 143.573471069, 30.4549007416, 341.658416748, 130.667648315, -45.2251586914, -1.55517172813, 49.0179214478, 62.944316864, 10.992600441, -57.7631340027, 15.2535705566, 41.0824699402], [-76.0443267822, 128.027297974, 9.26842594147, 130.667648315, 189.288116455, 5.07255840302, 21.3287372589, 28.5433216095, 42.3475265503, 16.4783878326, -32.9774398804, 8.00074863434, 23.6286010742], [10.7733888626, 2.65733194351, 135.242477417, -45.2251586914, 5.07255840302, 208.816696167, 47.2684783936, 33.7730064392, 5.17197751999, -6.37232446671, 25.495721817, -7.9781999588, -9.33095836639], [-119.504447937, 152.193084717, -59.9240913391, -1.55517172813, 21.3287372589, 47.2684783936, 181.216567993, 47.5483703613, -2.73158097267, 48.2408218384, 2.82792520523, -7.10545539856, -5.75790071487], [126.191184998, 141.816238403, 43.5847320557, 49.0179214478, 28.5433216095, 33.7730064392, 47.5483703613, 120.243789673, 52.2827072144, 21.908367157, -1.77336800098, 1.21888458729, 27.1309146881], [83.9701461792, 39.5418701172, 72.9931259155, 62.944316864, 42.3475265503, 5.17197751999, -2.73158097267, 52.2827072144, 139.02331543, 21.7710170746, -20.4152202606, 8.81181812286, 17.5455932617], [-103.447471619, 109.866821289, -64.4814224243, 10.992600441, 16.4783878326, -6.37232446671, 48.2408218384, 21.908367157, 21.7710170746, 105.858558655, 29.8705272675, 1.69462478161, -3.94872879982], [-117.704696655, 18.5740222931, -7.30596160889, -57.7631340027, -32.9774398804, 25.495721817, 2.82792520523, -1.77336800098, -20.4152202606, 29.8705272675, 110.285743713, 9.22185325623, 4.17016839981], [-118.46987915, 0.711073338985, 21.824842453, 15.2535705566, 8.00074863434, -7.9781999588, -7.10545539856, 1.21888458729, 8.81181812286, 1.69462478161, 9.22185325623, 83.5770874023, 27.9716682434], [-76.436164856, 30.749874115, 17.8916854858, 41.0824699402, 23.6286010742, -9.33095836639, -5.75790071487, 27.1309146881, 17.5455932617, -3.94872879982, 4.17016839981, 27.9716682434, 91.5501480103]]}, "spectral_energy": {"min": 9.99099843894e-21, "max": 0.0494317747653, "dvar2": 4.71612584079e-05, "median": 0.0214733723551, "dmean2": 0.00699217105284, "dmean": 0.00442505348474, "var": 9.28157314775e-05, "dvar": 1.89657439478e-05, "mean": 0.020512662828}, "melbands_spread": {"min": 0.912176966667, "max": 212.91506958, "dvar2": 313.742462158, "median": 41.9790878296, "dmean2": 15.9299612045, "dmean": 10.6431112289, "var": 693.192810059, "dvar": 160.671035767, "mean": 44.5626754761}, "erbbands_flatness_db": {"min": 0.0472677014768, "max": 0.486972868443, "dvar2": 0.000404379417887, "median": 0.175235062838, "dmean2": 0.0223013553768, "dmean": 0.0156235005707, "var": 0.00235683028586, "dvar": 0.000208109646337, "mean": 0.17797614634}, "spectral_contrast_valleys": {"min": [-28.0933494568, -28.2728347778, -27.8121414185, -27.7748508453, -27.5070896149, -27.4289684296], "max": [-5.81722068787, -5.26530599594, -5.65852022171, -5.78014183044, -5.47824668884, -7.2663435936], "dvar2": [0.430317431688, 0.32203951478, 0.257186502218, 0.221841603518, 0.211619645357, 0.255794972181], "median": [-7.67050218582, -7.01751422882, -7.27807950974, -7.45747232437, -7.20969724655, -10.0915288925], "dmean2": [0.749058187008, 0.594482779503, 0.497173070908, 0.435952007771, 0.394503414631, 0.451761394739], "dmean": [0.456936627626, 0.370542526245, 0.313063085079, 0.285158962011, 0.282776623964, 0.363652735949], "var": [5.37995624542, 5.34886837006, 5.15835380554, 4.9994969368, 5.32698011398, 4.82239580154], "dvar": [0.196463450789, 0.156641945243, 0.134647741914, 0.123086519539, 0.129046216607, 0.169061511755], "mean": [-8.06545639038, -7.38828659058, -7.6491355896, -7.7929110527, -7.60479784012, -10.4852266312]}, "barkbands_flatness_db": {"min": 0.0183766838163, "max": 0.422233521938, "dvar2": 0.00065535667818, "median": 0.128005623817, "dmean2": 0.0279630795121, "dmean": 0.0187366064638, "var": 0.00243563693948, "dvar": 0.000331610033754, "mean": 0.135790199041}, "zerocrossingrate": {"min": 0.001953125, "max": 0.52685546875, "dvar2": 0.00033223349601, "median": 0.07861328125, "dmean2": 0.0143167106435, "dmean": 0.0132229058072, "var": 0.00328831141815, "dvar": 0.00026540554245, "mean": 0.0862188339233}, "spectral_skewness": {"min": -0.0946694687009, "max": 4.73140239716, "dvar2": 0.145701423287, "median": 1.2997866869, "dmean2": 0.352628588676, "dmean": 0.216002985835, "var": 0.12883900106, "dvar"