{"lowlevel": {"spectral_complexity": {"min": 0, "max": 57, "dvar2": 28.5341377258, "median": 23, "dmean2": 5.5517539978, "dmean": 3.92216157913, "var": 91.6889801025, "dvar": 16.3440685272, "mean": 23.0814228058}, "silence_rate_20dB": {"min": 1, "max": 1, "dvar2": 0, "median": 1, "dmean2": 0, "dmean": 0, "var": 0, "dvar": 0, "mean": 1}, "average_loudness": 0.950459420681, "erbbands_spread": {"min": 3.56182384491, "max": 134.459976196, "dvar2": 112.912384033, "median": 32.8873977661, "dmean2": 10.4514303207, "dmean": 6.93041658401, "var": 246.279052734, "dvar": 51.5271263123, "mean": 35.1089706421}, "spectral_kurtosis": {"min": -1.16954052448, "max": 41.6523323059, "dvar2": 13.3082199097, "median": 3.70851898193, "dmean2": 2.66211915016, "dmean": 1.61781096458, "var": 10.5196962357, "dvar": 4.68449068069, "mean": 4.31809425354}, "barkbands_kurtosis": {"min": -1.89602088928, "max": 47.9229927063, "dvar2": 11.3029794693, "median": -0.368459522724, "dmean2": 1.97266507149, "dmean": 1.25375723839, "var": 12.8034133911, "dvar": 4.94237852097, "mean": 0.840654909611}, "spectral_strongpeak": {"min": 0, "max": 14.6280231476, "dvar2": 3.63756799698, "median": 0.469328045845, "dmean2": 1.18307936192, "dmean": 0.681479454041, "var": 2.29553723335, "dvar": 1.42011654377, "mean": 1.10972118378}, "spectral_spread": {"min": 1117250, "max": 39545236, "dvar2": 783359082496, "median": 3977778.25, "dmean2": 739373.9375, "dmean": 543842.75, "var": 2352685776900.0, "dvar": 556294471680, "mean": 4269020.5}, "spectral_rms": {"min": 3.26156679789e-12, "max": 0.00851890724152, "dvar2": 6.38561459709e-07, "median": 0.00491690449417, "dmean2": 0.000856029742863, "dmean": 0.000550598488189, "var": 2.14911528928e-06, "dvar": 2.75442403108e-07, "mean": 0.00464157899842}, "dynamic_complexity": 2.98959922791, "erbbands": {"min": [2.13570844798e-21, 5.91527518912e-21, 6.46085896423e-21, 5.30934761896e-20, 7.20036037056e-20, 1.25116793289e-19, 2.35357467045e-19, 1.72964887802e-19, 5.75486922946e-19, 3.60952719695e-19, 6.96380610242e-19, 1.33320700811e-18, 1.50918358298e-18, 2.21522711034e-18, 1.90972718304e-18, 3.387970282e-18, 4.29842999106e-18, 5.6531566198e-18, 3.90270513165e-18, 5.72944211102e-18, 6.35598179419e-18, 7.01521785903e-18, 8.7475822159e-18, 1.15634390243e-17, 1.10938725788e-17, 1.43064394187e-17, 1.51367997135e-17, 1.58645267467e-17, 1.16320652366e-17, 1.37973444932e-17, 1.86068438899e-17, 1.23238744332e-17, 1.16890339926e-17, 1.23333224902e-17, 9.27466749248e-18, 5.91607887263e-18, 3.29234861678e-18, 1.24732322326e-18, 3.09447956963e-19, 3.00030201959e-20], "max": [0.57288980484, 7.12770318985, 37.6160049438, 71.9970932007, 81.2998199463, 111.491455078, 210.470001221, 276.082611084, 669.51348877, 451.210510254, 834.316711426, 656.719116211, 574.902099609, 975.343017578, 844.346984863, 1512.22277832, 898.429016113, 538.692321777, 1147.3503418, 1177.76721191, 1502.00671387, 784.549438477, 517.676757813, 497.405487061, 515.346008301, 359.013000488, 222.183334351, 396.136260986, 755.600891113, 258.539093018, 229.002731323, 202.874237061, 105.715560913, 61.1028442383, 92.6700134277, 5.30696249008, 0.610090553761, 0.0802095383406, 0.00170927972067, 0.000252205412835], "dvar2": [0.00336992321536, 0.554000258446, 17.2990684509, 49.205871582, 45.08852005, 176.912719727, 307.817443848, 272.922393799, 792.244934082, 844.443603516, 3000.54467773, 2867.28686523, 1696.48815918, 3735.42358398, 6463.87060547, 6875.87890625, 3190.71972656, 2666.25317383, 6049.12207031, 6502.22167969, 5190.17041016, 4237.09667969, 2425.38598633, 622.182067871, 1138.64489746, 620.137878418, 166.652191162, 533.811401367, 4288.80664063, 321.225097656, 455.479614258, 118.528060913, 39.2776756287, 18.4459571838, 65.8238449097, 0.173991411924, 0.00419936003163, 4.96575012221e-05, 2.44550069084e-08, 5.04646546773e-10], "median": [0.0107360119, 0.392756998539, 2.37891197205, 4.79382181168, 2.91046285629, 2.3276515007, 3.20534300804, 3.34823465347, 4.23840665817, 6.47898101807, 10.4684772491, 12.3134651184, 13.875998497, 12.3481893539, 11.5246591568, 12.897810936, 12.3602466583, 12.0085000992, 23.9353961945, 27.2393169403, 21.6064949036, 30.9055194855, 28.4290733337, 15.3934135437, 15.4065885544, 10.8252649307, 4.5649895668, 3.39137792587, 4.57837533951, 2.46954154968, 2.20844888687, 0.888894438744, 0.610092282295, 0.525920450687, 0.33651432395, 0.0316015705466, 0.00274331844412, 0.000182147196028, 2.67181567324e-05, 3.45443477272e-05], "dmean2": [0.0297446195036, 0.567139804363, 3.1921210289, 5.34072971344, 4.23259019852, 6.80427694321, 8.67931365967, 7.54210186005, 9.74426174164, 14.1648683548, 26.0516777039, 23.5262260437, 20.7114830017, 29.3032493591, 29.5798835754, 27.1444778442, 25.8529281616, 26.3972415924, 42.0789527893, 42.6990737915, 35.0385856628, 39.5240135193, 33.7931404114, 15.6620969772, 18.2074604034, 15.2412786484, 6.86292743683, 9.49239063263, 22.1543693542, 6.78522872925, 8.49338150024, 3.03814578056, 1.90481734276, 1.67459464073, 2.74214148521, 0.160635143518, 0.0245472230017, 0.00216764421202, 5.77983410039e-05, 1.57289650815e-05], "dmean": [0.0217332132161, 0.336253106594, 1.87605082989, 3.15378522873, 2.47533464432, 4.10413646698, 5.45369338989, 4.82875776291, 6.10047292709, 8.76515769958, 16.588760376, 14.7251195908, 13.0398321152, 18.6921958923, 18.8630428314, 17.1539268494, 16.4883213043, 16.6159934998, 26.7667560577, 27.5634231567, 23.4613704681, 25.4909877777, 21.8871192932, 10.2918958664, 12.1494626999, 10.5067462921, 4.73619651794, 6.54371881485, 14.4301748276, 4.73073577881, 5.68230628967, 2.12818145752, 1.34510684013, 1.19715297222, 1.86875903606, 0.112984471023, 0.0164697952569, 0.00140243582428, 4.01058969146e-05, 1.07837695396e-05], "var": [0.00419598910958, 0.458208620548, 27.6377334595, 38.359916687, 27.2008895874, 97.7026824951, 238.256103516, 231.785873413, 609.507080078, 558.053283691, 2574.90917969, 1626.19970703, 1463.90185547, 3458.66235352, 5532.27832031, 5765.30908203, 3023.44995117, 2950.00317383, 6914.38378906, 6647.84130859, 8758.2890625, 4897.92089844, 3379.15039063, 770.44128418, 1279.30566406, 1092.48303223, 207.789154053, 424.871398926, 2107.45507813, 237.771514893, 304.194549561, 78.7575149536, 25.6881027222, 14.2981491089, 37.1069908142, 0.107065558434, 0.00222282437608, 1.92182487808e-05, 1.42646632284e-08, 6.0759047793e-10], "dvar": [0.0019440066535, 0.194277256727, 6.54149150848, 17.6346168518, 16.6123924255, 69.1912612915, 127.880966187, 118.591445923, 302.886474609, 347.18270874, 1273.60778809, 1148.82897949, 663.09197998, 1555.08508301, 2512.67724609, 2632.86743164, 1264.7454834, 1055.9317627, 2513.14453125, 2831.82373047, 2286.85595703, 1734.90563965, 1048.48852539, 272.629089355, 481.470397949, 303.084686279, 86.0897293091, 267.697296143, 1826.91137695, 155.550231934, 203.076766968, 55.6239471436, 18.1409015656, 8.62420845032, 29.7302570343, 0.0795110315084, 0.00186200218741, 2.02528281079e-05, 1.11386366797e-08, 2.5366272971e-10], "mean": [0.0341404974461, 0.630097210407, 4.48962926865, 6.38816595078, 4.37646198273, 5.77630996704, 8.93853473663, 8.38686847687, 11.0178909302, 14.0615520477, 26.6588134766, 24.0284328461, 26.048746109, 34.2507133484, 34.8780059814, 31.9808044434, 30.0908851624, 33.5433387756, 55.094039917, 53.9119338989, 53.532623291, 56.0267448425, 50.2333641052, 24.5937900543, 26.9313545227, 24.6592712402, 9.62030887604, 9.92165184021, 18.143989563, 7.20649194717, 8.14615917206, 2.99614357948, 2.07974863052, 1.83434736729, 2.26821446419, 0.147195920348, 0.018518589437, 0.00141147268005, 6.15807803115e-05, 3.6860255932e-05]}, "spectral_contrast_coeffs": {"min": [-0.958493888378, -0.960769355297, -0.974823713303, -0.964089930058, -0.960543632507, -0.958363234997], "max": [-0.321892142296, -0.372859060764, -0.436340481043, -0.523360133171, -0.570304334164, -0.561537325382], "dvar2": [0.00467232754454, 0.00365754542872, 0.00246810354292, 0.00176016078331, 0.000976820127107, 0.00107863266021], "median": [-0.611821651459, -0.743272840977, -0.759106636047, -0.750137984753, -0.750935018063, -0.746903181076], "dmean2": [0.0870505943894, 0.076141834259, 0.0610496290028, 0.0523027665913, 0.0382060520351, 0.0389704853296], "dmean": [0.052105832845, 0.0465415045619, 0.0376195907593, 0.0329324230552, 0.0250358078629, 0.0244884919375], "var": [0.00608044117689, 0.0054615912959, 0.00422774860635, 0.00371755310334, 0.0033959466964, 0.00191260525025], "dvar": [0.00170807447284, 0.00147933536209, 0.000955850351602, 0.000719793315511, 0.000448135251645, 0.000439795199782], "mean": [-0.612988352776, -0.739720523357, -0.752726137638, -0.744597613811, -0.745760262012, -0.744375050068]}, "dissonance": {"min": 0.316330581903, "max": 0.500000059605, "dvar2": 0.000468513695523, "median": 0.477525144815, "dmean2": 0.0225359275937, "dmean": 0.0134215131402, "var": 0.000364057370462, "dvar": 0.000171973588294, "mean": 0.473220139742}, "spectral_energyband_high": {"min": 7.76228548642e-21, "max": 0.0255251508206, "dvar2": 6.71055795465e-06, "median": 0.000638678844552, "dmean2": 0.00116462563165, "dmean": 0.000849054718856, "var": 6.22320976618e-06, "dvar": 3.47351351593e-06, "mean": 0.00145981274545}, "gfcc": {"mean": [-0.218646645546, 88.8428344727, -143.010635376, 44.3330879211, -57.0431289673, 21.1635532379, -42.6677818298, 15.126748085, -23.6765365601, -4.94149971008, -19.3209133148, -9.51221466064, -9.6574678421], "icov": [[0.000163551754667, -0.000331589777488, 0.00039189888048, -0.000531253812369, 0.000599564053118, -0.000317027792335, 0.000192904582946, -0.000367342843674, 0.000402686186135, -0.000180255374289, 0.000418983545387, -0.000321776606143, 0.000193321160623], [-0.000331589777488, 0.00285562919453, -0.00180401129182, 0.00209826999344, -0.00244648871012, 0.00106378272176, -0.000936753640417, 0.00102278077975, -0.00229767058045, 0.00263558048755, -0.00269490783103, 0.00280478969216, -0.00117277447134], [0.00039189888048, -0.00180401129182, 0.00373952672817, -0.00280634034425, 0.0017634666292, -0.00185882521328, 0.000831398181617, -0.00168123387266, 0.00158274255227, -0.0016739416169, 0.00365200894885, -0.00300709134899, 0.00222008000128], [-0.000531253812369, 0.00209826999344, -0.00280634034425, 0.00676754582673, -0.00300958543085, 0.000885308545548, 0.000708162900992, 0.000155943955178, -0.0026442038361, 0.0028823625762, -0.00275802542455, 0.00267309090123, -0.00346208899282], [0.000599564053118, -0.00244648871012, 0.0017634666292, -0.00300958543085, 0.00812219921499, -0.00126480986364, -0.00135962490458, -0.00142404634971, 0.000830100732855, -0.00104103051126, 0.00113383855205, -0.00157104874961, -0.00016411440447], [-0.000317027792335, 0.00106378272176, -0.00185882521328, 0.000885308545548, -0.00126480986364, 0.00641911057755, -0.00308415293694, 0.000932945345994, 0.00125037762336, -0.00129802257288, -8.73257158673e-05, 0.000470733968541, -0.00031703125569], [0.000192904582946, -0.000936753640417, 0.000831398181617, 0.000708162900992, -0.00135962490458, -0.00308415293694, 0.00995557103306, -0.0019340334693, -0.00043744960567, 0.00187228259165, -0.0015622189967, 0.00126176560298, 0.00226002302952], [-0.000367342843674, 0.00102278077975, -0.00168123387266, 0.000155943955178, -0.00142404634971, 0.000932945345994, -0.0019340334693, 0.00985231157392, -0.00297640729696, -0.00146490056068, 0.000790300546214, 0.00132882967591, -0.00205648713745], [0.000402686186135, -0.00229767058045, 0.00158274255227, -0.0026442038361, 0.000830100732855, 0.00125037762336, -0.00043744960567, -0.00297640729696, 0.0139482663944, -0.00391217367724, 0.00243582902476, -0.000985894119367, 0.000945198698901], [-0.000180255374289, 0.00263558048755, -0.0016739416169, 0.0028823625762, -0.00104103051126, -0.00129802257288, 0.00187228259165, -0.00146490056068, -0.00391217367724, 0.0179982297122, -0.00522002857178, -0.00223569292575, 0.00350200477988], [0.000418983545387, -0.00269490783103, 0.00365200894885, -0.00275802542455, 0.00113383855205, -8.73257158673e-05, -0.0015622189967, 0.000790300546214, 0.00243582902476, -0.00522002857178, 0.0144196618348, -0.00287882518023, -0.00100726459641], [-0.000321776606143, 0.00280478969216, -0.00300709134899, 0.00267309090123, -0.00157104874961, 0.000470733968541, 0.00126176560298, 0.00132882967591, -0.000985894119367, -0.00223569292575, -0.00287882518023, 0.0154534531757, -0.0044423462823], [0.000193321160623, -0.00117277447134, 0.00222008000128, -0.00346208899282, -0.00016411440447, -0.00031703125569, 0.00226002302952, -0.00205648713745, 0.000945198698901, 0.00350200477988, -0.00100726459641, -0.0044423462823, 0.015303590335]], "cov": [[12917.8671875, -475.47869873, 29.426279068, 590.948974609, -763.118652344, 307.978485107, -382.516601563, 264.199890137, -218.71836853, 25.8329544067, -276.629272461, 132.323608398, 47.7885551453], [-475.47869873, 1418.78942871, -170.362579346, -39.337059021, 389.556518555, -148.855194092, 245.678329468, -28.5282802582, 143.41545105, -199.878875732, 172.936355591, -234.127365112, 71.8290405273], [29.426279068, -170.362579346, 831.473754883, 154.814239502, -85.6558609009, 189.494110107, -69.9713897705, 103.43107605, -23.1202106476, 73.710647583, -171.877044678, 106.631057739, -67.5853652954], [590.948974609, -39.337059021, 154.814239502, 331.980255127, 36.7100257874, 3.70853281021, -45.9130020142, 59.813949585, 22.5725402832, -27.202299118, -19.356464386, 6.33514499664, 62.8488464355], [-763.118652344, 389.556518555, -85.6558609009, 36.7100257874, 308.752868652, -32.9519042969, 112.413993835, 6.20842075348, 56.1781997681, -58.1588172913, 70.1739273071, -66.5506744385, 42.2249908447], [307.978485107, -148.855194092, 189.494110107, 3.70853281021, -32.9519042969, 268.957092285, 32.4321136475, 19.4539260864, -44.5063934326, 46.1352233887, -48.4283561707, 37.3865432739, -39.049030304], [-382.516601563, 245.678329468, -69.9713897705, -45.9130020142, 112.413993835, 32.4321136475, 191.950942993, 4.76401185989, 26.2184181213, -35.8398170471, 47.422492981, -61.5909347534, -10.5815887451], [264.199890137, -28.5282802582, 103.43107605, 59.813949585, 6.20842075348, 19.4539260864, 4.76401185989, 144.296188354, 26.2317886353, 15.8239583969, -32.2034873962, 7.68549251556, 7.02975702286], [-218.71836853, 143.41545105, -23.1202106476, 22.5725402832, 56.1781997681, -44.5063934326, 26.2184181213, 26.2317886353, 108.700340271, -6.53107786179, 15.1250581741, -24.5803833008, 10.1886796951], [25.8329544067, -199.878875732, 73.710647583, -27.202299118, -58.1588172913, 46.1352233887, -35.8398170471, 15.8239583969, -6.53107786179, 109.471061707, -12.9730443954, 53.1050376892, -34.8255767822], [-276.629272461, 172.936355591, -171.877044678, -19.356464386, 70.1739273071, -48.4283561707, 47.422492981, -32.2034873962, 15.1250581741, -12.9730443954, 140.226211548, -26.0716133118, 29.4168300629], [132.323608398, -234.127365112, 106.631057739, 6.33514499664, -66.5506744385, 37.3865432739, -61.5909347534, 7.68549251556, -24.5803833008, 53.1050376892, -26.0716133118, 127.695877075, 1.25749242306], [47.7885551453, 71.8290405273, -67.5853652954, 62.8488464355, 42.2249908447, -39.049030304, -10.5815887451, 7.02975702286, 10.1886796951, -34.8255767822, 29.4168300629, 1.25749242306, 106.060134888]]}, "spectral_flux": {"min": 1.04421082892e-10, "max": 0.214494362473, "dvar2": 0.000612167059444, "median": 0.0791327282786, "dmean2": 0.0270827878267, "dmean": 0.0181822944432, "var": 0.00132713606581, "dvar": 0.000297743390547, "mean": 0.0799274221063}, "silence_rate_30dB": {"min": 1, "max": 1, "dvar2": 0, "median": 1, "dmean2": 0, "dmean": 0, "var": 0, "dvar": 0, "mean": 1}, "spectral_energyband_middle_high": {"min": 1.48579136843e-21, "max": 0.048479128629, "dvar2": 2.19784815272e-05, "median": 0.00643531233072, "dmean2": 0.00336964079179, "dmean": 0.00233820849098, "var": 5.20908688486e-05, "dvar": 9.63836646406e-06, "mean": 0.00850894860923}, "barkbands_spread": {"min": 1.9326492548, "max": 123.937187195, "dvar2": 113.756340027, "median": 29.339509964, "dmean2": 9.61348152161, "dmean": 6.43703651428, "var": 218.771316528, "dvar": 56.7268562317, "mean": 30.7181758881}, "spectral_centroid": {"min": 231.576828003, "max": 11377.40625, "dvar2": 171012.890625, "median": 1827.64660645, "dmean2": 387.29397583, "dmean": 266.34387207, "var": 429944.78125, "dvar": 95737.4296875, "mean": 1806.7142334}, "pitch_salience": {"min": 0.126018002629, "max": 0.850324749947, "dvar2": 0.0075491447933, "median": 0.532834231853, "dmean2": 0.100948818028, "dmean": 0.0641566589475, "var": 0.0122693069279, "dvar": 0.00332031631842, "mean": 0.529112756252}, "erbbands_skewness": {"min": -3.10714149475, "max": 2.96944785118, "dvar2": 0.190428569913, "median": -0.188760951161, "dmean2": 0.476607203484, "dmean": 0.31395727396, "var": 0.4822717309, "dvar": 0.0835998356342, "mean": -0.269538611174}, "erbbands_crest": {"min": 2.27641677856, "max": 27.8265590668, "dvar2": 11.6122226715, "median": 7.5565776825, "dmean2": 3.72363352776, "dmean": 2.28589463234, "var": 12.584446907, "dvar": 4.65762472153, "mean": 8.317070961}, "melbands": {"min": [1.61165134906e-23, 4.73205629289e-24, 1.00521058387e-23, 5.52730144942e-24, 8.38975976352e-24, 4.52696152944e-24, 7.51318304767e-24, 5.303283885e-24, 5.25312810865e-24, 8.68130303257e-24, 8.07459563239e-24, 8.06714247456e-24, 5.19965635548e-24, 8.27029782348e-24, 8.87386003523e-24, 9.57263775824e-24, 1.00157638057e-23, 5.82512484013e-24, 6.93650127126e-24, 8.4010680846e-24, 7.30172651544e-24, 6.48073530555e-24, 9.74506539718e-24, 5.56046042871e-24, 9.02968136326e-24, 7.33794075302e-24, 8.38449411698e-24, 1.02452576425e-23, 1.08307170742e-23, 5.93414265622e-24, 1.07490770702e-23, 6.19404550322e-24, 7.68871879858e-24, 7.3119777629e-24, 1.06006181811e-23, 9.54966928412e-24, 5.76762831863e-24, 7.03207334765e-24, 8.04420949918e-24, 1.05337559084e-23], "max": [0.00678441300988, 0.0141552574933, 0.0100824981928, 0.0065102390945, 0.00610951334238, 0.00542187178507, 0.00940913707018, 0.00778155168518, 0.00548675237224, 0.00424326909706, 0.00293475366198, 0.00360391940922, 0.00413141073659, 0.00627211388201, 0.0024274205789, 0.00165217928588, 0.00127478770446, 0.00239060050808, 0.00146915856749, 0.00116761855315, 0.00187134370208, 0.000905081338715, 0.000784883566666, 0.000604040513281, 0.000458450027509, 0.000501199217979, 0.000382342288503, 0.000218384127948, 0.000137732524308, 0.000148647974129, 0.000260823522694, 0.000480030459585, 0.000225511132157, 0.000164123179275, 0.000179471142474, 0.000149815808982, 0.000122976998682, 9.07053909032e-05, 6.01551109867e-05, 4.94649648317e-05], "dvar2": [3.81160788265e-07, 2.74982585324e-06, 1.1962320059e-06, 4.19164479126e-07, 3.6486864019e-07, 1.28736004967e-07, 1.50269855226e-07, 1.63313387702e-07, 1.78587555411e-07, 1.01932307928e-07, 4.5732832632e-08, 6.2256120259e-08, 1.02636036559e-07, 1.41860084568e-07, 2.69808460018e-08, 1.37743283446e-08, 1.33580018158e-08, 2.0336477391e-08, 1.9549565522e-08, 6.60835031141e-09, 9.17262177325e-09, 5.26875210127e-09, 3.80905040842e-09, 2.56743426519e-09, 4.72858807665e-10, 7.69540930978e-10, 7.11986747337e-10, 3.03798541879e-10, 8.53587617256e-11, 1.05202575817e-10, 2.34940067401e-10, 1.90023152769e-09, 3.26359717029e-10, 8.18276002512e-11, 2.72181777117e-10, 5.74354140637e-11, 4.33004708478e-11, 2.54394613014e-11, 1.13616884997e-11, 1.37027897709e-11], "median": [0.000209706602618, 0.00109030981548, 0.000840949767735, 0.000183055279194, 0.000123257384985, 7.59277463658e-05, 5.96512436459e-05, 7.73639185354e-05, 8.7980144599e-05, 8.05939125712e-05, 6.70727604302e-05, 4.81427268824e-05, 3.65618361684e-05, 2.79102587228e-05, 3.08264934574e-05, 1.89389866136e-05, 2.0201481675e-05, 3.30247603415e-05, 3.76738025807e-05, 2.3147340471e-05, 2.38218854065e-05, 3.01746422338e-05, 2.77152848867e-05, 1.85235239769e-05, 9.33065166464e-06, 1.02712438093e-05, 9.54275492404e-06, 6.28848920314e-06, 2.73515706795e-06, 1.49339234667e-06, 1.82848555141e-06, 2.67865516435e-06, 1.60926424542e-06, 1.1612750086e-06, 1.44978878325e-06, 6.20529306161e-07, 4.35983963598e-07, 4.10653086647e-07, 3.7742890413e-07, 3.59629183322e-07], "dmean2": [0.000399653625209, 0.00131457939278, 0.000838868611027, 0.000351549708284, 0.000313636526698, 0.000169500737684, 0.000142636956298, 0.000195298329345, 0.000206177064683, 0.00014845658734, 0.000106891900941, 0.000123804755276, 0.00010576837667, 0.000100412340544, 7.13363770046e-05, 5.00309288327e-05, 5.64192232559e-05, 7.55593937356e-05, 7.30041501811e-05, 4.24370955443e-05, 4.57809364889e-05, 4.35249821749e-05, 3.81845384254e-05, 3.23841195495e-05, 1.30419439301e-05, 1.32575696625e-05, 1.50582327478e-05, 1.04031132651e-05, 5.08836501467e-06, 4.3978575377e-06, 5.91658363192e-06, 1.47492055476e-05, 6.55113990433e-06, 3.26433064401e-06, 6.56449628877e-06, 2.21446566684e-06, 1.77740946583e-06, 1.47880155055e-06, 1.17740887617e-06, 1.41572138546e-06], "dmean": [0.000257868610788, 0.000769986771047, 0.000496850057971, 0.000209396690479, 0.000196642431547, 0.000108179250674, 8.90028823051e-05, 0.000120788870845, 0.000131412336486, 9.31846225285e-05, 6.73198592267e-05, 7.89302066551e-05, 6.78509532008e-05, 6.31524744676e-05, 4.51136220363e-05, 3.19552236761e-05, 3.54831827281e-05, 4.79939226352e-05, 4.61965501017e-05, 2.77884391835e-05, 3.07321643049e-05, 2.79113519355e-05, 2.44675611611e-05, 2.06511977012e-05, 8.34456659504e-06, 8.5796800704e-06, 1.00905945146e-05, 7.04522335582e-06, 3.40730662174e-06, 2.99822977468e-06, 3.9805254346e-06, 9.49656350713e-06, 4.31100670539e-06, 2.23143274525e-06, 4.2883802962e-06, 1.52383961449e-06, 1.22952440051e-06, 1.0279630942e-06, 8.03912200809e-07, 9.88930764834e-07], "var": [3.60984216741e-07, 3.9151486817e-06, 9.11753375021e-07, 2.38175871914e-07, 2.96229814012e-07, 1.14476691238e-07, 1.19958087907e-07, 1.17633085495e-07, 1.52512015461e-07, 6.05603460713e-08, 4.0093059539e-08, 5.84059307585e-08, 8.95015901392e-08, 1.05780138426e-07, 2.43291715663e-08, 1.13276481528e-08, 1.43102738548e-08, 2.23780620701e-08, 2.02887822098e-08, 6.91348667203e-09, 1.5386833141e-08, 5.40512568037e-09, 4.06108924267e-09, 3.06226621838e-09, 4.58767551725e-10, 6.42356667857e-10, 9.8945363014e-10, 4.7959042293e-10, 1.05566444475e-10, 8.2385230582e-11, 1.6203287323e-10, 9.39623934215e-10, 1.79529127675e-10, 5.3855454818e-11, 1.68626557162e-10, 3.81109761804e-11, 2.72344317237e-11, 1.50651071479e-11, 8.07067260244e-12, 1.01840489167e-11], "dvar": [1.71866190612e-07, 1.00255488178e-06, 4.26095283501e-07, 1.59754321771e-07, 1.50659658971e-07, 5.65825963861e-08, 5.84353507804e-08, 6.79489460254e-08, 7.52793383185e-08, 4.10993372668e-08, 1.77851493532e-08, 2.60651038531e-08, 4.12560225982e-08, 5.28978745251e-08, 1.06670610123e-08, 5.38910294168e-09, 5.25238474935e-09, 8.45423553386e-09, 8.03547983708e-09, 2.9483964159e-09, 4.10439282561e-09, 2.18802864715e-09, 1.61867863557e-09, 1.06987785298e-09, 2.01946862011e-10, 3.10972053663e-10, 3.20137388821e-10, 1.43897505023e-10, 4.09539450963e-11, 5.10464726045e-11, 1.1153648144e-10, 8.10936207074e-10, 1.43682357678e-10, 3.79547226981e-11, 1.17259965626e-10, 2.70606488606e-11, 1.99917964128e-11, 1.14191572864e-11, 5.18915943201e-12, 6.20141785146e-12], "mean": [0.000429813604569, 0.00181908428203, 0.00106441008393, 0.000328270107275, 0.000322769628838, 0.000190859966096, 0.000157953210874, 0.000189602244063, 0.00021414719231, 0.000152100576088, 0.0001313558314, 0.000140333708259, 0.000121990211483, 0.000104802827991, 7.80968839535e-05, 5.4792220908e-05, 6.51018999633e-05, 9.13095645956e-05, 8.62258020788e-05, 5.19505883858e-05, 6.56252377667e-05, 5.62558270758e-05, 4.99199268233e-05, 4.18822783104e-05, 1.65484325407e-05, 1.75564564415e-05, 2.11580481846e-05, 1.54154713528e-05, 6.58970384393e-06, 4.4272960622e-06, 5.75528792979e-06, 1.17208974189e-05, 5.61357910556e-06, 3.34890501108e-06, 5.92037758906e-06, 2.10795110434e-06, 1.64145751569e-06, 1.47579385157e-06, 1.29902150547e-06, 1.45625551795e-06]}, "barkbands_skewness": {"min": -2.46695947647, "max": 5.86172103882, "dvar2": 0.351375102997, "median": 0.637792527676, "dmean2": 0.616537809372, "dmean": 0.41361400485, "var": 0.970581948757, "dvar": 0.165592670441, "mean": 0.801856100559}, "spectral_entropy": {"min": 5.72388696671, "max": 9.79909801483, "dvar2": 0.0394274294376, "median": 7.62805509567, "dmean2": 0.204879954457, "dmean": 0.151584297419, "var": 0.15398041904, "dvar": 0.0231472030282, "mean": 7.6347322464}, "spectral_rolloff": {"min": 129.19921875, "max": 18841.5527344, "dvar2": 1871496.375, "median": 2002.58789063, "dmean2": 982.071472168, "dmean": 641.259155273, "var": 2657020.25, "dvar": 979066.5, "mean": 2303.75463867}, "barkbands": {"min": [2.57646736365e-23, 4.19517396911e-23, 6.77229987384e-24, 2.48046204485e-23, 3.77948055966e-23, 1.84852797733e-23, 3.13734967607e-23, 3.65538264185e-23, 6.33609608086e-23, 4.37907574769e-23, 2.55790830645e-23, 9.14914503879e-23, 7.79812859965e-23, 1.0815620012e-22, 7.97096928616e-23, 1.23463244503e-22, 1.03857709669e-22, 1.49419052826e-22, 1.95849916338e-22, 3.44822284564e-22, 3.90076091875e-22, 3.73552623976e-22, 6.39383754367e-22, 5.87686076799e-22, 1.15587292566e-21, 1.76022378374e-21, 2.10348738013e-21], "max": [0.000279489991954, 0.0288704652339, 0.0353443026543, 0.0252094510943, 0.0248895548284, 0.0264718681574, 0.039716348052, 0.0524336211383, 0.0252572800964, 0.0195797607303, 0.0338920131326, 0.0413934066892, 0.0211830046028, 0.019782345742, 0.018350308761, 0.0217595938593, 0.0143058486283, 0.00808306504041, 0.0128492973745, 0.00800222437829, 0.00723330350593, 0.0139838168398, 0.00762095069513, 0.00719576235861, 0.0074036186561, 0.000603513675742, 2.81594111584e-07], "dvar2": [8.88763396212e-10, 7.424604064e-06, 1.81022060133e-05, 7.38677181289e-06, 9.68916174315e-06, 3.82958796763e-06, 3.01085151477e-06, 7.34019295123e-06, 5.1461752264e-06, 2.3817597139e-06, 5.68184213989e-06, 6.83071539243e-06, 2.13197222365e-06, 2.11821793528e-06, 2.97875226352e-06, 1.53475934894e-06, 1.52742438786e-06, 7.6089901313e-07, 3.82503230867e-07, 2.9890247788e-07, 1.75075953734e-07, 1.63616346072e-06, 3.81422978535e-07, 1.84464127528e-07, 4.9853076689e-07, 1.74294267907e-09, 5.82981874127e-17], "median": [1.97636586563e-06, 0.00120305689052, 0.00249549769796, 0.00133801088668, 0.000705548387486, 0.000405351311201, 0.000263507477939, 0.000405962229706, 0.00062428083038, 0.000340843602316, 0.000210852173041, 0.000257020845311, 0.000265130976913, 0.000233323560678, 0.000541915942449, 0.000289562827675, 0.000529425276909, 0.000386379659176, 0.000278287596302, 0.000228778793826, 7.50623294152e-05, 0.00011085235019, 7.76397937443e-05, 3.74155351892e-05, 5.23657654412e-05, 1.93328014575e-06, 2.88162632645e-10], "dmean2": [1.43315637615e-05, 0.00199626223184, 0.00323457177728, 0.00192851899192, 0.0017365013482, 0.000929579196963, 0.000681447447278, 0.0012701167725, 0.0010799994925, 0.000770015292801, 0.000755209301133, 0.000789068057202, 0.000687792140525, 0.000717044109479, 0.000968048931099, 0.000618779391516, 0.000758084934205, 0.000588303955738, 0.000319589657011, 0.000335554621415, 0.000182429561391, 0.000459009170299, 0.000247846299317, 0.000123257312225, 0.000255671271589, 1.54091740114e-05, 1.80699577523e-09], "dmean": [1.13098531074e-05, 0.0012185262749, 0.00189539580606, 0.00112937903032, 0.00105622829869, 0.000594611337874, 0.000424307421781, 0.000791773549281, 0.000680880970322, 0.000492916849907, 0.000481510476675, 0.000494716572575, 0.00043374026427, 0.000449977000244, 0.000617018551566, 0.000400656048441, 0.000488991616294, 0.000378548837034, 0.000209619320231, 0.000230385994655, 0.000125664155348, 0.000304661109112, 0.000167961989064, 8.71945230756e-05, 0.000178067217348, 1.00805073089e-05, 9.70373892351e-10], "var": [1.38609090872e-09, 6.20244418315e-06, 2.44363618549e-05, 5.45218108527e-06, 6.50341917208e-06, 3.3778053421e-06, 2.33379296333e-06, 5.90281706536e-06, 3.21147581417e-06, 2.37888662014e-06, 5.16616182722e-06, 5.2412842706e-06, 1.89541174223e-06, 2.24425320994e-06, 3.1785932606e-06, 2.2705282845e-06, 1.63911761319e-06, 9.08604249616e-07, 3.72401416371e-07, 5.08888831519e-07, 1.55995962814e-07, 9.20839909213e-07, 2.70593289997e-07, 1.24216782638e-07, 3.10325759756e-07, 8.17955647658e-10, 1.12047023732e-17], "dvar": [5.77128123069e-10, 2.83118242805e-06, 6.7981900429e-06, 2.61834065896e-06, 3.79233893e-06, 1.69321651811e-06, 1.19337016713e-06, 3.10169639306e-06, 2.07238235816e-06, 9.67829009824e-07, 2.3334796424e-06, 2.56106545748e-06, 8.37643028717e-07, 8.36713752506e-07, 1.24350253827e-06, 6.59493480271e-07, 6.44689521323e-07, 3.216750315e-07, 1.62427397754e-07, 1.43795531926e-07, 8.9419451399e-08, 7.27760038899e-07, 1.75523993562e-07, 8.70847998158e-08, 2.28784031719e-07, 7.37366390169e-10, 1.98093543966e-17], "mean": [1.67983507708e-05, 0.00210399623029, 0.00430786469951, 0.0020608312916, 0.00161269167438, 0.00102450174745, 0.000710973283276, 0.00121613091324, 0.00114805111662, 0.000889041111805, 0.000830525823403, 0.000828619697131, 0.000734095461667, 0.000812931626569, 0.00117072078865, 0.000829867611174, 0.000989801832475, 0.000785705866292, 0.000457257789094, 0.00052401132416, 0.000201211616513, 0.00040297396481, 0.000249809701927, 0.000128707848489, 0.000237362095504, 1.12837142296e-05, 7.60795648702e-10]}, "melbands_flatness_db": {"min": 0.00553239230067, "max": 0.413961619139, "dvar2": 0.000964169972576, "median": 0.152406126261, "dmean2": 0.0340473465621, "dmean": 0.0241592917591, "var": 0.00395897682756, "dvar": 0.000532660982572, "mean": 0.16277512908}, "melbands_skewness": {"min": -1.43857443333, "max": 10.2589588165, "dvar2": 0.641059339046, "median": 1.68532121181, "dmean2": 0.827638566494, "dmean": 0.547108829021, "var": 1.86553966999, "dvar": 0.29073998332, "mean": 1.94157648087}, "silence_rate_60dB": {"min": 0, "max": 1, "dvar2": 0.0110590364784, "median": 0, "dmean2": 0.0099169453606, "dmean": 0.0049578580074, "var": 0.0550705492496, "dvar": 0.00493327900767, "mean": 0.0584954768419}, "spectral_energyband_low": {"min": 7.5779297531e-23, "max": 0.0473794490099, "dvar2": 3.61163911293e-05, "median": 0.00630472274497, "dmean2": 0.00513737928122, "dmean": 0.00304283481091, "var": 4.39040668425e-05, "dvar": 1.31198603412e-05, "mean": 0.00774767575786}, "spectral_energyband_middle_low": {"min": 3.31611022725e-22, "max": 0.053259011358, "dvar2": 3.28841560986e-05, "median": 0.00662960624322, "dmean2": 0.00469195703045, "dmean": 0.00292000593618, "var": 3.41987542924e-05, "dvar": 1.33765315695e-05, "mean": 0.0079730162397}, "melbands_kurtosis": {"min": -1.77974522114, "max": 133.760437012, "dvar2": 75.3639602661, "median": 2.61562252045, "dmean2": 5.3438744545, "dmean": 3.45224022865, "var": 102.273200989, "dvar": 33.1226844788, "mean": 6.17493438721}, "spectral_decrease": {"min": -1.83239663443e-08, "max": 9.47332559947e-29, "dvar2": 4.73804133146e-18, "median": -5.81520387399e-09, "dmean2": 2.16833506705e-09, "dmean": 1.34322619694e-09, "var": 7.8903029824e-18, "dvar": 1.85887335975e-18, "mean": -5.72475977734e-09}, "erbbands_kurtosis": {"min": -1.65940701962, "max": 16.4400234222, "dvar2": 2.31853461266, "median": 0.0253618396819, "dmean2": 1.21797347069, "dmean": 0.781450271606, "var": 2.98982810974, "dvar": 0.998470366001, "mean": 0.527304649353}, "melbands_crest": {"min": 2.68915748596, "max": 31.2464179993, "dvar2": 18.2534809113, "median": 13.0424785614, "dmean2": 5.10658025742, "dmean": 3.16034317017, "var": 35.1207847595, "dvar": 7.91700649261, "mean": 14.0888214111}, "mfcc": {"mean": [-627.697570801, 107.514556885, -18.418548584, 22.6122207642, 8.6017074585, 3.73552536964, -1.31052827835, 9.45257759094, 3.33043646812, 3.10055303574, 0.35045415163, -5.89275741577, -0.53751718998], "icov": [[0.000127231993247, 2.91004907922e-05, -4.12400440837e-05, -0.000114567599667, 0.000107392683276, 2.77333620033e-05, 4.19344687543e-05, -0.000146935650264, -1.72554755409e-05, 7.69050675444e-05, 4.78842302982e-05, 0.000152754291776, 0.000123127480038], [2.91004907922e-05, 0.000981703749858, 0.000360482808901, -0.00026312834234, -0.00027372490149, 1.04164828372e-05, -0.000337838573614, -0.000906710047275, 4.97531873407e-05, -0.000354981631972, -0.000260826054728, -0.000166961297509, 0.00016993425379], [-4.12400440837e-05, 0.000360482808901, 0.00210718531162, -0.000278870866168, 1.98602047021e-05, -0.00122954254039, 0.000538016029168, -0.00070139876334, -0.000986638362519, 0.00100627425127, -0.000452392734587, -0.000629646063317, 3.98275224143e-05], [-0.000114567599667, -0.00026312834234, -0.000278870866168, 0.00553130591288, -0.0029658167623, 0.00128344923723, 0.000525436131284, -0.000826741394121, -0.000353833020199, -0.000582027481869, 0.00157279346604, -0.000600977567956, -0.00126660102978], [0.000107392683276, -0.00027372490149, 1.98602047021e-05, -0.0029658167623, 0.00851898640394, -0.00109867239371, -0.00063863710966, 0.00105673051439, -0.00130788527895, -0.000436098693172, 0.00153693929315, 8.12194411992e-05, -0.00100412988104], [2.77333620033e-05, 1.04164828372e-05, -0.00122954254039, 0.00128344923723, -0.00109867239371, 0.00706826569512, -0.00179322145414, -0.00185995397624, 0.000549484102521, 0.00104912277311, -0.00172468961682, 0.000480309536215, 0.00103300111368], [4.19344687543e-05, -0.000337838573614, 0.000538016029168, 0.000525436131284, -0.00063863710966, -0.00179322145414, 0.00815509818494, -0.0025159351062, 0.00130304158665, -0.00300688995048, 0.00133783335332, 0.000145582685946, 0.000311090319883], [-0.000146935650264, -0.000906710047275, -0.00070139876334, -0.000826741394121, 0.00105673051439, -0.00185995397624, -0.0025159351062, 0.0143497828394, -0.00415942445397, -0.00101378024556, 0.000391761219362, 0.000498626322951, -0.00381376384757], [-1.72554755409e-05, 4.97531873407e-05, -0.000986638362519, -0.000353833020199, -0.00130788527895, 0.000549484102521, 0.00130304158665, -0.00415942445397, 0.0108634224162, -0.00287934718654, 0.00197973963805, -0.000391224893974, -9.82111741905e-05], [7.69050675444e-05, -0.000354981631972, 0.00100627425127, -0.000582027481869, -0.000436098693172, 0.00104912277311, -0.00300688995048, -0.00101378024556, -0.00287934718654, 0.0150965005159, -0.00525219505653, 0.000331188610289, 0.00195166689809], [4.78842302982e-05, -0.000260826054728, -0.000452392734587, 0.00157279346604, 0.00153693929315, -0.00172468961682, 0.00133783335332, 0.000391761219362, 0.00197973963805, -0.00525219505653, 0.0137783717364, -0.00161526550073, -0.00143588602077], [0.000152754291776, -0.000166961297509, -0.000629646063317, -0.000600977567956, 8.12194411992e-05, 0.000480309536215, 0.000145582685946, 0.000498626322951, -0.000391224893974, 0.000331188610289, -0.00161526550073, 0.0145137421787, -0.00441185617819], [0.000123127480038, 0.00016993425379, 3.98275224143e-05, -0.00126660102978, -0.00100412988104, 0.00103300111368, 0.000311090319883, -0.00381376384757, -9.82111741905e-05, 0.00195166689809, -0.00143588602077, -0.00441185617819, 0.0156035115942]], "cov": [[8673.41503906, -384.657592773, 329.869537354, 169.302185059, -65.6350326538, -23.6260852814, -105.943450928, 79.9752807617, 76.3377532959, -94.7222290039, -98.165397644, -98.9707336426, -57.0409965515], [-384.657592773, 1377.32849121, -248.822372437, 119.231208801, 97.9993438721, -2.81068253517, 139.757232666, 119.415542603, 40.8111495972, 104.122375488, 15.6249046326, 15.9637784958, 24.4271583557], [329.869537354, -248.822372437, 694.373535156, 27.2919502258, 10.144777298, 114.761825562, -52.4352416992, 50.1107254028, 72.1275024414, -55.6721763611, 5.20272159576, 30.8083133698, 23.5056095123], [169.302185059, 119.231208801, 27.2919502258, 305.122131348, 119.27381134, -49.6116218567, -6.40997743607, 41.6360740662, 58.1448097229, 7.56522989273, -50.5737724304, 22.2769470215, 44.3927955627], [-65.6350326538, 97.9993438721, 10.144777298, 119.27381134, 176.947341919, 1.87960624695, 18.7085227966, 23.0512313843, 41.0882530212, 10.3345632553, -31.4088134766, 9.99881267548, 24.5332126617], [-23.6260852814, -2.81068253517, 114.761825562, -49.6116218567, 1.87960624695, 199.317504883, 45.2407112122, 33.2051773071, 0.718861579895, -1.39032495022, 26.7840270996, -4.65375375748, -8.6362657547], [-105.943450928, 139.757232666, -52.4352416992, -6.40997743607, 18.7085227966, 45.2407112122, 172.895904541, 42.1125488281, 0.255017518997, 43.3669281006, 3.09171843529, -6.11603307724, -2.88517165184], [79.9752807617, 119.415542603, 50.1107254028, 41.6360740662, 23.0512313843, 33.2051773071, 42.1125488281, 116.911277771, 52.7977828979, 20.5348567963, -2.85380220413, 7.93782806396, 28.0865077972], [76.3377532959, 40.8111495972, 72.1275024414, 58.1448097229, 41.0882530212, 0.718861579895, 0.255017518997, 52.7977828979, 134.567474365, 19.2998714447, -18.6767024994, 9.86071681976, 18.4874401093], [-94.7222290039, 104.122375488, -55.6721763611, 7.56522989273, 10.3345632553, -1.39032495022, 43.3669281006, 20.5348567963, 19.2998714447, 97.3527450562, 27.2139377594, -1.12684583664, -4.58833599091], [-98.165397644, 15.6249046326, 5.20272159576, -50.5737724304, -31.4088134766, 26.7840270996, 3.09171843529, -2.85380220413, -18.6767024994, 27.2139377594, 99.880897522, 8.71239185333, 0.0656426697969], [-98.9707336426, 15.9637784958, 30.8083133698, 22.2769470215, 9.99881267548, -4.65375375748, -6.11603307724, 7.93782806396, 9.86071681976, -1.12684583664, 8.71239185333, 82.5601119995, 29.698846817], [-57.0409965515, 24.4271583557, 23.5056095123, 44.3927955627, 24.5332126617, -8.6362657547, -2.88517165184, 28.0865077972, 18.4874401093, -4.58833599091, 0.0656426697969, 29.698846817, 85.9822235107]]}, "spectral_energy": {"min": 1.09037631643e-20, "max": 0.0743860676885, "dvar2": 7.83666037023e-05, "median": 0.0247803460807, "dmean2": 0.00884893070906, "dmean": 0.00559680629522, "var": 0.000141389828059, "dvar": 3.22326122841e-05, "mean": 0.0242857988924}, "melbands_spread": {"min": 1.69932854176, "max": 217.543899536, "dvar2": 255.159332275, "median": 35.3367843628, "dmean2": 14.0109863281, "dmean": 9.37928962708, "var": 482.29119873, "dvar": 129.483963013, "mean": 37.7930984497}, "erbbands_flatness_db": {"min": 0.0500366576016, "max": 0.464916676283, "dvar2": 0.000418188137701, "median": 0.165054515004, "dmean2": 0.0226469878107, "dmean": 0.0156557653099, "var": 0.00212971819565, "dvar": 0.000210932965274, "mean": 0.167907238007}, "spectral_contrast_valleys": {"min": [-27.5083885193, -28.080493927, -27.392950058, -27.7279834747, -27.3030509949, -27.3089885712], "max": [-5.73129320145, -4.80909442902, -5.5944237709, -5.66748094559, -5.59728145599, -7.29327106476], "dvar2": [0.347088515759, 0.22541116178, 0.162075266242, 0.13517062366, 0.128418534994, 0.27977502346], "median": [-7.45988512039, -6.7682557106, -7.1159529686, -7.40017652512, -7.26303529739, -10.0041570663], "dmean2": [0.737320303917, 0.58627563715, 0.483493983746, 0.425827950239, 0.377819299698, 0.533749520779], "dmean": [0.445502638817, 0.362809330225, 0.304947763681, 0.2817710042, 0.274579107761, 0.408828914165], "var": [1.67799067497, 1.38705158234, 1.28171026707, 1.15437269211, 1.32226240635, 1.93198919296], "dvar": [0.146530106664, 0.112480476499, 0.0899919569492, 0.0845145657659, 0.0896670371294, 0.179772958159], "mean": [-7.66711044312, -6.93807268143, -7.29415464401, -7.54993486404, -7.44994115829, -10.2352561951]}, "barkbands_flatness_db": {"min": 0.0229154955596, "max": 0.393165647984, "dvar2": 0.000600207946263, "median": 0.129189401865, "dmean2": 0.0273832436651, "dmean": 0.0182036664337, "var": 0.00208201585338, "dvar": 0.000290766707622, "mean": 0.137614041567}, "zerocrossingrate": {"min": 0.005859375, "max": 0.4990234375, "dvar2": 0.000303329958115, "median": 0.07373046875, "dmean2": 0.0144499046728, "dmean": 0.0133978370577, "var": 0.0016626410652, "dvar": 0.000260030472418, "mean": 0.079333871603}, "spectral_skewness": {"min": -0.0450679659843, "max": 4.25101995468, "dvar2": 0.12259773165, "median": 1.40771985054, "dmean2": 0.332306802273, "dmean": 0.208798140287, "var": 0.122700899839, "dvar": 0.0478115789592, "mean": 1.42391395569}, "hfc": {"min": 1.180