{"lowlevel": {"spectral_complexity": {"min": 0, "max": 62, "dvar2": 30.7021255493, "median": 21, "dmean2": 5.56074428558, "dmean": 3.99610900879, "var": 104.862449646, "dvar": 19.3460178375, "mean": 21.3677806854}, "silence_rate_20dB": {"min": 1, "max": 1, "dvar2": 0, "median": 1, "dmean2": 0, "dmean": 0, "var": 0, "dvar": 0, "mean": 1}, "average_loudness": 0.947771608829, "erbbands_spread": {"min": 2.92675447464, "max": 91.5282440186, "dvar2": 66.8132400513, "median": 22.788225174, "dmean2": 8.65572547913, "dmean": 5.72954702377, "var": 135.024658203, "dvar": 29.7201385498, "mean": 24.8444766998}, "spectral_kurtosis": {"min": -1.25457215309, "max": 136.536407471, "dvar2": 148.566604614, "median": 16.2280483246, "dmean2": 8.02872180939, "dmean": 5.04191875458, "var": 147.526306152, "dvar": 55.393737793, "mean": 19.0141906738}, "barkbands_kurtosis": {"min": -1.89340889454, "max": 116.099304199, "dvar2": 68.1957015991, "median": 2.00013780594, "dmean2": 4.46492242813, "dmean": 2.74833273888, "var": 51.1018257141, "dvar": 26.3123264313, "mean": 3.99100828171}, "spectral_strongpeak": {"min": 0, "max": 236.525131226, "dvar2": 1493.41210938, "median": 0.361671090126, "dmean2": 15.0125637054, "dmean": 8.19179344177, "var": 512.642089844, "dvar": 588.030029297, "mean": 6.59796571732}, "spectral_spread": {"min": 1251257.625, "max": 42275660, "dvar2": 822258761728, "median": 3310324, "dmean2": 732947.25, "dmean": 452914.5, "var": 20901189910500.0, "dvar": 367130181632, "mean": 3879795.25}, "spectral_rms": {"min": 3.08275735668e-12, "max": 0.0128033664078, "dvar2": 1.7638543568e-06, "median": 0.00597521336749, "dmean2": 0.00143297133036, "dmean": 0.000916902790777, "var": 4.37496191807e-06, "dvar": 7.22115089502e-07, "mean": 0.00576461339369}, "dynamic_complexity": 2.90940880775, "erbbands": {"min": [8.55901902152e-23, 3.82750060555e-22, 2.22064410453e-21, 1.54625017307e-21, 5.69358230312e-21, 1.86532572396e-20, 4.91214065869e-20, 4.19588722811e-20, 4.40883938381e-20, 1.56655315965e-19, 2.03755729676e-19, 4.53803588358e-19, 5.67811100452e-19, 8.75640471752e-19, 7.33738154656e-19, 7.34338119094e-19, 1.80128732025e-18, 1.9696020313e-18, 2.86773861038e-18, 3.07407157636e-18, 3.03359142513e-18, 4.00820622852e-18, 4.1265575762e-18, 6.99934343589e-18, 5.92654063943e-18, 9.04019901195e-18, 8.88334323393e-18, 9.80838096731e-18, 8.47631329709e-18, 1.06924873224e-17, 1.19123785482e-17, 1.0444147023e-17, 1.0609479748e-17, 8.44808906741e-18, 4.70037276713e-18, 3.3714202591e-18, 2.19876600935e-18, 9.38588502777e-19, 2.29475282312e-19, 2.7395187912e-20], "max": [2.67751073837, 21.8294315338, 42.1717414856, 98.4554290771, 105.849578857, 256.986206055, 806.419006348, 442.947540283, 665.782043457, 1331.11975098, 1573.60168457, 1213.52075195, 1004.84973145, 1111.25939941, 1237.37878418, 1368.05407715, 1217.54602051, 617.656982422, 791.2578125, 714.907653809, 367.176269531, 572.504272461, 1463.57312012, 426.146148682, 761.614990234, 505.431610107, 253.457061768, 243.170532227, 376.461029053, 25.6920681, 7.70948457718, 1.27355778217, 0.905068576336, 0.611987233162, 0.381412416697, 0.211965680122, 0.129804417491, 1.0537211895, 0.542731821537, 0.0755993425846], "dvar2": [0.145412877202, 5.03883218765, 19.7244358063, 48.8242301941, 63.5149421692, 296.915740967, 1323.72961426, 946.94543457, 1917.25854492, 6488.74072266, 4324.4921875, 3579.4074707, 8662.27636719, 9611.41503906, 7337.92236328, 7593.96337891, 7277.65771484, 3124.88354492, 2377.58007812, 2628.45825195, 565.679748535, 1164.53845215, 10301.6259766, 798.779968262, 1902.31079102, 551.687133789, 250.958999634, 331.452697754, 717.070556641, 2.34791064262, 0.525384962559, 0.026024537161, 0.00825481582433, 0.00387527490966, 0.00155928323511, 0.00053558498621, 0.000285120942863, 0.00642970716581, 0.00145055388566, 5.58058309252e-05], "median": [0.153217509389, 1.17994976044, 1.56273007393, 1.58491766453, 2.07636499405, 3.84766149521, 6.51140975952, 8.43747997284, 9.92154693604, 9.1627368927, 11.7842531204, 12.0612440109, 16.3347396851, 26.5983524323, 23.1187076569, 25.3453445435, 32.0270881653, 21.5479431152, 20.3315258026, 15.553735733, 7.88704204559, 5.3468837738, 7.4407248497, 4.64062070847, 4.49812221527, 2.05848002434, 1.6839915514, 2.04587745667, 1.33655905724, 0.207313805819, 0.0693839117885, 0.0287938360125, 0.0140019040555, 0.00956819113344, 0.00655139796436, 0.00433826353401, 0.0043485541828, 0.00953512452543, 0.00953017361462, 0.0108593115583], "dmean2": [0.304410070181, 1.9514772892, 3.07184505463, 3.84848237038, 4.71307373047, 8.72261238098, 17.2380218506, 16.6708164215, 22.6110706329, 26.710144043, 28.9669055939, 28.3779964447, 44.6464118958, 53.1838302612, 45.4094696045, 46.2714042664, 51.3651275635, 35.0762863159, 26.2232151031, 29.3934783936, 13.5905656815, 14.6046962738, 35.2396583557, 12.0249195099, 17.1545505524, 6.8285779953, 5.35961771011, 7.24610471725, 9.1986913681, 0.694151043892, 0.31959861517, 0.103804185987, 0.0580190345645, 0.0399291105568, 0.0256971959025, 0.0153494868428, 0.0112141184509, 0.032299131155, 0.0178321097046, 0.00611459976062], "dmean": [0.17622128129, 1.12213563919, 1.78483080864, 2.33769130707, 2.86575245857, 5.28773164749, 10.7475614548, 10.2654085159, 14.0533657074, 16.8478775024, 18.3787002563, 17.9048061371, 27.825592041, 33.0629234314, 28.8378162384, 29.9122314453, 32.485168457, 22.2718353271, 16.9493350983, 18.9781570435, 8.9357624054, 10.0660171509, 23.0673141479, 8.45617008209, 11.5187034607, 4.8167924881, 3.71781682968, 5.03675270081, 6.23215675354, 0.491866439581, 0.209522515535, 0.0634469911456, 0.0342479906976, 0.0235806014389, 0.0152263715863, 0.0091651128605, 0.00707129295915, 0.0227173287421, 0.0135020567104, 0.00436963140965], "var": [0.0851390734315, 3.43909144402, 9.20967769623, 25.6697883606, 42.9163551331, 163.39163208, 991.579528809, 617.54498291, 1530.44543457, 4209.46875, 4590.80029297, 3252.97436523, 7412.51953125, 7370.80175781, 5839.9765625, 7914.42089844, 5791.89257812, 2641.13842773, 2125.43457031, 2553.69042969, 592.421203613, 944.776184082, 5441.72070312, 785.374145508, 1305.51208496, 382.486938477, 175.004074097, 243.310272217, 434.350769043, 1.82855260372, 0.276324719191, 0.0130528733134, 0.00338128465228, 0.00159017089754, 0.000655838986859, 0.000234440056374, 0.00016835234419, 0.00472732307389, 0.0015387738822, 9.41341786529e-05], "dvar": [0.0515577271581, 1.78506398201, 7.17063903809, 19.5540084839, 26.009223938, 112.651092529, 570.819335938, 386.08203125, 775.106872559, 2534.24804688, 1906.28149414, 1553.92480469, 3519.81958008, 3682.32421875, 3014.43334961, 3295.02270508, 2886.55444336, 1226.6730957, 982.999816895, 1078.60974121, 254.614242554, 580.43347168, 4460.63525391, 428.353271484, 858.0390625, 264.886901855, 115.72869873, 153.928207397, 330.11706543, 1.15297269821, 0.229318231344, 0.0109481317922, 0.00328087853268, 0.00153731822502, 0.000620132137556, 0.00021405852749, 0.000124020807561, 0.00311579299159, 0.00078145734733, 3.10691029881e-05], "mean": [0.254679381847, 1.74727356434, 2.48973679543, 3.17657995224, 4.2504196167, 7.87886238098, 15.6918916702, 16.1355609894, 22.6745796204, 27.1961269379, 31.1936607361, 29.6932315826, 46.2214241028, 56.5720977783, 49.2719154358, 55.1057395935, 58.0918579102, 40.6209526062, 34.2317085266, 35.1858100891, 16.3668956757, 15.0161504745, 29.721031189, 13.4616098404, 16.3147830963, 6.90321016312, 5.71218967438, 7.3540725708, 8.00642299652, 0.693208038807, 0.245832279325, 0.0703899934888, 0.0342348106205, 0.0235433001071, 0.0155613524839, 0.00973388832062, 0.00898241158575, 0.0326410830021, 0.0231280010194, 0.0131554799154]}, "spectral_contrast_coeffs": {"min": [-0.980677425861, -0.99512976408, -0.997921466827, -0.988212943077, -0.988978028297, -0.965769886971], "max": [-0.359354734421, -0.457341194153, -0.528741776943, -0.614600658417, -0.509263575077, -0.429626256227], "dvar2": [0.00463572097942, 0.00406664935872, 0.00275982148014, 0.00148641853593, 0.00122329976875, 0.00452699651942], "median": [-0.706128299236, -0.772058725357, -0.786040902138, -0.784742116928, -0.80661791563, -0.716755270958], "dmean2": [0.0867839306593, 0.0810565948486, 0.066205188632, 0.0490565598011, 0.0412389934063, 0.0782494172454], "dmean": [0.0516847111285, 0.0483384951949, 0.0402147881687, 0.029919071123, 0.025914484635, 0.0515284352005], "var": [0.00590465171263, 0.00484539335594, 0.0039923004806, 0.00259055872448, 0.00274120946415, 0.00972535368055], "dvar": [0.00168716302142, 0.00148371153045, 0.00103055068757, 0.000561902415939, 0.000532882637344, 0.00197752402164], "mean": [-0.703079044819, -0.766459345818, -0.780779182911, -0.785056591034, -0.806593716145, -0.715843856335]}, "dissonance": {"min": 0.242073178291, "max": 0.500000119209, "dvar2": 0.00126210064627, "median": 0.473098397255, "dmean2": 0.0369863286614, "dmean": 0.0218621082604, "var": 0.000803570903372, "dvar": 0.000457454792922, "mean": 0.465299189091}, "spectral_energyband_high": {"min": 6.86786090618e-21, "max": 0.0148383518681, "dvar2": 1.40804615967e-06, "median": 0.000234592473134, "dmean2": 0.000514595303684, "dmean": 0.000378428347176, "var": 1.27986049847e-06, "dvar": 7.19489605672e-07, "mean": 0.00061881536385}, "gfcc": {"mean": [-26.4478168488, 109.629463196, -106.462692261, -7.8087182045, -10.4512262344, -17.5400562286, 10.2340927124, -20.0509414673, -1.44200026989, -1.88416230679, -4.04652357101, -0.568066060543, -2.24967122078], "icov": [[9.08333677216e-05, -0.000317853060551, 0.000518462795299, -0.000476828543469, 0.000352668925188, -0.000315417710226, 0.000214617524762, -4.79283953609e-05, 1.86267097888e-05, -1.63855602295e-05, -5.03786213812e-06, -5.50593103981e-05, 9.16858989513e-05], [-0.000317853060551, 0.00298248790205, -0.00205252785236, 0.00250805262476, -0.00136762310285, 0.00168289744761, -0.00163010787219, 0.00124910322484, -0.000611890340224, 0.000311807962134, -0.00185242446605, 0.00180201907642, -0.00193684198894], [0.000518462795299, -0.00205252785236, 0.00581727363169, -0.00434931740165, 0.00331237306818, -0.00387824000791, 0.0026132715866, -0.00119770877063, -0.000830724544358, 0.000931229558773, -0.00143133569509, -3.40976839652e-05, 8.43768939376e-05], [-0.000476828543469, 0.00250805262476, -0.00434931740165, 0.00883351266384, -0.00576428882778, 0.00484619196504, -0.00228805514053, -0.00135578890331, 0.00323717948049, -0.00309757702053, 0.00307248858735, -0.00548230716959, 0.00359454099089], [0.000352668925188, -0.00136762310285, 0.00331237306818, -0.00576428882778, 0.0108504509553, -0.00593209033832, -0.00164207839407, 0.00388156413101, -0.00306182773784, 0.0035452095326, -0.0048771686852, 0.00521834613755, -0.00416879775003], [-0.000315417710226, 0.00168289744761, -0.00387824000791, 0.00484619196504, -0.00593209033832, 0.00997292809188, -0.000199224858079, -0.00312983291224, 0.00530368182808, -0.00365118868649, 0.00124862533994, -0.000789340294432, 0.000452070933534], [0.000214617524762, -0.00163010787219, 0.0026132715866, -0.00228805514053, -0.00164207839407, -0.000199224858079, 0.0092236129567, -0.00158812303562, -0.00321296136826, 0.00152297562454, 0.00238484633155, -0.00310573540628, 0.00256819371134], [-4.79283953609e-05, 0.00124910322484, -0.00119770877063, -0.00135578890331, 0.00388156413101, -0.00312983291224, -0.00158812303562, 0.0102784605697, -0.00500942626968, 0.00172397762071, -0.00392631907016, 0.00593278557062, -0.00329182017595], [1.86267097888e-05, -0.000611890340224, -0.000830724544358, 0.00323717948049, -0.00306182773784, 0.00530368182808, -0.00321296136826, -0.00500942626968, 0.0177663713694, -0.00960984826088, 0.00424242205918, -0.00359093444422, 0.00515195680782], [-1.63855602295e-05, 0.000311807962134, 0.000931229558773, -0.00309757702053, 0.0035452095326, -0.00365118868649, 0.00152297562454, 0.00172397762071, -0.00960984826088, 0.0221554040909, -0.0110400626436, 0.00562920467928, -0.00633390666917], [-5.03786213812e-06, -0.00185242446605, -0.00143133569509, 0.00307248858735, -0.0048771686852, 0.00124862533994, 0.00238484633155, -0.00392631907016, 0.00424242205918, -0.0110400626436, 0.0265818275511, -0.012757692486, 0.00377691700123], [-5.50593103981e-05, 0.00180201907642, -3.40976839652e-05, -0.00548230716959, 0.00521834613755, -0.000789340294432, -0.00310573540628, 0.00593278557062, -0.00359093444422, 0.00562920467928, -0.012757692486, 0.021897284314, -0.007022570353], [9.16858989513e-05, -0.00193684198894, 8.43768939376e-05, 0.00359454099089, -0.00416879775003, 0.000452070933534, 0.00256819371134, -0.00329182017595, 0.00515195680782, -0.00633390666917, 0.00377691700123, -0.007022570353, 0.0189289599657]], "cov": [[30967.8515625, 1794.95324707, -2633.07763672, 503.67868042, 8.38794994354, -782.334838867, 485.402832031, -646.757263184, 25.6280899048, -56.2027778625, -86.5931167603, 187.037887573, -147.158218384], [1794.95324707, 903.584106445, -95.4608078003, -280.907562256, 51.4559822083, -7.52765846252, 13.3495988846, -63.5313568115, 34.3321609497, 34.7658233643, 47.4992637634, -77.2014770508, 100.353256226], [-2633.07763672, -95.4608078003, 698.341125488, 34.3408470154, -64.6120529175, 225.223526001, -173.045135498, 163.067779541, -38.8235282898, 47.6049118042, 62.0390548706, -4.55886125565, 38.0054016113], [503.67868042, -280.907562256, 34.3408470154, 488.53994751, 72.9911651611, -124.214729309, 130.332763672, -40.5066452026, 3.05498862267, -29.4549026489, -11.6635360718, 126.341438293, -91.2812576294], [8.38794994354, 51.4559822083, -64.6120529175, 72.9911651611, 225.822189331, 46.7128944397, 68.6358184814, -55.7921943665, -5.10870456696, -8.03801441193, 11.654715538, 0.399991750717, 17.7788181305], [-782.334838867, -7.52765846252, 225.223526001, -124.214729309, 46.7128944397, 317.432983398, -121.1771698, 94.9669723511, -64.4224319458, 41.1412506104, 36.806427002, -53.4245605469, 65.4018707275], [485.402832031, 13.3495988846, -173.045135498, 130.332763672, 68.6358184814, -121.1771698, 246.766708374, -44.8060112, 61.6770820618, -32.8840522766, -28.8682556152, 43.2623443604, -54.2057685852], [-646.757263184, -63.5313568115, 163.067779541, -40.5066452026, -55.7921943665, 94.9669723511, -44.8060112, 199.934753418, 25.5057315826, 33.9979972839, 16.3535442352, -39.9069824219, 16.2562389374], [25.6280899048, 34.3321609497, -38.8235282898, 3.05498862267, -5.10870456696, -64.4224319458, 61.6770820618, 25.5057315826, 113.500213623, 26.9039669037, -2.68757534027, 2.02773761749, -21.1380672455], [-56.2027778625, 34.7658233643, 47.6049118042, -29.4549026489, -8.03801441193, 41.1412506104, -32.8840522766, 33.9979972839, 26.9039669037, 86.1078033447, 36.4600982666, -8.29064655304, 27.9715099335], [-86.5931167603, 47.4992637634, 62.0390548706, -11.6635360718, 11.654715538, 36.806427002, -28.8682556152, 16.3535442352, -2.68757534027, 36.4600982666, 74.9922790527, 24.2044811249, 22.6143836975], [187.037887573, -77.2014770508, -4.55886125565, 126.341438293, 0.399991750717, -53.4245605469, 43.2623443604, -39.9069824219, 2.02773761749, -8.29064655304, 24.2044811249, 112.154800415, -10.7690258026], [-147.158218384, 100.353256226, 38.0054016113, -91.2812576294, 17.7788181305, 65.4018707275, -54.2057685852, 16.2562389374, -21.1380672455, 27.9715099335, 22.6143836975, -10.7690258026, 100.115074158]]}, "spectral_flux": {"min": 6.36886030025e-11, "max": 0.293082088232, "dvar2": 0.00112108269241, "median": 0.107106916606, "dmean2": 0.0348041653633, "dmean": 0.0226313881576, "var": 0.00202005100437, "dvar": 0.000470004510134, "mean": 0.10649164021}, "silence_rate_30dB": {"min": 0, "max": 1, "dvar2": 0.0135167101398, "median": 1, "dmean2": 0.0102152498439, "dmean": 0.00510700372979, "var": 0.00339257810265, "dvar": 0.00508112739772, "mean": 0.996595740318}, "spectral_energyband_middle_high": {"min": 1.07531460148e-21, "max": 0.0681291520596, "dvar2": 3.42047715094e-05, "median": 0.006060839165, "dmean2": 0.0045294072479, "dmean": 0.00310177239589, "var": 5.99403283559e-05, "dvar": 1.56342357513e-05, "mean": 0.00845428928733}, "barkbands_spread": {"min": 1.22988772392, "max": 138.671264648, "dvar2": 89.7636108398, "median": 22.4724845886, "dmean2": 9.1471452713, "dmean": 6.01234722137, "var": 146.969985962, "dvar": 43.2072601318, "mean": 24.4313697815}, "spectral_centroid": {"min": 246.183242798, "max": 11942.6152344, "dvar2": 164106.453125, "median": 1110.30749512, "dmean2": 346.158416748, "dmean": 242.097366333, "var": 1753792.625, "dvar": 92528.2421875, "mean": 1372.70837402}, "pitch_salience": {"min": 0.0895111635327, "max": 0.996081113815, "dvar2": 0.0121049452573, "median": 0.538005292416, "dmean2": 0.133415043354, "dmean": 0.0805787146091, "var": 0.014449134469, "dvar": 0.00460878340527, "mean": 0.533342957497}, "erbbands_skewness": {"min": -2.90401959419, "max": 3.41718840599, "dvar2": 0.221259489655, "median": 0.0496993772686, "dmean2": 0.548811435699, "dmean": 0.356978476048, "var": 0.477321624756, "dvar": 0.0975188016891, "mean": 0.0469966679811}, "erbbands_crest": {"min": 2.34957098961, "max": 29.2706203461, "dvar2": 14.4083576202, "median": 7.90986680984, "dmean2": 4.20180702209, "dmean": 2.57233190536, "var": 13.986032486, "dvar": 5.75757360458, "mean": 8.7473449707}, "melbands": {"min": [1.42426114868e-24, 1.4117456732e-24, 2.82865453963e-25, 8.84153330419e-25, 1.53496929647e-24, 8.92648672115e-25, 6.10316142998e-25, 1.62896877864e-24, 1.96747313459e-24, 2.32121631108e-24, 2.62172025115e-24, 2.91564055532e-24, 1.82141238255e-24, 2.21837093714e-24, 3.01120908183e-24, 3.41264659144e-24, 2.8104808607e-24, 3.7215266566e-24, 2.66689338481e-24, 3.55057063767e-24, 3.06545944072e-24, 3.94786426094e-24, 2.74359078075e-24, 3.49265049786e-24, 4.57848952933e-24, 3.16263349639e-24, 4.52535461977e-24, 5.05060345402e-24, 4.1997439981e-24, 5.49206224392e-24, 4.58609059859e-24, 4.20883916991e-24, 4.68825991873e-24, 4.73341589466e-24, 5.42134480807e-24, 5.30875936854e-24, 5.5199520268e-24, 6.5700781418e-24, 5.35544810122e-24, 6.09309536761e-24], "max": [0.0218141078949, 0.0164776295424, 0.0147086344659, 0.0109076853842, 0.0274921245873, 0.00873959437013, 0.0091411601752, 0.0125474175438, 0.0104693593457, 0.00655476655811, 0.00518060335889, 0.00422794884071, 0.00480479188263, 0.00759545108303, 0.00307141430676, 0.00197322526947, 0.00107700494118, 0.0013857386075, 0.00135986786336, 0.000896117882803, 0.000475855340483, 0.000576520164032, 0.000922815932427, 0.000991272507235, 0.000351384369424, 0.000536571256816, 0.000528185046278, 0.000303383858409, 0.000199018249987, 0.00011887432629, 0.000240696637775, 0.000340079568559, 4.2670955736e-05, 7.89341447671e-06, 4.67063591714e-06, 2.7604198749e-06, 7.20692639788e-07, 6.43747227969e-07, 5.64949175441e-07, 4.98940323723e-07], "dvar2": [8.95058747119e-06, 5.34020409759e-06, 1.32203638259e-06, 4.76243229741e-07, 1.51239714796e-06, 4.23621855816e-07, 4.24963474188e-07, 7.12979556283e-07, 2.52017287039e-07, 1.30974456169e-07, 2.36307428736e-07, 1.65431373489e-07, 1.13136700008e-07, 9.61989385928e-08, 5.57404966628e-08, 3.56112899169e-08, 9.85107817542e-09, 6.95042512433e-09, 8.75714079029e-09, 3.92528498594e-09, 6.83497591858e-10, 1.19108689578e-09, 5.62505331203e-09, 5.55329915386e-09, 4.66250926756e-10, 1.84502257916e-09, 4.99378205454e-10, 2.4247376329e-10, 1.32985344958e-10, 6.70107233591e-11, 2.55763188406e-10, 5.91277471429e-10, 3.03029758404e-12, 2.78883632767e-13, 2.10325517853e-13, 6.22088440331e-14, 5.75678912228e-15, 4.17626968842e-15, 3.36448898188e-15, 2.57272069927e-15], "median": [0.00160069297999, 0.00123001181055, 0.000315954210237, 0.000217777182115, 0.000233695915085, 0.000184424352483, 0.000150742547703, 0.000101522215118, 9.77260788204e-05, 7.03062105458e-05, 7.96703097876e-05, 0.000103742619103, 8.30499629956e-05, 5.54412545171e-05, 7.30007886887e-05, 5.9280962887e-05, 3.44688924088e-05, 2.88010323857e-05, 2.54622700595e-05, 1.54255376401e-05, 6.31454850009e-06, 4.33456261817e-06, 6.53650477034e-06, 5.75107378609e-06, 2.81383290712e-06, 3.97392159357e-06, 1.82108794888e-06, 1.10252608465e-06, 9.80842628451e-07, 8.81702362676e-07, 1.10897929062e-06, 9.47624471337e-07, 1.5745985138e-07, 5.47459784173e-08, 3.86316685308e-08, 2.39344757347e-08, 1.26251551436e-08, 8.97250007625e-09, 8.320461653e-09, 7.79971287557e-09], "dmean2": [0.00257415743545, 0.00187699520029, 0.000661561323795, 0.000395187584218, 0.000593450211454, 0.000365090148989, 0.000345348264091, 0.000306315050693, 0.000238734515733, 0.000176279994776, 0.000234604856814, 0.000222477479838, 0.000177346242708, 0.000142803968629, 0.000134440066176, 0.000119688447739, 6.23879022896e-05, 4.32951928815e-05, 4.91674036311e-05, 3.47118293575e-05, 1.36847365866e-05, 1.46773872984e-05, 2.74234844255e-05, 2.69196571026e-05, 8.46813964017e-06, 1.72076252056e-05, 6.44098463454e-06, 4.52772974313e-06, 3.74895807909e-06, 2.92183881356e-06, 5.80835194341e-06, 8.11152312963e-06, 6.47265892439e-07, 2.46208742283e-07, 2.01413712375e-07, 1.11716474294e-07, 4.94918950267e-08, 4.10162570574e-08, 3.6683129423e-08, 3.26027276287e-08], "dmean": [0.00149008643348, 0.00108682154678, 0.000406359118642, 0.00024063802266, 0.000369113840861, 0.000226500589633, 0.00021463057783, 0.000193683983525, 0.000150942069013, 0.000111008339445, 0.0001459379273, 0.000138206203701, 0.000111671244667, 9.11782553885e-05, 8.46036418807e-05, 7.48066595406e-05, 3.91675166611e-05, 2.73301575362e-05, 3.14797798637e-05, 2.21212649194e-05, 8.83795200934e-06, 9.77884792519e-06, 1.82890053111e-05, 1.74844626599e-05, 5.79501420361e-06, 1.12808847916e-05, 4.36481377619e-06, 3.11289795718e-06, 2.55022746387e-06, 1.95866891772e-06, 3.94738890463e-06, 5.43379337614e-06, 4.38865242813e-07, 1.61468250326e-07, 1.31162892103e-07, 6.9137612968e-08, 2.93830186848e-08, 2.41618653973e-08, 2.16280700016e-08, 1.92621261164e-08], "var": [6.16415400145e-06, 3.06656147586e-06, 8.10602614365e-07, 2.70725280416e-07, 1.11669214675e-06, 2.98005289778e-07, 3.38941106293e-07, 5.212096994e-07, 2.56014686784e-07, 1.15058504946e-07, 2.00358130087e-07, 1.26585845805e-07, 7.94943915139e-08, 9.77535705715e-08, 4.21497752257e-08, 2.7942034464e-08, 7.80680675661e-09, 5.19865306359e-09, 7.62422391887e-09, 3.53365936512e-09, 6.00833716113e-10, 8.66530569521e-10, 3.3842049163e-09, 2.95437740938e-09, 3.97423205456e-10, 1.22781773637e-09, 2.78354561623e-10, 1.5851084334e-10, 8.24911666752e-11, 4.37156977284e-11, 1.60958121831e-10, 3.44621581272e-10, 1.62289745444e-12, 1.63734585786e-13, 1.08055200258e-13, 2.58819455126e-14, 2.47589339845e-15, 1.68657102935e-15, 1.36162049755e-15, 1.05828254078e-15], "dvar": [3.21335141962e-06, 1.87630996606e-06, 5.37768926279e-07, 1.81188994475e-07, 6.44150304652e-07, 1.7433184496e-07, 1.71138836436e-07, 2.81327885432e-07, 1.09757337441e-07, 5.66463960183e-08, 9.60642694281e-08, 6.33189074506e-08, 4.56394211312e-08, 4.26287201094e-08, 2.205212013e-08, 1.41182461277e-08, 3.83610876398e-09, 2.76917000441e-09, 3.59769880554e-09, 1.62735769305e-09, 3.07845665626e-10, 5.69079672275e-10, 2.52586107585e-09, 2.41764186448e-09, 2.36982683477e-10, 8.19076195757e-10, 2.18439946686e-10, 1.14047271627e-10, 5.94512564178e-11, 2.85256557958e-11, 1.15968221137e-10, 2.69571032163e-10, 1.31696173064e-12, 1.24563730099e-13, 9.1049902535e-14, 2.56194991301e-14, 2.31665332195e-15, 1.65534971256e-15, 1.3348700324e-15, 1.02048126029e-15], "mean": [0.0023968948517, 0.00172219204251, 0.000600786006544, 0.000380416488042, 0.000553533493076, 0.000357254582923, 0.000348996400135, 0.000311385170789, 0.000252321158769, 0.000177463531145, 0.000234791208641, 0.000231613332289, 0.000177840367542, 0.000151644722791, 0.000143182915053, 0.000123917547171, 6.73535687383e-05, 5.07928052684e-05, 5.59284744668e-05, 3.81189274776e-05, 1.45089561556e-05, 1.35281188705e-05, 2.44044695137e-05, 2.22794496949e-05, 8.62680280989e-06, 1.55743236974e-05, 6.01132387601e-06, 4.20153901359e-06, 3.63048889085e-06, 3.03525666823e-06, 5.3157327784e-06, 6.74642205922e-06, 5.71027044316e-07, 1.95630036615e-07, 1.49200758415e-07, 7.40476764349e-08, 3.01577358641e-08, 2.35177548547e-08, 2.12375166342e-08, 1.92048812409e-08]}, "barkbands_skewness": {"min": -2.2271592617, "max": 9.25793266296, "dvar2": 0.718660414219, "median": 1.20069146156, "dmean2": 0.841648936272, "dmean": 0.535958826542, "var": 1.2932420969, "dvar": 0.302030980587, "mean": 1.35120797157}, "spectral_entropy": {"min": 5.77322053909, "max": 9.82715034485, "dvar2": 0.0588639937341, "median": 7.44565534592, "dmean2": 0.249810546637, "dmean": 0.165223777294, "var": 0.191411018372, "dvar": 0.0248074382544, "mean": 7.44495248795}, "spectral_rolloff": {"min": 150.732421875, "max": 22050, "dvar2": 133271728, "median": 21404.0039062, "dmean2": 8401.09375, "dmean": 4372.56835938, "var": 72799560, "dvar": 54484612, "mean": 16077.4238281}, "barkbands": {"min": [6.79445306021e-25, 2.1908816984e-24, 9.42005332372e-25, 2.1969978356e-25, 6.00605561077e-24, 4.47578772808e-24, 3.08040164955e-24, 2.82929578494e-24, 1.48808591236e-23, 1.44104897649e-23, 1.10746470656e-23, 1.76152308814e-23, 3.39014930394e-23, 3.11115065878e-23, 3.57024309316e-23, 4.77206447811e-23, 6.37658294687e-23, 7.95573291109e-23, 1.57576783353e-22, 1.85051256204e-22, 2.47658880092e-22, 2.76104219835e-22, 3.86683131702e-22, 5.58420675123e-22, 8.49216716188e-22, 1.25634124081e-21, 1.92312565589e-21], "max": [0.0407837592065, 0.0865424275398, 0.0437371581793, 0.0427294671535, 0.0884886085987, 0.0401055030525, 0.0444877594709, 0.0681508034468, 0.0575084798038, 0.031794026494, 0.0325670689344, 0.0575855970383, 0.0220769587904, 0.0116869984195, 0.0168094150722, 0.00842935033143, 0.0110829947516, 0.0210747886449, 0.0106574008241, 0.013105568476, 0.00542070763186, 0.0105607928708, 0.000283086526906, 5.59523359698e-05, 5.41057997907e-05, 7.17914954294e-05, 0.00332596688531], "dvar2": [1.04667906271e-05, 0.000101659592474, 1.77627753146e-05, 8.89918192115e-06, 2.21555492317e-05, 1.13344913188e-05, 1.44406922118e-05, 1.21092552945e-05, 6.82160771248e-06, 1.07862360892e-05, 7.57658654038e-06, 6.15433691564e-06, 4.27595978181e-06, 9.21858486436e-07, 1.23773190808e-06, 4.23169552732e-07, 3.36816327717e-07, 2.38349025494e-06, 5.44284944226e-07, 2.75890926105e-07, 1.01919887641e-07, 5.3076439599e-07, 6.15972273188e-10, 3.29254089271e-11, 3.08450175124e-11, 7.61276111594e-11, 9.72783240627e-08], "median": [0.000532420934178, 0.00566614046693, 0.000966311316006, 0.000510380719788, 0.00127911439631, 0.000922671402805, 0.000587101036217, 0.000436669623014, 0.000523993337993, 0.000582876440603, 0.000603455177043, 0.000525004637893, 0.000728637212887, 0.000292308279313, 0.000378216733225, 0.000163479766343, 7.57785601309e-05, 0.000126855666167, 9.73503265413e-05, 3.84341692552e-05, 3.80195597245e-05, 3.26710214722e-05, 2.42763621827e-06, 9.61346700024e-07, 8.80988977769e-07, 2.02765818358e-06, 0.000205515985726], "dmean2": [0.00192249019165, 0.00893326848745, 0.00255719828419, 0.00149950897321, 0.00249715731479, 0.00187633174937, 0.0017141951248, 0.00140835111961, 0.00129974633455, 0.0016870778054, 0.00145957258064, 0.0012369727483, 0.00132980849594, 0.000548426934984, 0.0006256835768, 0.000363311322872, 0.000242457696004, 0.000559189007618, 0.000313675263897, 0.000143874553032, 0.000118305222713, 0.000245152332354, 1.14607692012e-05, 3.7450038235e-06, 3.5914486034e-06, 5.80872983846e-06, 0.000208816389204], "dmean": [0.00119918759447, 0.00513498112559, 0.00149181718007, 0.000920463004149, 0.00154208834283, 0.00117815332487, 0.00106511882041, 0.000888687267434, 0.000816557498183, 0.00104986235965, 0.000911209150217, 0.000794523919467, 0.000834236503579, 0.000338355835993, 0.000403961195843, 0.000233601516811, 0.000164370518178, 0.000369173329091, 0.00021256195032, 0.00010139686492, 8.14380618976e-05, 0.000165775316418, 7.50574508857e-06, 2.21909795073e-06, 2.12425197788e-06, 3.62497462447e-06, 0.000153549030074], "var": [7.91943239165e-06, 7.0457237598e-05, 7.49801347411e-06, 5.31607702214e-06, 1.45657722896e-05, 8.72075997904e-06, 1.00147190096e-05, 1.23969421111e-05, 6.0995671447e-06, 8.96349956747e-06, 5.35042227057e-06, 6.4923260652e-06, 3.55086513082e-06, 6.02180250553e-07, 1.17187983051e-06, 3.83578253604e-07, 2.51807961149e-07, 1.36177789045e-06, 4.37182364976e-07, 1.80069037015e-07, 7.41713606089e-08, 3.15474636636e-07, 3.38388594923e-10, 1.39680255209e-11, 1.28098148408e-11, 4.11786091337e-11, 1.44083941223e-07], "dvar": [4.9421314543e-06, 3.62263381248e-05, 6.77684147377e-06, 3.60048170478e-06, 8.87688111106e-06, 4.79335403725e-06, 5.68193763684e-06, 5.14350949743e-06, 2.9456325592e-06, 4.301118679e-06, 3.03445472127e-06, 2.72837746707e-06, 1.69376289705e-06, 3.56454478379e-07, 5.181477718e-07, 1.77591346073e-07, 1.62495197742e-07, 1.05592619093e-06, 2.61154411874e-07, 1.29318934228e-07, 4.59645264073e-08, 2.42674445872e-07, 2.70858724338e-10, 1.3176435637e-11, 1.22502511607e-11, 3.21139573267e-11, 5.57114105959e-08], "mean": [0.00146839336958, 0.0082371737808, 0.00179680937435, 0.00121525453869, 0.00244783982635, 0.00183859560639, 0.00163214991335, 0.00140722340439, 0.00130089442246, 0.00168464705348, 0.00137366156559, 0.00134435249493, 0.00141309842002, 0.000555538921617, 0.000749399536289, 0.000392884627217, 0.000231212339713, 0.000486416916829, 0.000316836405545, 0.000140813805046, 0.000127657564008, 0.000210314552533, 8.83624670678e-06, 2.2701110538e-06, 2.13872294808e-06, 4.37355674876e-06, 0.00033072536462]}, "melbands_flatness_db": {"min": -4.14174309071e-07, "max": 0.51092082262, "dvar2": 0.00189713039435, "median": 0.237412899733, "dmean2": 0.0510797947645, "dmean": 0.0327620990574, "var": 0.00414162827656, "dvar": 0.000795290863607, "mean": 0.239290177822}, "melbands_skewness": {"min": -1.4955290556, "max": 11.2449531555, "dvar2": 1.02140522003, "median": 1.52943885326, "dmean2": 1.04895353317, "dmean": 0.654364645481, "var": 1.66827666759, "dvar": 0.409884750843, "mean": 1.77217710018}, "silence_rate_60dB": {"min": 0, "max": 1, "dvar2": 0.00652515329421, "median": 0, "dmean2": 0.00632372591645, "dmean": 0.00316147855483, "var": 0.0564547069371, "dvar": 0.00315102981403, "mean": 0.0600607916713}, "spectral_energyband_low": {"min": 1.39967921735e-23, "max": 0.0910009890795, "dvar2": 0.000145716287079, "median": 0.00885871052742, "dmean2": 0.0109689701349, "dmean": 0.0064070248045, "var": 0.000106657687866, "dvar": 5.22203954461e-05, "mean": 0.0116363083944}, "spectral_energyband_middle_low": {"min": 1.4712623176e-22, "max": 0.115076936781, "dvar2": 7.17003422324e-05, "median": 0.00762375397608, "dmean2": 0.00623659510165, "dmean": 0.00401348154992, "var": 8.93454416655e-05, "dvar": 3.024704165e-05, "mean": 0.0103618940338}, "melbands_kurtosis": {"min": -1.74921512604, "max": 188.093460083, "dvar2": 127.743019104, "median": 2.53337478638, "dmean2": 6.53726863861, "dmean": 3.99650740623, "var": 107.549453735, "dvar": 52.0344352722, "mean": 5.62507724762}, "spectral_decrease": {"min": -3.0409250229e-08, "max": 1.53161181515e-08, "dvar2": 1.20842344195e-17, "median": -5.15230036413e-09, "dmean2": 3.32867844399e-09, "dmean": 2.08725703388e-09, "var": 1.37390596929e-17, "dvar": 4.71250378441e-18, "mean": -5.48616885254e-09}, "erbbands_kurtosis": {"min": -1.70156657696, "max": 19.7683639526, "dvar2": 3.07277488708, "median": 0.335430145264, "dmean2": 1.56245851517, "dmean": 1.00225162506, "var": 3.92128586769, "dvar": 1.29976499081, "mean": 0.926077544689}, "melbands_crest": {"min": 1.00086832047, "max": 33.2138137817, "dvar2": 27.8263607025, "median": 12.8131875992, "dmean2": 6.34838676453, "dmean": 3.76133394241, "var": 28.9968147278, "dvar": 10.350941658, "mean": 13.4781570435}, "mfcc": {"mean": [-676.014282227, 172.695083618, -33.9892654419, 27.647605896, -10.0935544968, 19.5871772766, 6.22228622437, 1.94535255432, 5.7234582901, -1.97736060619, 8.6383190155, -0.0462724305689, -0.537834525108], "icov": [[0.000187392361113, -0.000220372297917, 0.000200175010832, -0.000281591259409, 5.77228674956e-05, -0.000104997488961, 6.0706421209e-05, -8.95640987437e-05, 0.000180478775292, -7.59235190344e-05, 0.000113136877189, -0.000256483297562, 0.000140522315633], [-0.000220372297917, 0.00103878648952, -0.000121986704471, 0.000489879457746, 0.000103027923615, -0.000209689504118, -0.000444602483185, 0.000880522653461, -0.000687852909323, 2.0869587388e-05, -0.000656239222735, 0.000734873057809, -0.000608555797953], [0.000200175010832, -0.000121986704471, 0.00252393097617, 7.69995967858e-05, -0.00145808409434, 0.00123779720161, 0.000156860638526, -0.000688584696036, 0.00108296284452, -0.000407173734857, -0.000130302971229, -0.000360793492291, -0.000437817856437], [-0.000281591259409, 0.000489879457746, 7.69995967858e-05, 0.00321935955435, 0.00073682673974, -0.00107758236118, 0.000945816922467, -0.00150864559691, -0.000423699471867, 0.00170128187165, -0.00154278799891, -0.000144284771523, -0.000745745899621], [5.77228674956e-05, 0.000103027923615, -0.00145808409434, 0.00073682673974, 0.00713887251914, -0.00178843666799, -0.00291293067858, 0.00094964040909, 0.000714491121471, -0.000850902346428, 0.000938106095418, -0.000973598798737, -0.000334557029419], [-0.000104997488961, -0.000209689504118, 0.00123779720161, -0.00107758236118, -0.00178843666799, 0.00871502608061, -0.00311897578649, 0.00041782099288, 0.000528338598087, 0.00175120087806, -3.28073952005e-06, 0.00158329482656, -0.00237339106388], [6.0706421209e-05, -0.000444602483185, 0.000156860638526, 0.000945816922467, -0.00291293067858, -0.00311897578649, 0.0121180936694, -0.00287139625289, -0.00253375945613, 0.00104357698001, 0.00179159338586, -0.00273246201687, 0.0011438515503], [-8.95640987437e-05, 0.000880522653461, -0.000688584696036, -0.00150864559691, 0.00094964040909, 0.00041782099288, -0.00287139625289, 0.0110913589597, -0.00163009460084, 0.000309155293508, -0.0026924086269, 0.00163722888101, -0.000920496298932], [0.000180478775292, -0.000687852909323, 0.00108296284452, -0.000423699471867, 0.000714491121471, 0.000528338598087, -0.00253375945613, -0.00163009460084, 0.0151635296643, -0.00554063729942, 0.000157152317115, -0.00325264711864, 0.00328540499322], [-7.59235190344e-05, 2.0869587388e-05, -0.000407173734857, 0.00170128187165, -0.000850902346428, 0.00175120087806, 0.00104357698001, 0.000309155293508, -0.00554063729942, 0.0123868212104, -0.00303196394816, 0.0016376664862, -0.00297445291653], [0.000113136877189, -0.000656239222735, -0.000130302971229, -0.00154278799891, 0.000938106095418, -3.28073952005e-06, 0.00179159338586, -0.0026924086269, 0.000157152317115, -0.00303196394816, 0.0144839603454, -0.0051112761721, 0.0043467329815], [-0.000256483297562, 0.000734873057809, -0.000360793492291, -0.000144284771523, -0.000973598798737, 0.00158329482656, -0.00273246201687, 0.00163722888101, -0.00325264711864, 0.0016376664862, -0.0051112761721, 0.0244264770299, -0.0130582572892], [0.000140522315633, -0.000608555797953, -0.000437817856437, -0.000745745899621, -0.000334557029419, -0.00237339106388, 0.0011438515503, -0.000920496298932, 0.00328540499322, -0.00297445291653, 0.0043467329815, -0.0130582572892, 0.0211092717946]], "cov": [[10755.0234375, 1694.59594727, -1272.59716797, 1173.26184082, -448.853118896, 419.308380127, -38.1744880676, 78.615814209, 16.0149784088, -194.376754761, 126.189956665, 40.9460716248, 7.30305719376], [1694.59594727, 1573.18811035, -142.600753784, -137.031967163, 7.51557397842, 83.8538208008, 63.1493835449, -112.1978302, 64.24949646, 45.2854995728, 14.7386903763, -4.85825777054, 17.8475856781], [-1272.59716797, -142.600753784, 672.998901367, -221.650268555, 168.069046021, -107.635940552, 14.6074123383, -4.21767473221, -28.3699359894, 58.0158500671, -16.8189105988, 18.8060054779, 27.7618541718], [1173.26184082, -137.031967163, -221.650268555, 656.860839844, -150.105545044, 89.9990386963, -48.1686782837, 109.23249054, -13.9465227127, -101.46963501, 71.4297790527, 14.6546592712, 4.19053792953], [-448.853118896, 7.51557397842, 168.069046021, -150.105545044, 249.498413086, 32.8877410889, 77.9848480225, -28.1662921906, -6.97388935089, 21.5223751068, -38.5259552002, 19.4341068268, 27.6586704254], [419.308380127, 83.8538208008, -107.635940552, 89.9990386963, 32.8877410889, 189.24256897, 56.4324111938, 4.65986347198, -8.96570205688, -45.7303009033, -12.6001834869, 6.31113815308, 20.9672317505], [-38.1744880676, 63.1493835449, 14.6074123383, -48.1686782837, 77.9848480225, 56.4324111938, 134.357925415, 11.5908212662, 18.8889789581, -3.14152240753, -20.1174507141, 16.5079250336, 12.453584671], [78.615814209, -112.1978302, -4.21767473221, 109.23249054, -28.1662921906, 4.65986347198, 11.5908212662, 128.048751831, 11.5014162064, -9.77535247803, 29.7510490417, 3.30957102776, -2.19959759712], [16.0149784088, 64.24949646, -28.3699359894, -13.9465227127, -6.97388935089, -8.96570205688, 18.8889789581, 11.5014162064, 94.1209030151, 42.5946998596, 14.2946386337, 7.96320152283, -7.64037466049], [-194.376754761, 45.2854995728, 58.0158500671, -101.46963501, 21.5223751068, -45.7303009033, -3.14152240753, -9.77535247803, 42.5946998596, 127.698501587, 16.5929279327, 4.81782817841, 6.08938264847], [126.189956665, 14.7386903763, -16.8189105988, 71.4297790527, -38.5259552002, -12.6001834869, -20.1174507141, 29.7510490417, 14.2946386337, 16.5929279327, 97.2824172974, 11.540350914, -10.66015625], [40.9460716248, -4.85825777054, 18.8060054779, 14.6546592712, 19.4341068268, 6.31113815308, 16.5079250336, 3.30957102776, 7.96320152283, 4.81782817841, 11.540350914, 68.5192337036, 40.2118759155], [7.30305719376, 17.8475856781, 27.7618541718, 4.19053792953, 27.6586704254, 20.9672317505, 12.453584671, -2.19959759712, -7.64037466049, 6.08938264847, -10.66015625, 40.2118759155, 79.704788208]]}, "spectral_energy": {"min": 9.74097825203e-21, "max": 0.168024346232, "dvar2": 0.00038927726564, "median": 0.0365957543254, "dmean2": 0.0189506448805, "dmean": 0.0119999535382, "var": 0.000512586615514, "dvar": 0.000158742448548, "mean": 0.0385459028184}, "melbands_spread": {"min": 0.984847843647, "max": 201.549041748, "dvar2": 156.688186646, "median": 21.6850509644, "dmean2": 10.7280426025, "dmean": 6.98788261414, "var": 397.112701416, "dvar": 74.3101425171, "mean": 25.7209892273}, "erbbands_flatness_db": {"min": 0.0354552455246, "max": 0.404113471508, "dvar2": 0.000884561915882, "median": 0.166197746992, "dmean2": 0.0357476957142, "dmean": 0.0228546224535, "var": 0.00183255295269, "dvar": 0.000350289134076, "mean": 0.17113725841}, "spectral_contrast_valleys": {"min": [-28.3781337738, -28.1863765717, -27.8720417023, -27.5391273499, -27.5150718689, -27.4223709106], "max": [-5.39336919785, -4.7248134613, -5.23682785034, -5.46696090698, -5.32169437408, -9.0496969223], "dvar2": [0.288782984018, 0.20438683033, 0.151953667402, 0.118477895856, 0.247135654092, 0.813243687153], "median": [-6.73703813553, -6.27280330658, -6.61444854736, -7.05609703064, -7.65023136139, -11.2275037766], "dmean2": [0.68528431654, 0.572913944721, 0.474931269884, 0.406829565763, 0.49441242218, 1.08609354496], "dmean": [0.402143627405, 0.349891364574, 0.303236782551, 0.276538670063, 0.361287385225, 0.667558133602], "var": [7.40413618088, 7.59371328354, 7.33515024185, 7.16831922531, 7.10617828369, 4.94969081879], "dvar": [0.109373345971, 0.0880044400692, 0.0733380615711, 0.0666418075562, 0.133024126291, 0.318043738604], "mean": [-7.25073242188, -6.75269460678, -7.08533811569, -7.54167509079, -8.07538509369, -11.5844583511]}, "barkbands_flatness_db": {"min": 0.0377756990492, "max": 0.348582059145, "dvar2": 0.00114500604104, "median": 0.133023872972, "dmean2": 0.0390254631639, "dmean": 0.0247430372983, "var": 0.001839739969, "dvar": 0.00046266647405, "mean": 0.136882811785}, "zerocrossingrate": {"min": 0.0810546875, "max": 0.626953125, "dvar2": 0.00151915033348, "median": 0.28466796875, "dmean2": 0.0446069836617, "dmean": 0.0350063927472, "var": 0.00543733173981, "dvar": 0.000971943489276, "mean": 0.293834835291}, "spectral_skewness": {"min": -0.0869224742055, "max": 9.94874191284, "dvar2": 0.590333580971, "median": 2.6245663166, "dmean2": 0.611037254333, "dmean": 0.40729701519, "var": 1.13016188145, "dvar"