{"lowlevel": {"spectral_complexity": {"min": 0, "max": 57, "dvar2": 27.0217094421, "median": 26, "dmean2": 5.54174470901, "dmean": 3.83054661751, "var": 98.9712677002, "dvar": 15.1246824265, "mean": 26.0084838867}, "silence_rate_20dB": {"min": 1, "max": 1, "dvar2": 0, "median": 1, "dmean2": 0, "dmean": 0, "var": 0, "dvar": 0, "mean": 1}, "average_loudness": 0.962225675583, "erbbands_spread": {"min": 2.65030908585, "max": 96.3539505005, "dvar2": 63.8248558044, "median": 24.6241550446, "dmean2": 7.7276058197, "dmean": 5.07298612595, "var": 124.560569763, "dvar": 29.0090007782, "mean": 26.2683925629}, "spectral_kurtosis": {"min": -1.27679288387, "max": 52.3333969116, "dvar2": 16.1963062286, "median": 4.94613265991, "dmean2": 3.14275383949, "dmean": 1.90067398548, "var": 12.4770212173, "dvar": 5.57536125183, "mean": 5.40890264511}, "barkbands_kurtosis": {"min": -1.77577483654, "max": 40.1660766602, "dvar2": 3.98037147522, "median": -0.622609913349, "dmean2": 1.16800010204, "dmean": 0.73156529665, "var": 3.64745259285, "dvar": 1.62369382381, "mean": -0.0643173456192}, "spectral_strongpeak": {"min": 0, "max": 13.4357738495, "dvar2": 4.6028418541, "median": 0.568470597267, "dmean2": 1.53123855591, "dmean": 0.891813278198, "var": 3.64473319054, "dvar": 1.80977284908, "mean": 1.56426811218}, "spectral_spread": {"min": 1042835, "max": 42803136, "dvar2": 1000703197180.0, "median": 3334128.25, "dmean2": 675775.5625, "dmean": 491245.53125, "var": 30661526159400.0, "dvar": 559461171200, "mean": 4381032.5}, "spectral_rms": {"min": 3.08716377115e-12, "max": 0.00726372003555, "dvar2": 3.26595170463e-07, "median": 0.00464279623702, "dmean2": 0.000619415019173, "dmean": 0.000414352980442, "var": 1.7156650074e-06, "dvar": 1.65144399489e-07, "mean": 0.00436036381871}, "dynamic_complexity": 2.24991607666, "erbbands": {"min": [5.16118084812e-23, 5.74844632952e-22, 5.1057112416e-22, 4.96157835201e-21, 1.02761075628e-20, 2.38739091249e-20, 5.4524269236e-20, 5.71892189874e-20, 1.3226351746e-19, 8.05651492277e-20, 2.15491936228e-19, 2.34857746558e-19, 3.83409794447e-19, 6.2680815498e-19, 9.22990564761e-19, 8.06128555771e-19, 1.66548969948e-18, 1.75615675962e-18, 1.9867920852e-18, 2.4782250502e-18, 3.28810290549e-18, 3.46176430522e-18, 5.21651816652e-18, 5.78744194762e-18, 6.19940891195e-18, 8.0071943563e-18, 8.60118696391e-18, 1.04956894742e-17, 9.65935528097e-18, 1.09248514555e-17, 1.09263718135e-17, 8.90472254404e-18, 9.00010556766e-18, 7.0309839215e-18, 6.2223991563e-18, 4.257055244e-18, 2.32748503204e-18, 9.22360873519e-19, 2.10412543204e-19, 2.31601362668e-20], "max": [0.355330556631, 2.86018967628, 26.2602348328, 54.6479301453, 53.9231300354, 88.9566040039, 137.875350952, 134.838867188, 394.219421387, 332.862487793, 469.307189941, 469.967773438, 481.637664795, 588.546386719, 657.17364502, 1049.78442383, 685.949829102, 598.351196289, 1663.18823242, 1320.14733887, 1472.24560547, 771.984802246, 925.268554688, 459.028381348, 370.175445557, 232.348114014, 218.105789185, 259.331176758, 442.892120361, 196.866271973, 164.440994263, 134.595657349, 90.4742736816, 43.6853294373, 49.1778564453, 2.48619699478, 0.363753437996, 0.0547091290355, 0.00230716890655, 0.000152190594235], "dvar2": [0.0017298234161, 0.141435101628, 5.70555400848, 15.8044528961, 23.5789833069, 76.6867446899, 132.950836182, 112.050712585, 263.137237549, 649.139099121, 2143.43261719, 2080.1184082, 1744.05004883, 2931.67285156, 3319.10229492, 2653.8737793, 2605.15771484, 3416.01831055, 9408.25195313, 8068.78027344, 7138.79345703, 5758.33056641, 2762.04174805, 590.717102051, 1093.86804199, 403.79699707, 115.443199158, 314.06640625, 1352.98144531, 136.610427856, 115.566886902, 54.4868431091, 20.8050994873, 6.26375627518, 13.0986814499, 0.0430112741888, 0.00135898496956, 2.57160918409e-05, 4.20118340116e-08, 1.89441767828e-10], "median": [0.00619480572641, 0.180592998862, 1.26694869995, 2.30500245094, 1.52501952648, 1.54841411114, 2.47140884399, 2.99569892883, 4.19542360306, 7.22843313217, 11.5261049271, 16.1784534454, 17.9281539917, 15.1691942215, 13.5904216766, 15.9605484009, 17.330871582, 23.3304138184, 49.1672668457, 49.5913963318, 37.9792442322, 54.2616119385, 40.4236564636, 19.70429039, 17.7512683868, 11.1341285706, 3.94869041443, 2.60652399063, 2.6594991684, 1.54862844944, 1.15633189678, 0.524839162827, 0.381203055382, 0.30515024066, 0.155178382993, 0.0159229617566, 0.00177867151797, 0.00020167081675, 2.28713724937e-05, 3.0075214454e-05], "dmean2": [0.0192807465792, 0.276729017496, 1.74310004711, 2.85070419312, 2.76776075363, 4.36638259888, 5.88238954544, 5.47300863266, 7.602643013, 13.183216095, 24.0713844299, 24.4366188049, 22.6821346283, 28.3797359467, 24.6937141418, 22.9675388336, 27.0212402344, 34.8028373718, 60.9190177917, 58.2372055054, 48.7511901855, 54.8178024292, 39.0707626343, 16.690290451, 20.0493450165, 13.254240036, 5.77334022522, 7.75562143326, 12.7768354416, 4.58570575714, 4.48743581772, 2.2802965641, 1.41964125633, 0.980282962322, 1.20757770538, 0.0819601416588, 0.0136445602402, 0.00165434100199, 5.97757934884e-05, 1.0205631952e-05], "dmean": [0.0136094940826, 0.166041299701, 1.04845583439, 1.69433093071, 1.67106842995, 2.64141988754, 3.76244187355, 3.51975870132, 4.80140209198, 8.22979450226, 15.1840858459, 15.5454387665, 14.323890686, 17.8184738159, 15.9312076569, 14.8954782486, 17.2178440094, 21.6109695435, 38.3783988953, 37.7521629333, 31.9388313293, 35.1128730774, 25.5389213562, 10.83979702, 13.2263860703, 9.04759407043, 4.06530380249, 5.46308469772, 8.43654823303, 3.2336499691, 3.08130693436, 1.62527954578, 1.01137256622, 0.710062384605, 0.825247108936, 0.0589001365006, 0.00949307531118, 0.00110612483695, 3.95085589844e-05, 7.23346511222e-06], "var": [0.00166692421772, 0.148223921657, 10.8975067139, 13.9265794754, 14.5700550079, 49.7323112488, 123.667610168, 135.796707153, 344.340911865, 475.355133057, 1987.84020996, 1450.79345703, 1494.62841797, 2435.47998047, 3251.84716797, 3600.15380859, 2714.05908203, 3400.05688477, 11146.6572266, 9756.13378906, 12167.4111328, 7647.60839844, 4080.70214844, 730.27154541, 1193.78613281, 710.449157715, 142.22694397, 273.944702148, 675.797729492, 109.522674561, 88.4843215942, 38.4056587219, 12.7744636536, 4.90087795258, 6.97721481323, 0.0311395712197, 0.000840693479404, 1.14353533718e-05, 1.55520574197e-08, 2.96214330842e-10], "dvar": [0.000926384178456, 0.0499666593969, 2.27344155312, 5.83140945435, 9.22997760773, 29.9987049103, 56.7407913208, 51.4399108887, 115.328857422, 275.37612915, 908.931518555, 879.339660645, 660.268554688, 1146.16516113, 1280.18786621, 1083.5612793, 1067.39501953, 1291.25170898, 4036.08325195, 3715.71191406, 3058.20751953, 2385.43798828, 1238.04272461, 267.384033203, 473.935852051, 197.131530762, 61.0387687683, 163.573516846, 581.368103027, 69.2057113647, 56.010471344, 26.1041965485, 9.36314582825, 3.0386633873, 5.78415584564, 0.0213568601757, 0.000646048167255, 1.09178154162e-05, 1.66786335853e-08, 1.0091104341e-10], "mean": [0.0213147811592, 0.331916213036, 2.59825086594, 3.36700296402, 2.61595320702, 3.96153211594, 6.56882476807, 6.70765638351, 9.59479236603, 14.142616272, 25.983795166, 27.0992736816, 29.4890193939, 33.3740768433, 31.9466228485, 31.4450397491, 33.9387664795, 43.8767051697, 80.9293518066, 79.3416442871, 76.9037628174, 83.2166137695, 60.6413230896, 26.8542404175, 29.3201370239, 21.3935317993, 7.97539234161, 8.02869415283, 10.5970106125, 4.75210094452, 4.35269546509, 2.16684770584, 1.45692038536, 1.07094204426, 1.02340197563, 0.0780415162444, 0.011228967458, 0.00121136556845, 5.51830780751e-05, 3.09186507366e-05]}, "spectral_contrast_coeffs": {"min": [-0.986309289932, -0.980834066868, -0.976726949215, -0.971722185612, -0.967122673988, -0.964697539806], "max": [-0.313365668058, -0.377510130405, -0.411970943213, -0.459172546864, -0.508454024792, -0.620059549809], "dvar2": [0.00435894029215, 0.00363963353448, 0.00234323297627, 0.00167623069137, 0.000972012523562, 0.000693120702635], "median": [-0.625783503056, -0.749623298645, -0.754497468472, -0.736245214939, -0.733554542065, -0.758581399918], "dmean2": [0.081203982234, 0.0727796182036, 0.0580974444747, 0.0511270686984, 0.0377422682941, 0.030130116269], "dmean": [0.0485578887165, 0.0443027801812, 0.0361047871411, 0.031834371388, 0.024595702067, 0.0190608911216], "var": [0.00774758355692, 0.00594937009737, 0.00446803309023, 0.00429015792906, 0.00397727591917, 0.00216375570744], "dvar": [0.00161116849631, 0.00143557752017, 0.000905859516934, 0.000686247542035, 0.000446761579951, 0.000306034635287], "mean": [-0.6316010952, -0.746907413006, -0.753280460835, -0.736597001553, -0.735290825367, -0.759955942631]}, "dissonance": {"min": 0.130898550153, "max": 0.49997651577, "dvar2": 0.000446700607426, "median": 0.480996131897, "dmean2": 0.0196106564254, "dmean": 0.0116572892293, "var": 0.000302338827169, "dvar": 0.000162965574418, "mean": 0.477063149214}, "spectral_energyband_high": {"min": 6.83958893913e-21, "max": 0.0174696389586, "dvar2": 2.53622465607e-06, "median": 0.000429284758866, "dmean2": 0.000770588929299, "dmean": 0.000569138850551, "var": 2.58847035184e-06, "dvar": 1.37359916152e-06, "mean": 0.000972231733613}, "gfcc": {"mean": [-21.5356845856, 87.3027496338, -155.444076538, 34.3524780273, -50.6770744324, 15.8788537979, -42.5293388367, 15.8813009262, -20.019367218, -4.0983915329, -18.6713752747, -9.82440090179, -9.06741809845], "icov": [[0.00028687651502, -0.000551046978217, 0.000808701792266, -0.000882892985828, 0.000862187938765, -0.000596679688897, 0.000630045193247, -0.000669976696372, 0.00066023884574, -0.000517406442668, 0.00060954480432, -0.000379049481126, 0.000403523124987], [-0.000551046978217, 0.0024044548627, -0.00133480934892, 0.0016471054405, -0.00236652675085, 0.000993591616862, -0.000780824339017, 0.000946112209931, -0.00163226795848, 0.00243760203011, -0.00208880775608, 0.00224017864093, -0.000377826567274], [0.000808701792266, -0.00133480934892, 0.00355512346141, -0.00282711838372, 0.00184402870946, -0.00181944982614, 0.00097860803362, -0.00140796182677, 0.00116207881365, -0.00179216626566, 0.00268514547497, -0.00230945204385, 0.00149842014071], [-0.000882892985828, 0.0016471054405, -0.00282711838372, 0.00711248535663, -0.00292453239672, 0.000848987954669, 0.000238273263676, 0.000182541480171, -0.00208094436675, 0.00271567516029, -0.00184741499834, 0.00231792661361, -0.00317807332613], [0.000862187938765, -0.00236652675085, 0.00184402870946, -0.00292453239672, 0.00831812340766, -0.00130710750818, -0.00090419058688, -0.00214117206633, 0.000271811382845, -0.000755758257583, -0.000353664887371, -0.0004965098924, -9.39763704082e-05], [-0.000596679688897, 0.000993591616862, -0.00181944982614, 0.000848987954669, -0.00130710750818, 0.00786970276386, -0.00396963628009, 0.000999849638902, 0.00158435991034, -0.000917117868084, 0.00111516891047, -0.000770205748267, 0.000679209071677], [0.000630045193247, -0.000780824339017, 0.00097860803362, 0.000238273263676, -0.00090419058688, -0.00396963628009, 0.0118762059137, -0.00292059429921, -0.000141832104418, 0.00114072486758, -0.00255629350431, 0.0027000408154, 0.0013420508476], [-0.000669976696372, 0.000946112209931, -0.00140796182677, 0.000182541480171, -0.00214117206633, 0.000999849638902, -0.00292059429921, 0.0116743473336, -0.00398894725367, -0.00110603880603, 0.00125364761334, 0.000841690634843, -0.00119217520114], [0.00066023884574, -0.00163226795848, 0.00116207881365, -0.00208094436675, 0.000271811382845, 0.00158435991034, -0.000141832104418, -0.00398894725367, 0.0164290238172, -0.00541082257405, 0.00245522568002, -0.000466483121272, 0.000544549489859], [-0.000517406442668, 0.00243760203011, -0.00179216626566, 0.00271567516029, -0.000755758257583, -0.000917117868084, 0.00114072486758, -0.00110603880603, -0.00541082257405, 0.0203323028982, -0.00587867526338, -0.00192866381258, 0.00313767138869], [0.00060954480432, -0.00208880775608, 0.00268514547497, -0.00184741499834, -0.000353664887371, 0.00111516891047, -0.00255629350431, 0.00125364761334, 0.00245522568002, -0.00587867526338, 0.0157519131899, -0.00368384923786, -0.00126904330682], [-0.000379049481126, 0.00224017864093, -0.00230945204385, 0.00231792661361, -0.0004965098924, -0.000770205748267, 0.0027000408154, 0.000841690634843, -0.000466483121272, -0.00192866381258, -0.00368384923786, 0.0172308310866, -0.00486936001107], [0.000403523124987, -0.000377826567274, 0.00149842014071, -0.00317807332613, -9.39763704082e-05, 0.000679209071677, 0.0013420508476, -0.00119217520114, 0.000544549489859, 0.00313767138869, -0.00126904330682, -0.00486936001107, 0.0155449695885]], "cov": [[35616.7929688, 1499.94763184, -3987.66381836, 1327.40429688, -1874.14624023, 585.739318848, -1394.70544434, 504.166381836, -680.018798828, -109.451393127, -686.772705078, -186.431182861, -178.736831665], [1499.94763184, 1358.90490723, -314.114654541, 31.385684967, 299.854034424, -89.0372390747, 117.640090942, 37.5386886597, 50.8702049255, -128.218902588, 107.100547791, -195.44670105, 0.832336246967], [-3987.66381836, -314.114654541, 1129.19897461, 15.5489845276, 105.706314087, 70.6230621338, 96.0927658081, -5.72793054581, 67.5099487305, 53.0075759888, -34.4813995361, 91.9072265625, -8.06054019928], [1327.40429688, 31.385684967, 15.5489845276, 311.87802124, -14.7035303116, 24.8356399536, -63.6901817322, 54.4934577942, -4.21610450745, -20.8657264709, -35.7588539124, -6.53537034988, 36.4649276733], [-1874.14624023, 299.854034424, 105.706314087, -14.7035303116, 379.695770264, -51.8968429565, 158.984680176, 13.0438518524, 71.7609024048, -31.4634475708, 96.4100189209, -53.6284294128, 29.489025116], [585.739318848, -89.0372390747, 70.6230621338, 24.8356399536, -51.8968429565, 213.520599365, 15.0621004105, 15.0282001495, -35.4256744385, 20.5813770294, -43.2585945129, 19.3651752472, -29.2687072754], [-1394.70544434, 117.640090942, 96.0927658081, -63.6901817322, 158.984680176, 15.0621004105, 203.405136108, 9.84075927734, 39.0777206421, -12.1135101318, 59.7076568604, -41.0332260132, -6.62587881088], [504.166381836, 37.5386886597, -5.72793054581, 54.4934577942, 13.0438518524, 15.0282001495, 9.84075927734, 125.806289673, 24.9645442963, 7.79218292236, -19.9402828217, -11.1986923218, 0.155866608024], [-680.018798828, 50.8702049255, 67.5099487305, -4.21610450745, 71.7609024048, -35.4256744385, 39.0777206421, 24.9645442963, 97.772857666, 12.6921453476, 17.0722236633, -9.8668794632, 4.35788679123], [-109.451393127, -128.218902588, 53.0075759888, -20.8657264709, -31.4634475708, 20.5813770294, -12.1135101318, 7.79218292236, 12.6921453476, 80.3671035767, 5.21727609634, 31.8151416779, -15.3711957932], [-686.772705078, 107.100547791, -34.4813995361, -35.7588539124, 96.4100189209, -43.2585945129, 59.7076568604, -19.9402828217, 17.0722236633, 5.21727609634, 122.44405365, -3.66622853279, 19.4290618896], [-186.431182861, -195.44670105, 91.9072265625, -6.53537034988, -53.6284294128, 19.3651752472, -41.0332260132, -11.1986923218, -9.8668794632, 31.8151416779, -3.66622853279, 106.551239014, 18.4082164764], [-178.736831665, 0.832336246967, -8.06054019928, 36.4649276733, 29.489025116, -29.2687072754, -6.62587881088, 0.155866608024, 4.35788679123, -15.3711957932, 19.4290618896, 18.4082164764, 89.5648803711]]}, "spectral_flux": {"min": 6.40482944458e-11, "max": 0.183205127716, "dvar2": 0.000512019265443, "median": 0.0759079158306, "dmean2": 0.0244445838034, "dmean": 0.0163554251194, "var": 0.00111321674194, "dvar": 0.000248239113716, "mean": 0.0757374316454}, "silence_rate_30dB": {"min": 1, "max": 1, "dvar2": 0, "median": 1, "dmean2": 0, "dmean": 0, "var": 0, "dvar": 0, "mean": 1}, "spectral_energyband_middle_high": {"min": 1.16253772746e-21, "max": 0.0388498939574, "dvar2": 1.54956214828e-05, "median": 0.00957496743649, "dmean2": 0.00354967569001, "dmean": 0.00246141571552, "var": 4.8205096391e-05, "dvar": 7.74665568315e-06, "mean": 0.0103734442964}, "barkbands_spread": {"min": 2.18444776535, "max": 86.9563522339, "dvar2": 66.3664398193, "median": 27.4930648804, "dmean2": 7.78940010071, "dmean": 5.06859064102, "var": 115.372634888, "dvar": 30.5476875305, "mean": 27.9903087616}, "spectral_centroid": {"min": 364.874298096, "max": 11779.8525391, "dvar2": 140164.515625, "median": 1992.60925293, "dmean2": 332.4425354, "dmean": 225.872131348, "var": 2042974.25, "dvar": 74195.3203125, "mean": 2132.02172852}, "pitch_salience": {"min": 0.137653291225, "max": 0.851926386356, "dvar2": 0.00626288587227, "median": 0.577370166779, "dmean2": 0.0931848883629, "dmean": 0.0589749924839, "var": 0.0108603294939, "dvar": 0.0027676532045, "mean": 0.576022684574}, "erbbands_skewness": {"min": -2.93144798279, "max": 2.80559110641, "dvar2": 0.153153732419, "median": -0.340535193682, "dmean2": 0.458246082067, "dmean": 0.299916595221, "var": 0.446669220924, "dvar": 0.0676581859589, "mean": -0.417951911688}, "erbbands_crest": {"min": 2.56077051163, "max": 30.3205509186, "dvar2": 10.9855070114, "median": 7.84115362167, "dmean2": 3.72192144394, "dmean": 2.27742981911, "var": 13.0658845901, "dvar": 4.49726486206, "mean": 8.61012840271}, "melbands": {"min": [7.91750453413e-25, 5.72302661608e-25, 1.21180986285e-24, 8.04394562521e-25, 2.38234731199e-24, 1.25192787722e-24, 1.85609189123e-24, 6.69776188602e-25, 1.83402646564e-24, 7.35269491713e-25, 1.44151748098e-24, 2.32373277737e-24, 1.3482964073e-24, 1.71902967553e-24, 2.30183537915e-24, 2.89055221474e-24, 2.2493534492e-24, 2.40811584789e-24, 2.34114648742e-24, 3.29363055502e-24, 3.3367976154e-24, 2.9244284658e-24, 3.39077936714e-24, 3.81616353838e-24, 3.9336616092e-24, 3.66119141912e-24, 4.68646249915e-24, 5.06607774953e-24, 4.07384850295e-24, 4.6573645758e-24, 5.88514808312e-24, 4.85780151005e-24, 4.79510481745e-24, 5.50553401603e-24, 5.34086561295e-24, 4.04588732816e-24, 4.43398638315e-24, 6.23036308158e-24, 5.83893187813e-24, 5.17596883464e-24], "max": [0.00281908363104, 0.00983227323741, 0.00767248030752, 0.00533508416265, 0.00373586663045, 0.00323686352931, 0.0056491070427, 0.00539575750008, 0.00400795508176, 0.0031569711864, 0.00249747699127, 0.00217725825496, 0.00261815451086, 0.00372899509966, 0.00210933689959, 0.00142313807737, 0.00140697218012, 0.00307610910386, 0.00195480440743, 0.00179889472201, 0.00175208377186, 0.0009554119315, 0.000829624244943, 0.000943815801293, 0.000418412964791, 0.00041522984975, 0.000261889275862, 0.000143434401252, 0.000124191588839, 0.000126088692923, 0.000169098042534, 0.000296805927064, 0.000168426893651, 0.00012466852786, 9.51814290602e-05, 0.000107648469566, 7.67946621636e-05, 8.05072922958e-05, 3.6928922782e-05, 3.81254176318e-05], "dvar2": [1.13781375433e-07, 9.04209855435e-07, 3.99483440106e-07, 1.88459551964e-07, 1.43710749967e-07, 5.58248522964e-08, 5.72807827837e-08, 1.18100622615e-07, 1.34118124606e-07, 8.04770365903e-08, 4.59752556026e-08, 5.16567695286e-08, 5.12056210766e-08, 4.94221410463e-08, 2.22622915658e-08, 1.31176296492e-08, 1.76536421037e-08, 3.06268361783e-08, 2.58487382609e-08, 9.24970944283e-09, 1.28588704129e-08, 7.5124200194e-09, 4.03170297147e-09, 2.85025048008e-09, 4.91126195268e-10, 7.16759263053e-10, 5.6596838327e-10, 1.83999260273e-10, 5.22665313807e-11, 8.85230846959e-11, 1.29765628798e-10, 6.3352212365e-10, 1.08713704705e-10, 3.72148735439e-11, 6.08045003236e-11, 2.69103298672e-11, 1.9964706971e-11, 1.42684015644e-11, 4.67944303098e-12, 4.81990706028e-12], "median": [0.000108973268652, 0.000556574261282, 0.000409400206991, 0.00010750261572, 9.11230308702e-05, 6.79504082655e-05, 6.08710251981e-05, 8.44595124363e-05, 9.67903833953e-05, 0.000106921172119, 8.77277634572e-05, 6.05604764132e-05, 4.4073753088e-05, 3.32292765961e-05, 4.15993163188e-05, 2.72406941804e-05, 3.93846021325e-05, 7.08482693881e-05, 7.28748564143e-05, 4.27670529461e-05, 4.24667159677e-05, 5.45373841305e-05, 4.20587784902e-05, 2.61289897026e-05, 1.1720018847e-05, 1.24435982798e-05, 1.03627526187e-05, 6.08834534432e-06, 2.33401760852e-06, 1.24261259771e-06, 1.40880388244e-06, 1.58800560257e-06, 9.7415147593e-07, 7.29541341116e-07, 7.44126680274e-07, 3.49900005858e-07, 2.63851546833e-07, 2.62428983433e-07, 2.29795531936e-07, 2.10289769598e-07], "dmean2": [0.00020947495068, 0.000706047518179, 0.000461439747596, 0.000232405378483, 0.000204885232961, 0.000124575395603, 0.00011311450362, 0.000179084294359, 0.000194332460524, 0.000158201204613, 0.000117232433695, 0.000121442346426, 8.8603439508e-05, 7.86248056102e-05, 7.67774399719e-05, 5.31326331838e-05, 7.55808941904e-05, 0.000109624314064, 0.000103782869701, 5.67999231862e-05, 6.38182609691e-05, 6.15711905994e-05, 4.53265020042e-05, 3.60279009328e-05, 1.41325390359e-05, 1.530780537e-05, 1.45833710121e-05, 8.70148505783e-06, 4.07562038163e-06, 4.1284197323e-06, 4.70842587674e-06, 8.55721282278e-06, 3.99641749027e-06, 2.27504074246e-06, 3.2994985304e-06, 1.57443491844e-06, 1.38372388392e-06, 1.13681801395e-06, 7.45907641431e-07, 8.54812924445e-07], "dmean": [0.000137873692438, 0.000422244658694, 0.000275331374723, 0.000140504300361, 0.000130414351588, 8.01487913122e-05, 7.1500595368e-05, 0.000112324378279, 0.000122993107652, 0.000100623445178, 7.37396039767e-05, 7.60559996706e-05, 5.71004093217e-05, 5.05860589328e-05, 4.87277065986e-05, 3.38485551765e-05, 4.66035780846e-05, 6.92645262461e-05, 6.60376827e-05, 3.72417889594e-05, 4.16527327616e-05, 3.92985275539e-05, 2.9206950785e-05, 2.29958604905e-05, 8.99354017747e-06, 9.83594873105e-06, 9.7298716355e-06, 5.85640282225e-06, 2.7740927635e-06, 2.81755865217e-06, 3.27405155076e-06, 5.56283657716e-06, 2.72299530479e-06, 1.56777741722e-06, 2.20423817154e-06, 1.10338817194e-06, 9.65540266407e-07, 7.9143592302e-07, 5.29124463355e-07, 6.03345370109e-07], "var": [1.14633238013e-07, 1.54650501827e-06, 3.36613595664e-07, 1.23893471482e-07, 1.47574510834e-07, 6.79931844161e-08, 7.00675357734e-08, 9.35297705951e-08, 1.19992918712e-07, 5.7435048717e-08, 4.00766815289e-08, 4.17183017021e-08, 4.58515607704e-08, 6.00802891881e-08, 2.20051283861e-08, 1.15913127985e-08, 1.69604774669e-08, 3.6748371457e-08, 2.9717881489e-08, 1.02748334285e-08, 2.06854284812e-08, 8.8122744657e-09, 5.7550773036e-09, 3.23203530606e-09, 4.38230757238e-10, 6.87667311983e-10, 7.28847926457e-10, 3.00855201862e-10, 6.39598374264e-11, 6.95484989044e-11, 9.97518248558e-11, 3.00198865766e-10, 7.26479015833e-11, 2.64359402424e-11, 4.25069979215e-11, 1.79927669985e-11, 1.35601035609e-11, 7.75877626036e-12, 3.33819170223e-12, 3.56823598446e-12], "dvar": [5.48185283833e-08, 3.4504279256e-07, 1.48373075604e-07, 7.31320213276e-08, 6.11493220504e-08, 2.5619440791e-08, 2.47870080017e-08, 4.97087846441e-08, 5.57395338774e-08, 3.40770682783e-08, 1.73540293247e-08, 2.00897449787e-08, 1.95487999122e-08, 1.95437834805e-08, 9.1510861111e-09, 5.19631138118e-09, 6.68783251001e-09, 1.33807658287e-08, 1.12094840077e-08, 4.14733136722e-09, 5.48469358819e-09, 3.15568926545e-09, 1.78185410871e-09, 1.21794174746e-09, 2.1355903157e-10, 3.06829756047e-10, 2.50904519383e-10, 8.78121950154e-11, 2.59801295061e-11, 4.31440230764e-11, 6.42438602316e-11, 2.68500693901e-10, 5.12871620173e-11, 1.80913721504e-11, 2.82128834184e-11, 1.26744222756e-11, 9.47946582341e-12, 6.16570032877e-12, 2.1888918629e-12, 2.28632304061e-12], "mean": [0.00023812429572, 0.00103526795283, 0.000571728043724, 0.0002166791528, 0.000232306643738, 0.000154826557264, 0.000139204683364, 0.000188296922715, 0.000212042097701, 0.000175920213223, 0.000148877807078, 0.000137280570925, 0.000110546621727, 9.54178976826e-05, 8.95668199519e-05, 6.17811092525e-05, 8.52986486279e-05, 0.000132687695441, 0.000130081491079, 7.57858942961e-05, 9.30482710828e-05, 8.52273151395e-05, 6.67175991111e-05, 4.5890948968e-05, 1.79928720172e-05, 2.05784326681e-05, 2.02645878744e-05, 1.29171330627e-05, 5.24213737663e-06, 4.04615593652e-06, 4.59422926724e-06, 6.76785975884e-06, 3.60259582521e-06, 2.25547364607e-06, 3.01935892821e-06, 1.43637953443e-06, 1.24186976791e-06, 1.07273763206e-06, 8.24425626433e-07, 8.76566957686e-07]}, "barkbands_skewness": {"min": -2.38938474655, "max": 5.16556835175, "dvar2": 0.233096927404, "median": 0.16638828814, "dmean2": 0.517604112625, "dmean": 0.338184505701, "var": 0.694274246693, "dvar": 0.107465818524, "mean": 0.226141557097}, "spectral_entropy": {"min": 5.73766040802, "max": 9.82543563843, "dvar2": 0.0375717580318, "median": 7.57988882065, "dmean2": 0.185993999243, "dmean": 0.140993967652, "var": 0.231864839792, "dvar": 0.0216057803482, "mean": 7.63951778412}, "spectral_rolloff": {"min": 107.666015625, "max": 19530.6152344, "dvar2": 1219840.125, "median": 2390.18554688, "dmean2": 749.287536621, "dmean": 473.089111328, "var": 6956017.5, "dvar": 608777.25, "mean": 2749.86401367}, "barkbands": {"min": [2.70825365789e-25, 1.83006934212e-24, 1.62533116845e-25, 1.46242229497e-24, 8.83703600817e-24, 5.23298296771e-24, 6.1811602492e-24, 1.02320371226e-23, 4.61394409386e-24, 1.12322291311e-23, 6.06280626429e-24, 1.26683149104e-23, 2.76498839615e-23, 2.42451681831e-23, 3.85067336309e-23, 4.199273837e-23, 5.34731194761e-23, 8.85526784587e-23, 1.32496257226e-22, 1.90244737751e-22, 2.43356874477e-22, 2.69943228787e-22, 3.98794582599e-22, 5.43796077465e-22, 8.64184121242e-22, 1.27598718425e-21, 1.79087248142e-21], "max": [0.000573890109081, 0.0110490918159, 0.0237731859088, 0.0190834570676, 0.0196251068264, 0.0215724948794, 0.0236915163696, 0.0328529775143, 0.0235635116696, 0.0146700441837, 0.0221882462502, 0.0245868694037, 0.0163568034768, 0.0162738859653, 0.026981851086, 0.0214199069887, 0.0166333261877, 0.0136059708893, 0.0112940343097, 0.0055958898738, 0.0052510695532, 0.00843599159271, 0.00553421396762, 0.00496748788282, 0.00407361192629, 0.000239444809267, 1.5476029148e-05], "dvar2": [3.53271434328e-09, 1.94488802663e-06, 5.86366923017e-06, 2.42728697231e-06, 4.05806486015e-06, 1.89494460301e-06, 1.42113879065e-06, 5.03983801536e-06, 4.05419814342e-06, 2.26232396017e-06, 3.01741329167e-06, 2.63170772996e-06, 1.83172267043e-06, 2.61554487224e-06, 4.08152300224e-06, 2.10308849091e-06, 2.0571674213e-06, 7.70305689457e-07, 3.44654807805e-07, 2.10351956298e-07, 1.23055031054e-07, 5.47965214537e-07, 1.22071909914e-07, 9.03420769305e-08, 1.13459464046e-07, 4.63420829488e-10, 1.09041519303e-12], "median": [9.79539163382e-06, 0.000584723253269, 0.0013292018557, 0.000578488688916, 0.000461332791019, 0.000351229275111, 0.000282721186522, 0.000440461095423, 0.000842245237436, 0.000423330522608, 0.000272933073575, 0.000311838375637, 0.000392234593164, 0.000506374402903, 0.00104259257205, 0.00055693887407, 0.000923242827412, 0.000524744449649, 0.000340689410223, 0.000227080410696, 6.10979113844e-05, 6.69184009894e-05, 4.20156247856e-05, 2.32998372667e-05, 2.63765814452e-05, 1.26781048948e-06, 2.71806097629e-08], "dmean2": [2.70850796369e-05, 0.00100449018646, 0.00176608818583, 0.00106280599721, 0.00113105587661, 0.000688781496137, 0.000566634058487, 0.00116271548904, 0.00115986925084, 0.000814482453279, 0.000654564297292, 0.000657740863971, 0.000732361979317, 0.000958906137384, 0.00138155103195, 0.000851943972521, 0.00103168701753, 0.00064512679819, 0.000352290284354, 0.000295176752843, 0.000161262141773, 0.000276163045783, 0.000142246746691, 9.44935163716e-05, 0.000124553014757, 8.19890738057e-06, 2.91877768177e-07], "dmean": [1.74982978933e-05, 0.000622526509687, 0.00106066511944, 0.000626651744824, 0.000691783265211, 0.0004432691494, 0.000356905453373, 0.000728158396669, 0.00073828996392, 0.000506684067659, 0.000416787021095, 0.000421581091359, 0.000462197320303, 0.000596196972765, 0.000879260129295, 0.000546187045984, 0.000661444209982, 0.000414952024585, 0.000230425910559, 0.000200036956812, 0.000112736066512, 0.000187491066754, 9.84796861303e-05, 6.78486176184e-05, 8.76795893419e-05, 5.73069110033e-06, 1.77816360747e-07], "var": [2.43862685601e-09, 1.91851904674e-06, 9.48757769947e-06, 1.77519939371e-06, 3.20014669342e-06, 2.04571233553e-06, 1.48446611092e-06, 4.47744514531e-06, 2.98303461932e-06, 1.91251501747e-06, 2.76088553619e-06, 3.09281767841e-06, 1.76444132194e-06, 2.55310146713e-06, 4.79247546536e-06, 3.20392041431e-06, 2.77817071037e-06, 9.39244841902e-07, 3.86969219335e-07, 3.41636905432e-07, 1.1655030363e-07, 3.27875170569e-07, 9.50891632101e-08, 6.19811615366e-08, 7.11465872882e-08, 3.04072766966e-10, 3.39986909069e-13], "dvar": [1.56919222061e-09, 7.69676660184e-07, 2.27679970521e-06, 8.98388748283e-07, 1.59577177783e-06, 8.49257048685e-07, 6.08844175076e-07, 2.12987424675e-06, 1.67783707639e-06, 8.60316845319e-07, 1.16927526506e-06, 1.04903767806e-06, 7.37351683711e-07, 1.00773752365e-06, 1.77725451067e-06, 8.91732270247e-07, 8.85462100086e-07, 3.38047073001e-07, 1.53996396079e-07, 1.00866706987e-07, 6.48867626296e-08, 2.48990914997e-07, 6.03566761015e-08, 4.26742801096e-08, 5.22180876317e-08, 2.246080405e-10, 4.18097278803e-13], "mean": [2.88609517156e-05, 0.00113276042975, 0.00250482186675, 0.00103938579559, 0.00109912152402, 0.000825886672828, 0.000649579393212, 0.00117449136451, 0.00133248080965, 0.000905044900719, 0.000766493030824, 0.000782289309427, 0.000845985487103, 0.00109214149415, 0.00176221702714, 0.00119772576727, 0.00147983070929, 0.000864037196152, 0.000526604533661, 0.000452402658993, 0.000174994973349, 0.000247162766755, 0.000142465229146, 9.39194942475e-05, 0.000118901320093, 7.01299450157e-06, 1.72081314531e-07]}, "melbands_flatness_db": {"min": 0.00316191464663, "max": 0.350242644548, "dvar2": 0.000794776831754, "median": 0.137897446752, "dmean2": 0.0291572455317, "dmean": 0.0208972468972, "var": 0.00329691753723, "dvar": 0.000449944607681, "mean": 0.144255101681}, "melbands_skewness": {"min": -1.8591145277, "max": 7.20540904999, "dvar2": 0.358467012644, "median": 0.982757568359, "dmean2": 0.624276816845, "dmean": 0.404234617949, "var": 0.992118895054, "dvar": 0.158906802535, "mean": 1.129565835}, "silence_rate_60dB": {"min": 0, "max": 1, "dvar2": 0.0076887095347, "median": 0, "dmean2": 0.00698864366859, "dmean": 0.0034938857425, "var": 0.0547597929835, "dvar": 0.00348177365959, "mean": 0.0581409856677}, "spectral_energyband_low": {"min": 1.55291813032e-23, "max": 0.0298725049943, "dvar2": 1.16015035019e-05, "median": 0.00322398869321, "dmean2": 0.00273278495297, "dmean": 0.00165288534481, "var": 1.7353813746e-05, "dvar": 4.36356413047e-06, "mean": 0.00431853579357}, "spectral_energyband_middle_low": {"min": 1.4631692358e-22, "max": 0.034221868962, "dvar2": 1.55820034706e-05, "median": 0.00532944267616, "dmean2": 0.00329506048001, "dmean": 0.00210546841845, "var": 2.05650176213e-05, "dvar": 6.75355204294e-06, "mean": 0.00633609201759}, "melbands_kurtosis": {"min": -1.76705038548, "max": 66.0684967041, "dvar2": 19.7522563934, "median": 0.431155443192, "dmean2": 2.50493526459, "dmean": 1.58480226994, "var": 21.8739356995, "dvar": 8.09261417389, "mean": 1.8957054615}, "spectral_decrease": {"min": -1.26686208191e-08, "max": 1.87015970765e-28, "dvar2": 1.79154499379e-18, "median": -5.13295761451e-09, "dmean2": 1.40329159404e-09, "dmean": 9.06794139777e-10, "var": 4.55578904068e-18, "dvar": 8.08224114455e-19, "mean": -4.92383467332e-09}, "erbbands_kurtosis": {"min": -1.67750775814, "max": 15.7151985168, "dvar2": 2.1148045063, "median": 0.323351919651, "dmean2": 1.29128420353, "dmean": 0.825304389, "var": 3.56933426857, "dvar": 0.928565919399, "mean": 0.89803814888}, "melbands_crest": {"min": 1.56796216965, "max": 33.3094139099, "dvar2": 16.6268081665, "median": 10.5359926224, "dmean2": 4.60253572464, "dmean": 2.86749982834, "var": 30.738899231, "dvar": 7.08634805679, "mean": 11.6413612366}, "mfcc": {"mean": [-633.647827148, 109.504066467, -36.2204627991, 17.2168483734, 9.32976150513, -0.855071604252, -3.74734473228, 7.38212013245, 4.53764247894, 4.65156126022, 0.522390723228, -5.77447986603, -1.37371313572], "icov": [[0.000102687612525, -5.04856870975e-05, 4.9481386668e-05, -0.000134803674882, 0.000113716203487, -5.49227370357e-05, 0.00018789965543, -0.000108842585178, -8.9364075393e-05, 8.83408865775e-05, 5.07609183842e-05, 0.000115062844998, 0.000133500914671], [-5.04856870975e-05, 0.00101227383129, 0.000382535625249, -0.000240434354055, -0.0007130256854, 0.000127227118355, -0.00033645532676, -0.000701523269527, 0.000307531037834, -0.000491199607495, -0.000498189067002, 1.02586673165e-05, 0.00018245766114], [4.9481386668e-05, 0.000382535625249, 0.00216805119999, -0.00037499202881, -7.10965905455e-05, -0.00136295310222, 0.000651197216939, -0.000520950881764, -0.000847930146847, 0.000865780224558, -0.000127997991513, -0.000554520695005, 0.000278788967989], [-0.000134803674882, -0.000240434354055, -0.00037499202881, 0.00619098870084, -0.00329810823314, 0.00156858400442, 0.000139605530421, -2.64999061983e-06, -0.000320897437632, -0.00109935225919, 0.00135296583176, -0.000242498863372, -0.00140517263208], [0.000113716203487, -0.0007130256854, -7.10965905455e-05, -0.00329810823314, 0.0093590747565, -0.0012994868448, -0.000694260641467, 0.000179177935934, -0.0012856972171, -7.14665729902e-05, 0.00114586250857, -0.000197390821995, -0.00122057285625], [-5.49227370357e-05, 0.000127227118355, -0.00136295310222, 0.00156858400442, -0.0012994868448, 0.009147063829, -0.00212652143091, -0.00128263665829, 0.000285504764179, 0.00125132268295, -0.00195761607029, 0.000909562688321, 0.000919627025723], [0.00018789965543, -0.00033645532676, 0.000651197216939, 0.000139605530421, -0.000694260641467, -0.00212652143091, 0.00912007223815, -0.00318646128289, 0.00147749262396, -0.00337394652888, 0.00114113616291, 0.000340267462889, 0.000225747658988], [-0.000108842585178, -0.000701523269527, -0.000520950881764, -2.64999061983e-06, 0.000179177935934, -0.00128263665829, -0.00318646128289, 0.0159231759608, -0.00449922867119, -0.000755736662541, -0.000322335923556, 0.000364837993402, -0.00338381738402], [-8.9364075393e-05, 0.000307531037834, -0.000847930146847, -0.000320897437632, -0.0012856972171, 0.000285504764179, 0.00147749262396, -0.00449922867119, 0.012141619809, -0.00379574508406, 0.00217509944923, -0.000280365289655, -0.000482673523948], [8.83408865775e-05, -0.000491199607495, 0.000865780224558, -0.00109935225919, -7.14665729902e-05, 0.00125132268295, -0.00337394652888, -0.000755736662541, -0.00379574508406, 0.0157865900546, -0.00507468450814, 9.46580803429e-06, 0.00209815218113], [5.07609183842e-05, -0.000498189067002, -0.000127997991513, 0.00135296583176, 0.00114586250857, -0.00195761607029, 0.00114113616291, -0.000322335923556, 0.00217509944923, -0.00507468450814, 0.0137180127203, -0.00119408383034, -0.00188457022887], [0.000115062844998, 1.02586673165e-05, -0.000554520695005, -0.000242498863372, -0.000197390821995, 0.000909562688321, 0.000340267462889, 0.000364837993402, -0.000280365289655, 9.46580803429e-06, -0.00119408383034, 0.0156295355409, -0.00419100839645], [0.000133500914671, 0.00018245766114, 0.000278788967989, -0.00140517263208, -0.00122057285625, 0.000919627025723, 0.000225747658988, -0.00338381738402, -0.000482673523948, 0.00209815218113, -0.00188457022887, -0.00419100839645, 0.0163280069828]], "cov": [[11330.0458984, 613.68157959, -250.675476074, 261.641815186, -14.4276342392, -61.4091911316, -205.92868042, 59.5655250549, 101.382270813, -41.7203330994, -89.6253814697, -110.055923462, -85.361000061], [613.68157959, 1496.49182129, -329.559814453, 159.858688354, 163.759872437, -31.5928001404, 141.750778198, 99.4528503418, 17.0474491119, 129.195663452, 52.613735199, -7.00726938248, 18.4922142029], [-250.675476074, -329.559814453, 644.339416504, -4.99401473999, -2.55042624474, 89.1630401611, -56.1696357727, 11.1797447205, 45.104057312, -56.8607788086, -12.2608890533, 21.8362369537, 5.01145410538], [261.641815186, 159.858688354, -4.99401473999, 261.36328125, 109.07964325, -40.0225944519, 9.53056621552, 24.3398838043, 39.1277542114, 25.1855010986, -27.5194129944, 11.8801765442, 31.7664146423], [-14.4276342392, 163.759872437, -2.55042624474, 109.07964325, 169.88142395, 3.60170459747, 31.4578533173, 26.6556415558, 32.7710494995, 21.7050743103, -13.6006565094, 8.20613288879, 24.0205726624], [-61.4091911316, -31.5928001404, 89.1630401611, -40.0225944519, 3.60170459747, 145.941726685, 30.9386577606, 17.5215702057, -0.319830924273, -5.48487186432, 18.5347671509, -7.21304607391, -7.87544298172], [-205.92868042, 141.750778198, -56.1696357727, 9.53056621552, 31.4578533173, 30.9386577606, 163.08605957, 41.6204376221, 2.31975769997, 47.5075378418, 10.8310203552, -4.74117565155, 2.85565185547], [59.5655250549, 99.4528503418, 11.1797447205, 24.3398838043, 26.6556415558, 17.5215702057, 41.6204376221, 93.7838897705, 38.9159393311, 24.6392440796, 5.99706935883, 2.88616704941, 19.5887527466], [101.382270813, 17.0474491119, 45.104057312, 39.1277542114, 32.7710494995, -0.319830924273, 2.31975769997, 38.9159393311, 115.03730011, 24.8698539734, -12.1493234634, 5.3280620575, 12.248550415], [-41.7203330994, 129.195663452, -56.8607788086, 25.1855010986, 21.7050743103, -5.48487186432, 47.5075378418, 24.6392440796, 24.8698539734, 99.5914764404, 28.7255115509, 0.0767499655485, -0.310595691204], [-89.6253814697, 52.613735199, -12.2608890533, -27.5194129944, -13.6006565094, 18.5347671509, 10.8310203552, 5.99706935883, -12.1493234634, 28.7255115509, 94.6590423584, 6.63429737091, 5.59636974335], [-110.055923462, -7.00726938248, 21.8362369537, 11.8801765442, 8.20613288879, -7.21304607391, -4.74117565155, 2.88616704941, 5.3280620575, 0.0767499655485, 6.63429737091, 73.079536438, 22.9822044373], [-85.361000061, 18.4922142029, 5.01145410538, 31.7664146423, 24.0205726624, -7.87544298172, 2.85565185547, 19.5887527466, 12.248550415, -0.310595691204, 5.59636974335, 22.9822044373, 77.5901412964]]}, "spectral_energy": {"min": 9.76884389892e-21, "max": 0.0540806725621, "dvar2": 3.17189405905e-05, "median": 0.0220944471657, "dmean2": 0.00587327824906, "dmean": 0.00388618931174, "var": 8.65749971126e-05, "dvar": 1.53156161105e-05, "mean": 0.0212467759848}, "melbands_spread": {"min": 2.92246651649, "max": 179.633056641, "dvar2": 192.106567383, "median": 42.6236610413, "dmean2": 13.361035347, "dmean": 8.751912117, "var": 545.515075684, "dvar": 93.3427658081, "mean": 45.3856048584}, "erbbands_flatness_db": {"min": 0.0489453524351, "max": 0.427684664726, "dvar2": 0.000414892012486, "median": 0.185576722026, "dmean2": 0.0225642602891, "dmean": 0.0157261062413, "var": 0.0019821561873, "dvar": 0.000217781460378, "mean": 0.185620516539}, "spectral_contrast_valleys": {"min": [-28.1985015869, -27.903842926, -27.9194011688, -27.6445770264, -27.547750473, -27.432975769], "max": [-5.89856147766, -5.09517335892, -5.48955869675, -5.3368062973, -5.62380552292, -7.39881134033], "dvar2": [0.335212111473, 0.232057526708, 0.176823824644, 0.145349815488, 0.147126883268, 0.226309165359], "median": [-7.764149189, -6.71205806732, -7.02282619476, -7.15433597565, -7.23384809494, -10.1450939178], "dmean2": [0.708979427814, 0.571438312531, 0.47048792243, 0.412294238806, 0.383174955845, 0.437137067318], "dmean": [0.425404518843, 0.351208865643, 0.301141619682, 0.271094799042, 0.278398007154, 0.351179182529], "var": [9.06955718994, 9.82637119293, 9.47436141968, 9.35020160675, 9.44057178497, 7.51984071732], "dvar": [0.137960806489, 0.108073234558, 0.0884834900498, 0.0795328170061, 0.0899186879396, 0.14803878963], "mean": [-8.29997634888, -7.27477169037, -7.5699763298, -7.6884393692, -7.77352333069, -10.5915260315]}, "barkbands_flatness_db": {"min": 0.0354224294424, "max": 0.322339713573, "dvar2": 0.000463367003249, "median": 0.109606064856, "dmean2": 0.0228506475687, "dmean": 0.0155652649701, "var": 0.00161601405125, "dvar": 0.000242385169258, "mean": 0.114205464721}, "zerocrossingrate": {"min": 0.0087890625, "max": 0.5322265625, "dvar2": 0.000231689860811, "median": 0.078125, "dmean2": 0.012091984041, "dmean": 0.0108692236245, "var": 0.00470289727673, "dvar": 0.000184640462976, "mean": 0.0895217806101}, "spectral_skewness": {"min": -0.077724635601, "max": 4.48610305786, "dvar2": 0.131945416331, "median": 1.52860057354, "dmean2": 0.351566851139, "dmean": 0.217356696725, "var": 0.160029157996, "dvar": 0.