{"lowlevel": {"spectral_complexity": {"min": 0, "max": 55, "dvar2": 26.2429218292, "median": 23, "dmean2": 5.42169284821, "dmean": 3.71832728386, "var": 75.3027038574, "dvar": 14.4171161652, "mean": 23.0645160675}, "silence_rate_20dB": {"min": 1, "max": 1, "dvar2": 0, "median": 1, "dmean2": 0, "dmean": 0, "var": 0, "dvar": 0, "mean": 1}, "average_loudness": 0.957302808762, "erbbands_spread": {"min": 3.5267636776, "max": 137.189498901, "dvar2": 102.879753113, "median": 31.0022468567, "dmean2": 10.0206317902, "dmean": 6.59789562225, "var": 215.897766113, "dvar": 46.515953064, "mean": 33.0527877808}, "spectral_kurtosis": {"min": -1.24483895302, "max": 41.9409370422, "dvar2": 25.9281177521, "median": 2.44786477089, "dmean2": 4.60606098175, "dmean": 2.63104987144, "var": 15.3289308548, "dvar": 8.56992340088, "mean": 3.51414179802}, "barkbands_kurtosis": {"min": -1.88641440868, "max": 51.2896690369, "dvar2": 11.6299028397, "median": -0.133821904659, "dmean2": 2.09746146202, "dmean": 1.33837389946, "var": 12.8416118622, "dvar": 4.88098287582, "mean": 1.08208882809}, "spectral_strongpeak": {"min": 4.97358043638e-10, "max": 12.3061237335, "dvar2": 3.26550889015, "median": 0.550727725029, "dmean2": 1.17788994312, "dmean": 0.68769133091, "var": 2.32060694695, "dvar": 1.27495801449, "mean": 1.19955134392}, "spectral_spread": {"min": 1109317.625, "max": 43119356, "dvar2": 838742966272, "median": 2890214, "dmean2": 462537.03125, "dmean": 318266.5625, "var": 1815871356930.0, "dvar": 435940425728, "mean": 3042129.75}, "spectral_rms": {"min": 3.187220236e-12, "max": 0.00974011421204, "dvar2": 7.96266931502e-07, "median": 0.00528840627521, "dmean2": 0.000950536632445, "dmean": 0.000604965782259, "var": 2.20725291911e-06, "dvar": 3.28460629362e-07, "mean": 0.00502280564979}, "dynamic_complexity": 2.66315627098, "erbbands": {"min": [4.50272212152e-22, 5.12629271096e-21, 7.65406780563e-21, 1.7548379817e-20, 2.738337797e-20, 7.99817154772e-20, 1.22225422232e-19, 1.48928738185e-19, 1.23652321714e-19, 5.58987358063e-19, 4.28115106694e-19, 9.15683768217e-19, 1.34216816588e-18, 9.67186411299e-19, 1.67877866621e-18, 1.81539943509e-18, 2.49213760772e-18, 2.63661545505e-18, 3.72552883471e-18, 5.4437914165e-18, 5.93659750132e-18, 5.90983283183e-18, 7.66886590523e-18, 9.2617601662e-18, 9.55883132985e-18, 1.05974037382e-17, 1.5871311282e-17, 1.47864341302e-17, 1.42177954355e-17, 1.15733370675e-17, 1.35110275047e-17, 1.78026324286e-17, 1.13839755729e-17, 1.11780291071e-17, 7.96087306917e-18, 5.19435138047e-18, 2.65388760662e-18, 9.31332991431e-19, 3.04796642831e-19, 3.10948307498e-20], "max": [0.697915136814, 5.41220283508, 50.0236663818, 95.2328414917, 101.927825928, 161.852279663, 257.282836914, 307.555358887, 889.526977539, 787.452392578, 1371.06860352, 809, 770.432861328, 1282.25, 1634.59509277, 2215.12524414, 987.834960938, 740.648010254, 1117.17333984, 1462.80627441, 1515.11010742, 662.185180664, 584.654907227, 597.176208496, 422.258361816, 249.930206299, 217.759933472, 345.990692139, 496.81439209, 224.343444824, 248.6980896, 194.752929688, 21.3174800873, 0.552586019039, 0.0347166880965, 0.00463375775144, 0.00104102725163, 0.000300258892821, 0.000124300757307, 0.00011564950546], "dvar2": [0.00331734865904, 0.685263812542, 26.3484859467, 78.5680465698, 77.1886749268, 337.443023682, 496.187927246, 419.862792969, 1190.99768066, 1975.86132813, 5727.04296875, 4251.10400391, 2766.9440918, 6543.59667969, 10305.78125, 9733.40136719, 4528.96386719, 3914, 7130.00195313, 6999.41992188, 5317.91650391, 3844.97021484, 2092.2590332, 505.666534424, 833.442016602, 465.733001709, 140.921310425, 362.07711792, 2757.18041992, 196.082122803, 255.462402344, 71.8196029663, 1.0157917738, 0.000702643766999, 2.80526114693e-06, 5.52755814454e-08, 2.82301781951e-09, 2.62230737125e-10, 6.748855641e-11, 1.60056246035e-10], "median": [0.0118164904416, 0.436937242746, 2.7806892395, 5.84662723541, 3.63682746887, 3.09969615936, 4.38056945801, 4.58332586288, 5.82386302948, 9.36932182312, 14.30418396, 16.7914848328, 18.0710945129, 15.8756828308, 14.2119293213, 15.7959480286, 14.0736093521, 13.9806575775, 27.0587425232, 28.093460083, 21.6588821411, 29.671754837, 25.9952831268, 13.5245037079, 13.4528846741, 9.06053352356, 3.74065303802, 2.83895087242, 3.60556840897, 2.15433335304, 1.90533077717, 0.648440599442, 0.0677015185356, 0.00214403960854, 0.000208469253266, 5.67040842725e-05, 2.34436010942e-05, 7.95382038632e-06, 1.78071495611e-05, 3.57433164027e-05], "dmean2": [0.0300342403352, 0.625938415527, 3.7954583168, 6.75651693344, 5.39600753784, 9.24712371826, 11.6809711456, 10.2061395645, 13.5252542496, 20.7780513763, 36.0173301697, 30.8917789459, 26.8600540161, 37.6982345581, 36.6143798828, 33.8481407166, 30.8607749939, 31.7331943512, 45.8027915955, 44.1864852905, 36.3197898865, 39.0956687927, 31.1724853516, 13.6700019836, 15.7742004395, 12.7940568924, 5.69567728043, 7.61329221725, 17.4071998596, 5.42298650742, 6.68113613129, 2.28806114197, 0.296544224024, 0.00790185946971, 0.000528650183696, 8.4010323917e-05, 2.22078215302e-05, 7.27571068637e-06, 6.79921049596e-06, 1.25368405861e-05], "dmean": [0.0214672926813, 0.37065923214, 2.23831868172, 3.98310565948, 3.19227933884, 5.59895658493, 7.44853544235, 6.53352594376, 8.61046409607, 12.9000272751, 22.73554039, 19.548204422, 16.9285202026, 24.1152935028, 23.4293651581, 21.3518066406, 19.4094848633, 19.8108577728, 29.1981754303, 28.4020500183, 24.0922145844, 25.0019226074, 20.1841812134, 8.89395618439, 10.4161739349, 8.67314243317, 3.88510799408, 5.22487926483, 11.1839637756, 3.79214811325, 4.57377672195, 1.62538671494, 0.205112978816, 0.00555051863194, 0.000379380595405, 6.06448666076e-05, 1.59689498105e-05, 5.25241921423e-06, 4.58768090539e-06, 8.08154254628e-06], "var": [0.00392929883674, 0.589283525944, 40.5489997864, 64.9995346069, 48.5890274048, 191.99621582, 447.929260254, 416.848968506, 1266.8001709, 1313.49804688, 4955.73583984, 2759.82495117, 2468.13134766, 5684.72851563, 8608.18945313, 9485.14453125, 4141.76269531, 3982.76074219, 7994.89501953, 6758.234375, 9153.05957031, 4619.71826172, 2778.30957031, 569.576843262, 961.284179688, 716.610107422, 148.464706421, 291.084625244, 1268.66369629, 165.008987427, 206.595428467, 49.3148612976, 0.694231629372, 0.000503629154991, 2.19513231059e-06, 4.71236774047e-08, 2.61724353301e-09, 2.56531046405e-10, 9.98476995528e-11, 2.64235272551e-10], "dvar": [0.00185595022049, 0.234033182263, 9.90719032288, 28.406414032, 28.5637321472, 132.020339966, 214.949966431, 189.717727661, 508.704742432, 824.263061523, 2472.06616211, 1764.83898926, 1094.21850586, 2663.02026367, 4098.50830078, 4033.66479492, 1760.42211914, 1513.29516602, 2980.27636719, 2972.22094727, 2352.4831543, 1601.69018555, 886.14074707, 223.083862305, 357.484283447, 214.29826355, 71.0127258301, 183.989120483, 1148.9230957, 100.870429993, 123.816764832, 34.8131370544, 0.484432309866, 0.000341339939041, 1.40907434343e-06, 2.84786185745e-08, 1.47844603227e-09, 1.38178801734e-10, 3.36149059976e-11, 6.72801050983e-11], "mean": [0.0342248380184, 0.70594471693, 5.28431749344, 7.96562147141, 5.65228271484, 7.9352016449, 12.2316665649, 11.4907217026, 15.7995615005, 20.6589584351, 36.3232040405, 31.7702388763, 33.8083229065, 43.2570800781, 42.9698600769, 39.335811615, 34.8082427979, 38.5178871155, 59.0142707825, 54.6959381104, 54.1259536743, 54.2674865723, 45.3142204285, 20.9104290009, 23.1094932556, 19.8513355255, 7.60887384415, 7.92563152313, 13.8481655121, 5.91591978073, 6.72220659256, 2.26331830025, 0.271964043379, 0.00770698906854, 0.000585335714277, 0.000111828485387, 3.56256168743e-05, 1.17484469229e-05, 1.81591149158e-05, 3.48845605913e-05]}, "spectral_contrast_coeffs": {"min": [-0.971775710583, -0.970297276974, -0.966357171535, -0.96251219511, -0.963324606419, -0.965402066708], "max": [-0.295390993357, -0.329150438309, -0.452412724495, -0.501987397671, -0.482497572899, -0.273069173098], "dvar2": [0.00492087984458, 0.00392207317054, 0.00254014064558, 0.00171427975874, 0.00103299808688, 0.00261795311235], "median": [-0.59957253933, -0.733952462673, -0.752670884132, -0.74676322937, -0.747292995453, -0.532944202423], "dmean2": [0.0881409794092, 0.0801009088755, 0.0633253157139, 0.0522545538843, 0.0397896245122, 0.0616546832025], "dmean": [0.0527802780271, 0.0492288172245, 0.0389528870583, 0.0327185802162, 0.0260622836649, 0.0378872230649], "var": [0.00598094984889, 0.00582787580788, 0.00423641921952, 0.00340226083063, 0.00324718328193, 0.00445813825354], "dvar": [0.00179353111889, 0.00156496686395, 0.000995973357931, 0.00069503945997, 0.000468812970212, 0.00100277236197], "mean": [-0.600746095181, -0.729104757309, -0.745682418346, -0.742488443851, -0.742485225201, -0.53637611866]}, "dissonance": {"min": 0.306555449963, "max": 0.499817728996, "dvar2": 0.000618416408543, "median": 0.473752617836, "dmean2": 0.0258373394608, "dmean": 0.0154597135261, "var": 0.000492337334435, "dvar": 0.000228591670748, "mean": 0.468615829945}, "spectral_energyband_high": {"min": 7.09781469309e-21, "max": 0.0214358773082, "dvar2": 2.80724430013e-06, "median": 0.000420088937972, "dmean2": 0.00074408762157, "dmean": 0.000529027020093, "var": 2.51408641816e-06, "dvar": 1.43753163684e-06, "mean": 0.000918533070944}, "gfcc": {"mean": [-32.3358726501, 149.093353271, -181.71081543, 60.732131958, -59.8376617432, 4.04404401779, -14.6440353394, -20.7147331238, 11.0742673874, -33.6452827454, -0.577093362808, -17.9547214508, -10.3342447281], "icov": [[0.000216429500142, -0.000435119844042, 0.000497473229188, -0.000643991690595, 0.000569633208215, -0.000177997382707, 6.45030231681e-05, -0.000226351432502, 0.000245198403718, 0.000160879455507, 0.000121901961393, -7.34192726668e-05, 8.52125376696e-05], [-0.000435119844042, 0.00693709868938, -0.0043616425246, 0.00403001625091, -0.00401075137779, 0.00440890248865, -0.00612591579556, 0.00787266436964, -0.00985668692738, 0.00951552111655, -0.00772854080424, 0.00669164210558, -0.0034233671613], [0.000497473229188, -0.0043616425246, 0.00543669005856, -0.00404571648687, 0.00273311091587, -0.00321902288124, 0.00321079953574, -0.00459002703428, 0.00458185048774, -0.00394249847159, 0.00460996665061, -0.00345629872754, 0.00241792807356], [-0.000643991690595, 0.00403001625091, -0.00404571648687, 0.00699509121478, -0.00289488444105, 0.00139000383206, -0.00133178394753, 0.00285878055729, -0.00566409807652, 0.00455491803586, -0.00299882143736, 0.00221535586752, -0.00310833822004], [0.000569633208215, -0.00401075137779, 0.00273311091587, -0.00289488444105, 0.00643173232675, -0.000679192016833, -5.26295552845e-05, -0.00365435751155, 0.00430720718578, -0.00345764984377, 0.00244307843968, -0.00189098867122, 1.68655333255e-05], [-0.000177997382707, 0.00440890248865, -0.00321902288124, 0.00139000383206, -0.000679192016833, 0.00890806503594, -0.00837971456349, 0.00907993968576, -0.00882497336715, 0.00847367104143, -0.00793603621423, 0.00664439005777, -0.00385395227931], [6.45030231681e-05, -0.00612591579556, 0.00321079953574, -0.00133178394753, -5.26295552845e-05, -0.00837971456349, 0.0173357874155, -0.0137862963602, 0.0137887503952, -0.0128102693707, 0.0114307980984, -0.0102315265685, 0.00865903683007], [-0.000226351432502, 0.00787266436964, -0.00459002703428, 0.00285878055729, -0.00365435751155, 0.00907993968576, -0.0137862963602, 0.0266201179475, -0.0225545484573, 0.0186957027763, -0.0165181811899, 0.0166143309325, -0.0106627959758], [0.000245198403718, -0.00985668692738, 0.00458185048774, -0.00566409807652, 0.00430720718578, -0.00882497336715, 0.0137887503952, -0.0225545484573, 0.0353085286915, -0.0265741460025, 0.0217768717557, -0.0186634771526, 0.0114711560309], [0.000160879455507, 0.00951552111655, -0.00394249847159, 0.00455491803586, -0.00345764984377, 0.00847367104143, -0.0128102693707, 0.0186957027763, -0.0265741460025, 0.0407900512218, -0.0243946742266, 0.0154277533293, -0.00683836312965], [0.000121901961393, -0.00772854080424, 0.00460996665061, -0.00299882143736, 0.00244307843968, -0.00793603621423, 0.0114307980984, -0.0165181811899, 0.0217768717557, -0.0243946742266, 0.0297628771514, -0.0168020799756, 0.00760850589722], [-7.34192726668e-05, 0.00669164210558, -0.00345629872754, 0.00221535586752, -0.00189098867122, 0.00664439005777, -0.0102315265685, 0.0166143309325, -0.0186634771526, 0.0154277533293, -0.0168020799756, 0.0270351432264, -0.0121352216229], [8.52125376696e-05, -0.0034233671613, 0.00241792807356, -0.00310833822004, 1.68655333255e-05, -0.00385395227931, 0.00865903683007, -0.0106627959758, 0.0114711560309, -0.00683836312965, 0.00760850589722, -0.0121352216229, 0.0201889052987]], "cov": [[8388.98828125, -259.320922852, -96.5165786743, 705.276123047, -640.082763672, 168.018203735, -140.704879761, -13.9564571381, 42.7190742493, -199.007904053, -77.2142410278, 13.4082317352, 71.8297348022], [-259.320922852, 872.211303711, 243.36126709, -152.865249634, 348.795471191, -73.4702377319, 179.795700073, 46.0538253784, 40.1779022217, -42.6489562988, -5.17049455643, -61.1402664185, -42.8733177185], [-96.5165786743, 243.36126709, 583.931274414, 213.892654419, -9.33600616455, 98.5264205933, 18.6980266571, 37.0981178284, 66.8576278687, -40.5264129639, -50.369342804, -6.76622819901, -1.7395786047], [705.276123047, -152.865249634, 213.892654419, 420.188446045, -69.473739624, 59.4986076355, -66.542427063, 31.0963878632, 54.9280204773, -33.0618438721, -33.7502861023, 29.1016025543, 54.3620147705], [-640.082763672, 348.795471191, -9.33600616455, -69.473739624, 421.963470459, -72.6662979126, 116.174446106, 57.3408889771, -6.68325185776, 2.18020296097, 13.3802375793, -23.1927909851, 4.05324888229], [168.018203735, -73.4702377319, 98.5264205933, 59.4986076355, -72.6662979126, 269.993438721, 60.9312133789, -31.4415683746, 5.68332624435, -6.89250278473, 1.86138701439, 0.532679617405, -12.8902492523], [-140.704879761, 179.795700073, 18.6980266571, -66.542427063, 116.174446106, 60.9312133789, 188.050567627, 38.5577697754, -3.36873626709, 4.05314350128, -1.81015920639, -19.0870227814, -37.6632232666], [-13.9564571381, 46.0538253784, 37.0981178284, 31.0963878632, 57.3408889771, -31.4415683746, 38.5577697754, 123.528129578, 43.3076019287, -6.78815698624, -2.09723377228, -20.8826656342, 12.1987552643], [42.7190742493, 40.1779022217, 66.8576278687, 54.9280204773, -6.68325185776, 5.68332624435, -3.36873626709, 43.3076019287, 106.000778198, 19.4640350342, -21.2283229828, 10.1889410019, -7.02073192596], [-199.007904053, -42.6489562988, -40.5264129639, -33.0618438721, 2.18020296097, -6.89250278473, 4.05314350128, -6.78815698624, 19.4640350342, 70.7505493164, 34.5561599731, 4.96549749374, -10.4027462006], [-77.2142410278, -5.17049455643, -50.369342804, -33.7502861023, 13.3802375793, 1.86138701439, -1.81015920639, -2.09723377228, -21.2283229828, 34.5561599731, 91.6392440796, 22.4007606506, 2.99385237694], [13.4082317352, -61.1402664185, -6.76622819901, 29.1016025543, -23.1927909851, 0.532679617405, -19.0870227814, -20.8826656342, 10.1889410019, 4.96549749374, 22.4007606506, 84.5377044678, 30.4100608826], [71.8297348022, -42.8733177185, -1.7395786047, 54.3620147705, 4.05324888229, -12.8902492523, -37.6632232666, 12.1987552643, -7.02073192596, -10.4027462006, 2.99385237694, 30.4100608826, 88.2858810425]]}, "spectral_flux": {"min": 6.67559618694e-11, "max": 0.224851608276, "dvar2": 0.000760658760555, "median": 0.083604991436, "dmean2": 0.0296490378678, "dmean": 0.0196377150714, "var": 0.00134364131372, "dvar": 0.000350065092789, "mean": 0.0845762118697}, "silence_rate_30dB": {"min": 1, "max": 1, "dvar2": 0, "median": 1, "dmean2": 0, "dmean": 0, "var": 0, "dvar": 0, "mean": 1}, "spectral_energyband_middle_high": {"min": 1.31140418637e-21, "max": 0.0817142799497, "dvar2": 2.97739170492e-05, "median": 0.00703490292653, "dmean2": 0.0039056930691, "dmean": 0.00265259412117, "var": 6.10619754298e-05, "dvar": 1.28127376229e-05, "mean": 0.00916603952646}, "barkbands_spread": {"min": 2.11330676079, "max": 90.5565490723, "dvar2": 73.8848571777, "median": 24.0673065186, "dmean2": 8.10030174255, "dmean": 5.34167337418, "var": 134.3515625, "dvar": 36.0812530518, "mean": 25.1694564819}, "spectral_centroid": {"min": 249.802871704, "max": 11183.7216797, "dvar2": 153667.28125, "median": 1594.58837891, "dmean2": 366.055267334, "dmean": 249.419387817, "var": 427332.3125, "dvar": 79802.5703125, "mean": 1595.58447266}, "pitch_salience": {"min": 0.136012107134, "max": 0.904780447483, "dvar2": 0.00757569260895, "median": 0.529471337795, "dmean2": 0.103157639503, "dmean": 0.0649541839957, "var": 0.0116632580757, "dvar": 0.00326063716784, "mean": 0.526975393295}, "erbbands_skewness": {"min": -2.97275972366, "max": 3.28957128525, "dvar2": 0.203544542193, "median": -0.131137162447, "dmean2": 0.504410624504, "dmean": 0.331314027309, "var": 0.492174655199, "dvar": 0.0886400267482, "mean": -0.191296949983}, "erbbands_crest": {"min": 2.64675831795, "max": 27.7001419067, "dvar2": 12.3337478638, "median": 7.80554676056, "dmean2": 3.86320471764, "dmean": 2.37950634956, "var": 13.4653625488, "dvar": 4.9618678093, "mean": 8.6247587204}, "melbands": {"min": [8.99274610681e-24, 6.98600071534e-24, 3.03350288266e-24, 4.2586794019e-24, 5.94111382004e-24, 3.18638984533e-24, 1.68490591936e-24, 5.86189877452e-24, 3.53274277565e-24, 6.44720911151e-24, 6.07291275578e-24, 3.58335411917e-24, 4.68910952192e-24, 4.0571368791e-24, 5.4118201015e-24, 4.43444076703e-24, 4.34722588307e-24, 5.10150746494e-24, 7.29563572039e-24, 5.01523724191e-24, 6.58029112951e-24, 6.02655889456e-24, 5.23221895592e-24, 7.19026125839e-24, 7.00240350015e-24, 6.23043368463e-24, 4.53330594327e-24, 7.41765199205e-24, 9.31700580418e-24, 7.28924358048e-24, 8.18356177809e-24, 6.84620667433e-24, 7.26571422626e-24, 6.02745819599e-24, 6.26144814555e-24, 1.08009478302e-23, 9.4501631584e-24, 7.34153007013e-24, 9.4143812166e-24, 9.14133358034e-24], "max": [0.00660267006606, 0.0187328066677, 0.0129784783348, 0.00867017544806, 0.0077791553922, 0.00602273130789, 0.012136396952, 0.0137642463669, 0.00904692243785, 0.00481125572696, 0.00388381304219, 0.00471768993884, 0.0053363009356, 0.0113086244091, 0.00354595668614, 0.00207375572063, 0.00157028750982, 0.00224694027565, 0.00180089927744, 0.00107991613913, 0.00178947881795, 0.000802692316938, 0.000647400389425, 0.000624109699856, 0.000549000047613, 0.000492085528094, 0.000302256608848, 0.000162613549037, 0.000139409603435, 0.000135669499286, 0.000217410182813, 0.000363687315257, 0.000197081812075, 0.000113986410724, 0.00016182710533, 0.000173789114342, 0.000121604622109, 1.7924921849e-05, 1.68318081695e-10, 1.38417124984e-10], "dvar2": [3.96475769548e-07, 4.15581416746e-06, 1.90049581761e-06, 8.01136593509e-07, 5.64872493669e-07, 2.0730287531e-07, 2.27709890055e-07, 3.88559357134e-07, 3.26275852558e-07, 1.57710331905e-07, 7.44404573538e-08, 1.07973008312e-07, 1.71717914554e-07, 1.94271535747e-07, 4.91908629385e-08, 1.85397617258e-08, 1.89933011541e-08, 2.43359234986e-08, 2.34163710644e-08, 5.87653659068e-09, 9.38953181873e-09, 4.90416018906e-09, 3.29931193477e-09, 2.03300043466e-09, 3.97624294601e-10, 5.48005418821e-10, 5.4423610063e-10, 2.22622503765e-10, 6.54197876426e-11, 8.39473837666e-11, 1.40347455879e-10, 1.35026212433e-09, 1.48820553103e-10, 5.76877608183e-11, 1.48924983456e-10, 4.28439367317e-11, 2.39628594745e-11, 7.85961194131e-13, 7.52816297983e-22, 5.29738853813e-22], "median": [0.000230985227972, 0.00123175384942, 0.00101499864832, 0.000237411280978, 0.000165725083207, 0.000103069767647, 8.22559377411e-05, 0.000109885048005, 0.000119131713291, 0.000109600565338, 8.79776634974e-05, 6.19457496214e-05, 4.51674386568e-05, 3.49048495991e-05, 3.65976848116e-05, 2.12833801925e-05, 2.36140604102e-05, 3.7705165596e-05, 4.01849283662e-05, 2.3146325475e-05, 2.41016350628e-05, 2.97200749628e-05, 2.56422863458e-05, 1.66760000866e-05, 8.33366357256e-06, 9.02392275748e-06, 7.84115945862e-06, 5.15969895787e-06, 2.25096528084e-06, 1.27250154947e-06, 1.52457948843e-06, 2.1526952878e-06, 1.21564880828e-06, 1.07435698737e-06, 1.26344389173e-06, 5.01712634104e-07, 3.00342549053e-07, 4.318238922e-08, 4.25522204278e-12, 3.13403209634e-12], "dmean2": [0.000421770848334, 0.00154873274732, 0.00106124137528, 0.000468208774691, 0.000420276803197, 0.000232644757489, 0.000197506698896, 0.000284273148281, 0.000283979141386, 0.000195939253899, 0.000139026786201, 0.000160407347721, 0.000132330867928, 0.000123654870549, 9.0509733127e-05, 5.94530865783e-05, 6.70243971399e-05, 8.21202338557e-05, 8.01058340585e-05, 4.16740476794e-05, 4.76052155136e-05, 4.33743407484e-05, 3.51637645508e-05, 2.85111236735e-05, 1.14661634143e-05, 1.17062882055e-05, 1.29872860271e-05, 8.6473137344e-06, 4.13694851886e-06, 3.68262885786e-06, 4.63563310404e-06, 1.19696424008e-05, 4.55991130366e-06, 2.87702164314e-06, 5.20096637047e-06, 1.87148611985e-06, 1.25913402371e-06, 2.6343499826e-07, 2.09215544195e-11, 1.7692968618e-11], "dmean": [0.000268329022219, 0.00090836948948, 0.000626843015198, 0.000282236549538, 0.000268700096058, 0.00014888671285, 0.000125396210933, 0.000177122681635, 0.000179638067493, 0.000123952253489, 8.74789184309e-05, 0.00010215191287, 8.46445764182e-05, 7.76294618845e-05, 5.65790141991e-05, 3.77338001272e-05, 4.1674804379e-05, 5.22926857229e-05, 5.04145100422e-05, 2.7477992262e-05, 3.15267825499e-05, 2.76146583928e-05, 2.24702471314e-05, 1.81059513125e-05, 7.29506336938e-06, 7.53252970753e-06, 8.56405949889e-06, 5.7875413404e-06, 2.73987757282e-06, 2.45441015068e-06, 3.14233875542e-06, 7.62328363635e-06, 2.9986372283e-06, 1.96361725102e-06, 3.46783349414e-06, 1.2942784906e-06, 8.83176312527e-07, 1.73224620426e-07, 1.1258669344e-11, 9.51766963853e-12], "var": [3.65327565532e-07, 5.7548913901e-06, 1.54629435656e-06, 4.44713293746e-07, 5.63017806599e-07, 2.11217809465e-07, 2.44620309786e-07, 2.77788387848e-07, 2.88302175022e-07, 1.03982408461e-07, 6.80281715404e-08, 9.57562846793e-08, 1.30457422642e-07, 1.85212826409e-07, 3.97314323664e-08, 1.60187187959e-08, 1.92871318916e-08, 2.65687774004e-08, 2.17117630541e-08, 6.8765948491e-09, 1.55768766774e-08, 5.21007814669e-09, 3.40990791159e-09, 2.26436336348e-09, 3.54936857683e-10, 5.06679476153e-10, 7.1174433014e-10, 3.12861264673e-10, 7.06545169593e-11, 6.12253442389e-11, 1.08377286312e-10, 6.0560817472e-10, 9.4551831642e-11, 4.4532010024e-11, 1.11876084785e-10, 3.2773419395e-11, 1.44983781925e-11, 4.51264053252e-13, 1.94430673528e-22, 1.3582926397e-22], "dvar": [1.71895820245e-07, 1.50864013904e-06, 6.85477118623e-07, 3.02398319718e-07, 2.45696924139e-07, 9.42531670489e-08, 9.8114753655e-08, 1.63533727005e-07, 1.4013478733e-07, 6.52850431493e-08, 2.94560358327e-08, 4.43271410688e-08, 6.58305623347e-08, 8.43344025725e-08, 1.8855075723e-08, 7.5155064394e-09, 7.36824024017e-09, 1.02439985383e-08, 9.39020683433e-09, 2.64254773619e-09, 4.18179002537e-09, 2.0653896371e-09, 1.39392208887e-09, 8.32664825978e-10, 1.72921232888e-10, 2.32202507222e-10, 2.35659963765e-10, 1.01254095386e-10, 3.14752460207e-11, 4.02770664043e-11, 7.04359487402e-11, 5.57679291635e-10, 6.9316344331e-11, 2.88363881384e-11, 6.90734622277e-11, 2.20214367574e-11, 1.10733045997e-11, 3.46887368005e-13, 2.35047102053e-22, 1.65346974917e-22], "mean": [0.000453800254036, 0.00212401407771, 0.00132782442961, 0.000440505100414, 0.000442511285655, 0.000263826077571, 0.000225361945922, 0.000275983591564, 0.000290756870527, 0.000201471731998, 0.000171285966644, 0.000178069385584, 0.000149761690409, 0.000130420463393, 9.53590206336e-05, 6.22660227236e-05, 7.46739824535e-05, 9.82005949481e-05, 9.04770568013e-05, 5.22133050254e-05, 6.58934732201e-05, 5.49187570869e-05, 4.60622286482e-05, 3.59333680535e-05, 1.41104910654e-05, 1.53559703904e-05, 1.76474568434e-05, 1.22634055515e-05, 5.10428344569e-06, 3.61252205039e-06, 4.58443264506e-06, 9.19133253774e-06, 4.02290743295e-06, 3.00077567772e-06, 4.93947936775e-06, 1.77939330115e-06, 1.1663839814e-06, 2.08833313309e-07, 9.58994689215e-12, 7.66349050191e-12]}, "barkbands_skewness": {"min": -1.95715236664, "max": 6.53293228149, "dvar2": 0.335807770491, "median": 0.733601212502, "dmean2": 0.617916464806, "dmean": 0.41012442112, "var": 0.956837773323, "dvar": 0.153602778912, "mean": 0.882129848003}, "spectral_entropy": {"min": 5.5680770874, "max": 9.8120059967, "dvar2": 0.0318910218775, "median": 7.44110536575, "dmean2": 0.187730953097, "dmean": 0.138985559344, "var": 0.126348003745, "dvar": 0.0181429255754, "mean": 7.43070936203}, "spectral_rolloff": {"min": 129.19921875, "max": 19121.484375, "dvar2": 1045112.1875, "median": 1744.18945313, "dmean2": 742.580993652, "dmean": 462.939849854, "var": 1472948.625, "dvar": 526993.25, "mean": 1831.57983398}, "barkbands": {"min": [2.73866375275e-24, 2.79305038736e-23, 5.40116140738e-24, 3.69740447341e-24, 1.88001110051e-23, 1.90853189322e-23, 7.92416064663e-24, 2.01437556969e-23, 4.0965609917e-23, 2.51071691161e-23, 2.4320468112e-23, 4.04694100967e-23, 4.24865337423e-23, 4.46225292599e-23, 7.80664514198e-23, 1.08135071269e-22, 9.74989669691e-23, 1.31760571856e-22, 2.09703487658e-22, 2.07851873342e-22, 3.95962483597e-22, 3.81333241126e-22, 4.56559925815e-22, 6.79395385325e-22, 1.08397132124e-21, 1.3938879875e-21, 2.02151693183e-21], "max": [0.000406857114285, 0.0234625376761, 0.0459500290453, 0.0319492444396, 0.0375026576221, 0.0357419885695, 0.0514091700315, 0.0900084003806, 0.0296514872462, 0.0258363224566, 0.0413806326687, 0.0745725855231, 0.0263742338866, 0.0154851553962, 0.0228268560022, 0.0221173129976, 0.0117771588266, 0.00885743834078, 0.0138544877991, 0.00600814493373, 0.00649142451584, 0.00937207881361, 0.00840872805566, 0.00487031321973, 1.47126204553e-08, 1.30167983059e-08, 1.33339179698e-08], "dvar2": [1.31310473606e-09, 8.665407222e-06, 2.85799669655e-05, 1.18386424219e-05, 1.70377097675e-05, 6.60197065372e-06, 4.94779851579e-06, 1.59584178618e-05, 7.61068804422e-06, 3.93474647353e-06, 1.01746800283e-05, 9.8726413853e-06, 3.18913384945e-06, 2.62581056631e-06, 3.44459203916e-06, 1.45489798342e-06, 1.31946035253e-06, 5.94972050294e-07, 2.74985609394e-07, 2.19291123926e-07, 1.28384030518e-07, 1.05050560251e-06, 2.47921803975e-07, 4.44288943413e-08, 6.08730856815e-18, 5.33107565033e-18, 5.87654294807e-18], "median": [2.85991632154e-06, 0.00132185127586, 0.00291539425962, 0.00165024236776, 0.000936767086387, 0.000548803713173, 0.000365220708773, 0.000563198176678, 0.000859721447341, 0.000418936921051, 0.00026809645351, 0.000326174340444, 0.000314166129101, 0.000280858890619, 0.000571697601117, 0.000303395150695, 0.000509041827172, 0.000344472238794, 0.000245651666773, 0.000186645804206, 6.1096441641e-05, 8.86142661329e-05, 6.8514054874e-05, 1.36643993756e-05, 3.30098948176e-10, 2.76606099137e-10, 2.8492067039e-10], "dmean2": [1.81180912477e-05, 0.00217620795593, 0.00392663665116, 0.00247141788714, 0.00231714406982, 0.001277517993, 0.000953190494329, 0.00180468021426, 0.00143851642497, 0.00100311811548, 0.00096622883575, 0.000983915990219, 0.000833159021568, 0.000820288492832, 0.00104130047839, 0.000619253201876, 0.000732027052436, 0.000527332711499, 0.00027618513559, 0.000283376371954, 0.000147573824506, 0.000358935358236, 0.000204224546906, 5.69774165342e-05, 1.89880977608e-09, 1.7807892938e-09, 1.87198012647e-09], "dmean": [1.29232030304e-05, 0.00131693854928, 0.00231302762404, 0.00145545299165, 0.00142411724664, 0.000822024070658, 0.000605366542004, 0.00112690823153, 0.000913588854019, 0.000635427364614, 0.000619930098765, 0.00061553803971, 0.000521034933627, 0.000513684586622, 0.00066118693212, 0.000402662612032, 0.000471300765639, 0.000336203724146, 0.000180549512152, 0.000190084872884, 0.000101381658169, 0.000236251580645, 0.000141144453664, 4.03614903917e-05, 1.02118657974e-09, 9.56666523777e-10, 1.00511199363e-09], "var": [1.49106538228e-09, 7.117073892e-06, 3.56232339982e-05, 9.27370092541e-06, 1.24055841297e-05, 6.3406901063e-06, 4.81198139823e-06, 1.26899749375e-05, 5.52864457859e-06, 3.88361104342e-06, 8.07972719485e-06, 9.22309845919e-06, 2.73561545328e-06, 2.7411258543e-06, 3.43274541592e-06, 2.32115144172e-06, 1.53237772338e-06, 6.95873325185e-07, 2.86762428914e-07, 3.42313001056e-07, 1.12208667247e-07, 5.5671608834e-07, 2.07226960924e-07, 2.90479356124e-08, 1.55836608784e-18, 1.35480831282e-18, 1.49113677676e-18], "dvar": [7.09925285225e-10, 3.16052114613e-06, 1.04824657683e-05, 4.202413038e-06, 6.75747787682e-06, 2.97848441733e-06, 2.13747398448e-06, 6.83016787661e-06, 3.17114904647e-06, 1.61828597811e-06, 3.95344432036e-06, 4.24528479925e-06, 1.23865697788e-06, 1.0233464991e-06, 1.41470627568e-06, 6.32074261375e-07, 5.71125440274e-07, 2.49860619306e-07, 1.21527520491e-07, 1.01764406679e-07, 6.5953969397e-08, 4.56184352515e-07, 1.23678304931e-07, 2.10289528013e-08, 1.90008287749e-18, 1.66447402508e-18, 1.83549661526e-18], "mean": [1.7901933461e-05, 0.00229980773292, 0.00509672891349, 0.00262496992946, 0.002183343051, 0.00140796171036, 0.00102101627272, 0.00170905585401, 0.00153850449715, 0.00111608835869, 0.00104663113598, 0.00103151705116, 0.000856526312418, 0.000919815909583, 0.00121713976841, 0.000839887652546, 0.000951466208789, 0.000684734317474, 0.000395956682041, 0.000424126192229, 0.000161727337399, 0.000308825692628, 0.000214448678889, 5.35601138836e-05, 8.16786693836e-10, 7.38476113593e-10, 7.7049672198e-10]}, "melbands_flatness_db": {"min": 0.00388792529702, "max": 0.446295112371, "dvar2": 0.000906147935893, "median": 0.21071177721, "dmean2": 0.0346157960594, "dmean": 0.0239528473467, "var": 0.00347237684764, "dvar": 0.000478603586089, "mean": 0.219506725669}, "melbands_skewness": {"min": -1.4388859272, "max": 11.0852584839, "dvar2": 0.634947955608, "median": 1.69336223602, "dmean2": 0.829425275326, "dmean": 0.546139478683, "var": 1.80365693569, "dvar": 0.281811743975, "mean": 1.92374932766}, "silence_rate_60dB": {"min": 0, "max": 1, "dvar2": 0.013056665659, "median": 0, "dmean2": 0.00992802157998, "dmean": 0.00496339518577, "var": 0.0454845763743, "dvar": 0.0049388431944, "mean": 0.0477667488158}, "spectral_energyband_low": {"min": 7.07751362906e-23, "max": 0.0608108155429, "dvar2": 5.55223123229e-05, "median": 0.00713859964162, "dmean2": 0.0061456952244, "dmean": 0.00363230588846, "var": 6.5382104367e-05, "dvar": 1.99442256417e-05, "mean": 0.00909143034369}, "spectral_energyband_middle_low": {"min": 2.27429709691e-22, "max": 0.0913954898715, "dvar2": 5.31929108547e-05, "median": 0.00894466601312, "dmean2": 0.00611298764125, "dmean": 0.00386190158315, "var": 6.17953774054e-05, "dvar": 2.24106042879e-05, "mean": 0.0107278488576}, "melbands_kurtosis": {"min": -1.76950919628, "max": 136.757064819, "dvar2": 78.5614852905, "median": 2.84181785583, "dmean2": 5.40601062775, "dmean": 3.48164153099, "var": 97.0541992188, "dvar": 32.4569740295, "mean": 6.22759199142}, "spectral_decrease": {"min": -2.43204194561e-08, "max": 5.94078429362e-29, "dvar2": 7.01561325136e-18, "median": -6.91072710168e-09, "dmean2": 2.63438248993e-09, "dmean": 1.63550806231e-09, "var": 1.04623904914e-17, "dvar": 2.74738176331e-18, "mean": -6.81682399417e-09}, "erbbands_kurtosis": {"min": -1.71718776226, "max": 16.2895641327, "dvar2": 2.26929140091, "median": -0.0883766636252, "dmean2": 1.18777728081, "dmean": 0.756044983864, "var": 2.49808311462, "dvar": 0.965346157551, "mean": 0.350513130426}, "melbands_crest": {"min": 1.7857490778, "max": 31.0628051758, "dvar2": 18.6856136322, "median": 13.0125408173, "dmean2": 5.13571739197, "dmean": 3.16759109497, "var": 33.197719574, "dvar": 7.96800518036, "mean": 14.0227241516}, "mfcc": {"mean": [-640.969787598, 142.981811523, -42.7315635681, 43.6107559204, -15.0362520218, 23.9231796265, -22.3421211243, 26.8525047302, -13.3532752991, 16.7147636414, -11.8075466156, 3.44493579865, -8.24544811249], "icov": [[0.00857047829777, -0.0111748352647, 0.0114065930247, -0.0110511174425, 0.0109906494617, -0.0100144175813, 0.0105318650603, -0.0114170629531, 0.011662369594, -0.0117277372628, 0.0125082703307, -0.0118771279231, 0.00952297262847], [-0.0111748352647, 0.0160377770662, -0.0150083061308, 0.0143680600449, -0.0147057883441, 0.0135080888867, -0.0144111169502, 0.014200004749, -0.0156524889171, 0.0155552467331, -0.0170118547976, 0.016144534573, -0.0126840192825], [0.0114065930247, -0.0150083061308, 0.0175364799798, -0.0149486651644, 0.0144624020904, -0.014435463585, 0.0143941408023, -0.0155624086037, 0.0146979670972, -0.01491771359, 0.0163789037615, -0.0170975700021, 0.0129942344502], [-0.0110511174425, 0.0143680600449, -0.0149486651644, 0.0186939425766, -0.0158852990717, 0.0129696913064, -0.0118031408638, 0.0127879884094, -0.0148176224902, 0.0138774504885, -0.0142311295494, 0.0152993891388, -0.0135467741638], [0.0109906494617, -0.0147057883441, 0.0144624020904, -0.0158852990717, 0.0206540189683, -0.0123375924304, 0.0112547278404, -0.0119332037866, 0.0128129543737, -0.0144664365798, 0.0167261138558, -0.0154066914693, 0.0110946847126], [-0.0100144175813, 0.0135080888867, -0.014435463585, 0.0129696913064, -0.0123375924304, 0.0172043330967, -0.0127106569707, 0.0103177856654, -0.012467674911, 0.0140284737572, -0.0154296075925, 0.0144445374608, -0.0100440140814], [0.0105318650603, -0.0144111169502, 0.0143941408023, -0.0118031408638, 0.0112547278404, -0.0127106569707, 0.0191487576813, -0.0150789963081, 0.0142667535692, -0.0154776256531, 0.0146660748869, -0.013228318654, 0.0108051635325], [-0.0114170629531, 0.014200004749, -0.0155624086037, 0.0127879884094, -0.0119332037866, 0.0103177856654, -0.0150789963081, 0.0273856129497, -0.0179031286389, 0.0127870775759, -0.0140001215041, 0.0145057346672, -0.0144266476855], [0.011662369594, -0.0156524889171, 0.0146979670972, -0.0148176224902, 0.0128129543737, -0.012467674911, 0.0142667535692, -0.0179031286389, 0.0248508509248, -0.0172438081354, 0.0167857985944, -0.0148790609092, 0.0109152812511], [-0.0117277372628, 0.0155552467331, -0.01491771359, 0.0138774504885, -0.0144664365798, 0.0140284737572, -0.0154776256531, 0.0127870775759, -0.0172438081354, 0.028469748795, -0.0196872781962, 0.0146686146036, -0.0090789925307], [0.0125082703307, -0.0170118547976, 0.0163789037615, -0.0142311295494, 0.0167261138558, -0.0154296075925, 0.0146660748869, -0.0140001215041, 0.0167857985944, -0.0196872781962, 0.0284747295082, -0.0168269071728, 0.0104537094012], [-0.0118771279231, 0.016144534573, -0.0170975700021, 0.0152993891388, -0.0154066914693, 0.0144445374608, -0.013228318654, 0.0145057346672, -0.0148790609092, 0.0146686146036, -0.0168269071728, 0.0284124389291, -0.0154243614525], [0.00952297262847, -0.0126840192825, 0.0129942344502, -0.0135467741638, 0.0110946847126, -0.0100440140814, 0.0108051635325, -0.0144266476855, 0.0109152812511, -0.0090789925307, 0.0104537094012, -0.0154243614525, 0.0235485173762]], "cov": [[5921.09472656, 90.0854797363, -249.149200439, 654.519470215, -569.771118164, 444.762756348, -547.511474609, 467.500488281, -325.013458252, 260.338867188, -395.635101318, 204.391204834, -275.639953613], [90.0854797363, 1022.23413086, -0.812229692936, -28.3601474762, 184.481079102, -102.979377747, 225.763778687, 15.6316595078, 149.661972046, -12.5240468979, 105.16368103, -75.9503250122, 102.825553894], [-249.149200439, -0.812229692936, 568.317016602, 89.5529785156, -6.86778831482, 135.127227783, -56.7495574951, 80.2451705933, 41.92993927, -4.56234073639, -17.3122901917, 66.8007278442, 4.55055713654], [654.519470215, -28.3601474762, 89.5529785156, 370.152404785, 50.8248100281, 22.6238422394, -91.1265182495, 83.7325363159, 28.9991283417, 24.3139019012, -85.8156433105, 38.8448219299, 21.845659256], [-569.771118164, 184.481079102, -6.86778831482, 50.8248100281, 272.723205566, -79.7461471558, 106.358970642, -36.6475143433, 88.3967437744, -18.1509685516, 14.4532814026, -20.3212242126, 61.3522224426], [444.762756348, -102.979377747, 135.127227783, 22.6238422394, -79.7461471558, 277.025665283, -31.0705509186, 82.6603622437, -35.155128479, 16.7789344788, -13.4150133133, 18.6242408752, -35.3330459595], [-547.511474609, 225.763778687, -56.7495574951, -91.1265182495, 106.358970642, -31.0705509186, 275.136688232, -12.1363477707, 55.2131195068, 5.16798591614, 62.5140228271, -48.5647773743, 41.7040672302], [467.500488281, 15.6316595078, 80.2451705933, 83.7325363159, -36.6475143433, 82.6603622437, -12.1363477707, 150.506820679, 27.801607132, 33.8991165161, -33.6818389893, 25.3363170624, 5.28023147583], [-325.013458252, 149.661972046, 41.92993927, 28.9991283417, 88.3967437744, -35.155128479, 55.2131195068, 27.801607132, 170.073501587, 9.18001270294, 17.349571228, -12.525935173, 49.4487457275], [260.338867188, -12.5240468979, -4.56234073639, 24.3139019012, -18.1509685516, 16.7789344788, 5.16798591614, 33.8991165161, 9.18001270294, 102.75176239, 6.6677274704, 10.5354528427, -22.1160068512], [-395.635101318, 105.16368103, -17.3122901917, -85.8156433105, 14.4532814026, -13.4150133133, 62.5140228271, -33.6818389893, 17.349571228, 6.6677274704, 145.582702637, -18.880487442, 32.5087089539], [204.391204834, -75.9503250122, 66.8007278442, 38.8448219299, -20.3212242126, 18.6242408752, -48.5647773743, 25.3363170624, -12.525935173, 10.5354528427, -18.880487442, 106.827453613, 5.46575546265], [-275.639953613, 102.825553894, 4.55055713654, 21.845659256, 61.3522224426, -35.3330459595, 41.7040672302, 5.28023147583, 49.4487457275, -22.1160068512, 32.5087089539, 5.46575546265, 117.199691772]]}, "spectral_energy": {"min": 1.04123314466e-20, "max": 0.0972415730357, "dvar2": 0.000110615641461, "median": 0.0286664236337, "dmean2": 0.0104870293289, "dmean": 0.00658772792667, "var": 0.00017190289509, "dvar": 4.38756433141e-05, "mean": 0.0281216781586}, "melbands_spread": {"min": 1.8183413744, "max": 180.866210938, "dvar2": 174.671386719, "median": 30.2164745331, "dmean2": 11.8806743622, "dmean": 7.94176578522, "var": 334.402832031, "dvar": 87.2585296631, "mean": 31.996055603}, "erbbands_flatness_db": {"min": 0.0888309851289, "max": 0.470449030399, "dvar2": 0.000317359808832, "median": 0.22249764204, "dmean2": 0.0205838121474, "dmean": 0.0141847170889, "var": 0.00148349185474, "dvar": 0.000159093164257, "mean": 0.224683225155}, "spectral_contrast_valleys": {"min": [-27.9317436218, -27.6451339722, -27.4612770081, -27.3318080902, -27.3068962097, -27.3685150146], "max": [-5.67013263702, -4.81948375702, -5.44427728653, -5.79890823364, -5.62920570374, -10.0019025803], "dvar2": [0.364247947931, 0.266903549433, 0.181566461921, 0.157967478037, 0.149647846818, 0.63162612915], "median": [-7.37796497345, -6.60870361328, -7.0021238327, -7.34391880035, -7.33433103561, -13.1195840836], "dmean2": [0.745812118053, 0.595471858978, 0.477348417044, 0.416924476624, 0.37687253952, 0.911420047283], "dmean": [0.448430478573, 0.369356065989, 0.301830798388, 0.273936063051, 0.272903472185, 0.605720579624], "var": [1.52754855156, 1.20286655426, 1.10942625999, 0.983273267746, 1.22415709496, 1.44162416458], "dvar": [0.148123398423, 0.122387304902, 0.0924640893936, 0.0882035344839, 0.0911016389728, 0.252128660679], "mean": [-7.56535816193, -6.75055074692, -7.14420223236, -7.45698928833, -7.50639200211, -13.2031211853]}, "barkbands_flatness_db": {"min": 0.0531465001404, "max": 0.425995975733, "dvar2": 0.000983723904938, "median": 0.194974794984, "dmean2": 0.0393310859799, "dmean": 0.0238966271281, "var": 0.00169839791488, "dvar": 0.000376230251277, "mean": 0.202439874411}, "zerocrossingrate": {"min": 0.0068359375, "max": 0.51806640625, "dvar2": 0.000124528523884, "median": 0.06005859375, "dmean2": 0.0101876752451, "dmean": 0.00928212981671, "var": 0.000915958371479, "dvar": 0.000119724099932, "mean": 0.0622854232788}, "spectral_skewness": {"min": -0.282254368067, "max": 3.95773768425, "dvar2": 0.215874657035, "median": 1.00513231754, "dmean2": 0.494620412588, "dmean": 0.296642452478, "var": 0.204112678766, "dvar": 0.0764755755663, "mean": 1.05881786346}, "hfc": {"min": 1.10911248502e-16, "max": 139.694580078, "dvar2": 168.48651123, "median": 24.0918540955, "dmean2": 9.9412279129, "dmean": 7.04084634781, "var": 320.376678467, "dvar": 87.3691101074, "mean": 26.387437