{"lowlevel": {"spectral_complexity": {"min": 0, "max": 57, "dvar2": 27.1999912262, "median": 23, "dmean2": 5.41212415695, "dmean": 3.77196621895, "var": 93.4470977783, "dvar": 15.9751777649, "mean": 23.1182804108}, "silence_rate_20dB": {"min": 1, "max": 1, "dvar2": 0, "median": 1, "dmean2": 0, "dmean": 0, "var": 0, "dvar": 0, "mean": 1}, "average_loudness": 0.943554282188, "erbbands_spread": {"min": 3.7144818306, "max": 123.724121094, "dvar2": 108.018447876, "median": 31.5259857178, "dmean2": 9.95278549194, "dmean": 6.6239862442, "var": 226.043304443, "dvar": 49.6605949402, "mean": 33.7753639221}, "spectral_kurtosis": {"min": -1.27034461498, "max": 39.8438301086, "dvar2": 11.2846689224, "median": 4.02766609192, "dmean2": 2.6001765728, "dmean": 1.57563340664, "var": 9.11616420746, "dvar": 3.93738484383, "mean": 4.48817253113}, "barkbands_kurtosis": {"min": -1.89403808117, "max": 35.6703529358, "dvar2": 8.26378154755, "median": -0.313915967941, "dmean2": 1.78759920597, "dmean": 1.14185142517, "var": 9.8263502121, "dvar": 3.63297128677, "mean": 0.737042188644}, "spectral_strongpeak": {"min": 0, "max": 11.0207519531, "dvar2": 3.85132169724, "median": 0.451920330524, "dmean2": 1.19372904301, "dmean": 0.685303807259, "var": 2.4154086113, "dvar": 1.46759283543, "mean": 1.12929141521}, "spectral_spread": {"min": 1220753.5, "max": 42339280, "dvar2": 1127383957500.0, "median": 3911198.25, "dmean2": 755558.6875, "dmean": 542536.125, "var": 15087088697300.0, "dvar": 616186052608, "mean": 4547813.5}, "spectral_rms": {"min": 3.1410275856e-12, "max": 0.0080409841612, "dvar2": 5.67836707432e-07, "median": 0.0049073798582, "dmean2": 0.000797140935902, "dmean": 0.000523643451743, "var": 2.32281809076e-06, "dvar": 2.60026098431e-07, "mean": 0.00460763461888}, "dynamic_complexity": 3.00525021553, "erbbands": {"min": [8.48872772834e-23, 5.35721625405e-22, 2.03509089298e-21, 4.58590264459e-21, 1.08810463936e-20, 1.77110403608e-20, 1.8461333566e-20, 3.01973785593e-20, 9.527855975e-20, 2.11226385529e-19, 2.97092618648e-19, 5.3447680744e-19, 3.9915760725e-19, 6.02030683514e-19, 1.08584236824e-18, 1.68878341572e-18, 1.62431027044e-18, 1.96304021429e-18, 1.39057281078e-18, 2.92827106723e-18, 3.71169175742e-18, 4.9175300118e-18, 5.66641012116e-18, 6.4024230225e-18, 6.68083547308e-18, 6.75486689713e-18, 9.98582775232e-18, 1.04784237333e-17, 1.05144358684e-17, 1.23005917805e-17, 1.13692583755e-17, 1.20812061113e-17, 9.86386162536e-18, 8.23356060273e-18, 5.82125047362e-18, 4.26749509051e-18, 2.23192271703e-18, 9.68716281842e-19, 2.39113926851e-19, 2.75845638047e-20], "max": [0.757355630398, 5.00944709778, 36.8101577759, 65.066947937, 85.2673339844, 117.094734192, 207.045730591, 207.484725952, 635.34362793, 479.899871826, 796.290710449, 623.929443359, 598.79876709, 933.117614746, 994.018920898, 1492.22021484, 904.379089355, 682.464355469, 1137.83508301, 1233.93127441, 1870.83813477, 866.983093262, 498.473114014, 628.204345703, 584.862243652, 248.499740601, 254.547821045, 560.899047852, 698.034729004, 245.031814575, 233.545181274, 232.792785645, 107.158348083, 69.2315979004, 76.6467895508, 4.38720035553, 0.601153433323, 0.130702167749, 0.00718275923282, 0.00107066426426], "dvar2": [0.00868820026517, 0.525988399982, 14.4409074783, 39.1301765442, 39.6318206787, 171.111679077, 298.671630859, 236.27116394, 773.514709473, 865.789489746, 3278.11401367, 2865.32299805, 1837.15466309, 4135.3671875, 7358.87792969, 5195.01074219, 3543.81298828, 3198.09204102, 6698.98095703, 7081.47802734, 5409.36669922, 4186.05322266, 2385.06518555, 629.828674316, 1108.49353027, 509.57119751, 149.109283447, 560.10559082, 4004.89526367, 256.125946045, 329.179168701, 115.682090759, 36.3878936768, 19.0313339233, 55.4480743408, 0.120538972318, 0.00369264767505, 9.79691030807e-05, 4.34486963741e-07, 5.210328613e-09], "median": [0.0127166956663, 0.375261545181, 2.17232036591, 4.38395786285, 2.65659737587, 2.27871441841, 3.14292693138, 3.39421510696, 4.31309986115, 6.7549161911, 10.6982498169, 13.2404384613, 14.4245004654, 13.0488767624, 12.0136489868, 13.9107131958, 12.6088199615, 12.8171682358, 25.387670517, 27.7240753174, 22.3289489746, 31.7829780579, 27.3044185638, 14.6203269958, 14.9344987869, 9.82375335693, 3.98279118538, 3.05297517776, 4.0865111351, 2.2178413868, 1.99250197411, 0.765236377716, 0.519593834877, 0.485300838947, 0.287811994553, 0.0250635221601, 0.00260412599891, 0.000360589154297, 4.70525192213e-05, 3.56628879672e-05], "dmean2": [0.0468513332307, 0.556996107101, 2.85483574867, 4.80921936035, 3.83175683022, 6.7236032486, 8.48304653168, 7.44519233704, 9.70662689209, 14.3421278, 26.6278400421, 23.5891857147, 20.6982383728, 30.1783027649, 30.7272052765, 26.3212413788, 26.416437149, 28.1784095764, 43.6834945679, 42.7937202454, 35.4728736877, 40.1095962524, 32.8472557068, 14.5854330063, 17.1156597137, 13.729716301, 6.01412582397, 8.91094398499, 20.9933834076, 6.03655767441, 7.51692152023, 2.73414516449, 1.72133481503, 1.6135185957, 2.45393157005, 0.127631515265, 0.0211314614862, 0.00293058552779, 0.0001883009827, 2.6257837817e-05], "dmean": [0.033396858722, 0.337252676487, 1.67662847042, 2.8301551342, 2.26475358009, 4.03360891342, 5.36528253555, 4.73474788666, 6.11641979218, 9.00607872009, 16.8390083313, 14.9655666351, 13.2804727554, 19.2787017822, 19.5527992249, 17.0006446838, 16.7737483978, 17.8548336029, 27.9338588715, 27.7330513, 23.9166183472, 25.7784938812, 21.4166908264, 9.57759666443, 11.5144882202, 9.48148727417, 4.23553228378, 6.1984295845, 13.5730924606, 4.25135755539, 5.13343143463, 1.92529225349, 1.21315824986, 1.13933765888, 1.66295790672, 0.0897458270192, 0.0141744408756, 0.00191153329797, 0.000123397869174, 1.75391651283e-05], "var": [0.0110599640757, 0.494106292725, 22.6369476318, 32.5196533203, 24.4930610657, 96.5766906738, 231.240066528, 217.484161377, 621.54107666, 635.484130859, 2712.57006836, 1709.82189941, 1628.73388672, 3885.77978516, 6060.36425781, 5716.11279297, 3151.77758789, 3515.6640625, 7564.65429688, 6858.68115234, 9350.79296875, 5050.36083984, 3338.25732422, 730.361816406, 1258.61474609, 945.860839844, 176.835296631, 401.653808594, 1870.11743164, 203.55305481, 260.10256958, 70.9336013794, 21.7630577087, 13.5103349686, 30.5732460022, 0.0726361572742, 0.00173095660284, 3.62773243978e-05, 1.66448373307e-07, 2.37851693896e-09], "dvar": [0.00532024307176, 0.201493397355, 5.41521787643, 14.3709516525, 14.717373848, 66.3023376465, 123.349914551, 103.674186707, 288.169708252, 369.181945801, 1382.46228027, 1154.08825684, 722.441955566, 1697.95690918, 2823.29541016, 2138.60424805, 1360.69616699, 1235.71594238, 2702.73071289, 3004.2331543, 2413.20898438, 1740.10766602, 1011.71368408, 270.722961426, 469.675018311, 249.076202393, 76.9866027832, 270.581054688, 1671.22729492, 128.097213745, 157.407699585, 53.0755958557, 16.0093383789, 8.66526508331, 24.7877044678, 0.054416526109, 0.00155649101362, 3.90552158933e-05, 1.75202131913e-07, 2.14858886238e-09], "mean": [0.0519343987107, 0.636679470539, 4.06041955948, 5.8074836731, 4.03282594681, 5.70679187775, 8.83842277527, 8.31843662262, 11.2302808762, 14.9115133286, 27.1934509277, 24.9873275757, 27.1631202698, 35.8884963989, 36.2955818176, 33.1750640869, 31.0587310791, 36.2925415039, 57.7126579285, 54.8920593262, 55.3039550781, 57.3344802856, 49.7583999634, 23.5123233795, 26.386013031, 22.9554367065, 8.49690341949, 9.21726894379, 16.7956886292, 6.56116914749, 7.47531318665, 2.69218587875, 1.87086927891, 1.73897302151, 2.02262449265, 0.119737394154, 0.016194883734, 0.00201344583184, 0.000150435516844, 4.29090105172e-05]}, "spectral_contrast_coeffs": {"min": [-0.982217729092, -0.99620372057, -0.996698558331, -0.985796749592, -0.987120687962, -0.964840352535], "max": [-0.342905700207, -0.378732740879, -0.434290915728, -0.47381824255, -0.52552062273, -0.615101456642], "dvar2": [0.0047412449494, 0.00364048779011, 0.00239113392308, 0.00174589792732, 0.00100553047378, 0.000700461736415], "median": [-0.620621323586, -0.744002580643, -0.756300508976, -0.747189283371, -0.74664491415, -0.756425738335], "dmean2": [0.0853496342897, 0.076331153512, 0.0599892213941, 0.0513299666345, 0.0383496433496, 0.0298912841827], "dmean": [0.0511913001537, 0.0467135943472, 0.037010230124, 0.0324103422463, 0.0251822639257, 0.0191045515239], "var": [0.00708240829408, 0.00592422345653, 0.00471826316789, 0.00431014364585, 0.0041381190531, 0.00189358147327], "dvar": [0.00175190949813, 0.00146647251677, 0.000958885415457, 0.000726111000404, 0.000485045951791, 0.000306931557134], "mean": [-0.624948859215, -0.741264104843, -0.751597046852, -0.742523729801, -0.742807626724, -0.756401538849]}, "dissonance": {"min": 0.347560077906, "max": 0.5, "dvar2": 0.000501912320033, "median": 0.477185845375, "dmean2": 0.0224339794368, "dmean": 0.013326074928, "var": 0.000365493644495, "dvar": 0.000182494812179, "mean": 0.473092973232}, "spectral_energyband_high": {"min": 7.19178047197e-21, "max": 0.0253979340196, "dvar2": 6.04714432484e-06, "median": 0.000574563746341, "dmean2": 0.00108055549208, "dmean": 0.000785383977927, "var": 5.45930333828e-06, "dvar": 3.09024198941e-06, "mean": 0.00134012661874}, "gfcc": {"mean": [-7.67244720459, 87.3745193481, -139.131072998, 39.7486228943, -52.6992034912, 19.4704990387, -40.1995201111, 14.8314657211, -21.7508621216, -4.21397161484, -18.5063934326, -7.80516576767, -9.88603305817], "icov": [[0.00013933563605, -0.000245845556492, 0.000345211563399, -0.000434428220615, 0.00051140668802, -0.000294921192108, 0.000204206400667, -0.000341098813806, 0.000335418793838, -0.000123510122648, 0.000328339490807, -0.00020993113867, 0.000141770768096], [-0.000245845556492, 0.00189128087368, -0.000557010411285, 0.00103957008105, -0.00178417051211, 0.000511696445756, -0.000187504949281, 0.000267181225354, -0.00113647128455, 0.0018768873997, -0.00137489580084, 0.00168335216586, 0.000190055900021], [0.000345211563399, -0.000557010411285, 0.00239789811894, -0.00148348952644, 0.000913931871764, -0.00110366521403, 7.37804730306e-05, -0.000843050365802, 0.000306577276206, -0.000553234887775, 0.00219486188143, -0.0017687875079, 0.000931585789658], [-0.000434428220615, 0.00103957008105, -0.00148348952644, 0.00558907864615, -0.00215850048698, 0.000306643836666, 0.00135746027809, -0.000558686093427, -0.00135489052627, 0.00184581475332, -0.00119049451314, 0.00139891437721, -0.00216075219214], [0.00051140668802, -0.00178417051211, 0.000913931871764, -0.00215850048698, 0.00783316418529, -0.000790359510574, -0.00195301161148, -0.000650393834803, -0.000700177974068, -0.000122281780932, -0.000552536221221, -0.00011854791228, -0.00161491299514], [-0.000294921192108, 0.000511696445756, -0.00110366521403, 0.000306643836666, -0.000790359510574, 0.00636592973024, -0.00276487879455, 0.000646973552648, 0.00208144984208, -0.00168176193256, 0.000978808966465, -0.000515730585903, 0.000737421738449], [0.000204206400667, -0.000187504949281, 7.37804730306e-05, 0.00135746027809, -0.00195301161148, -0.00276487879455, 0.00978258252144, -0.00179756409489, -0.000746912090108, 0.00194679212291, -0.00243616779335, 0.00198204396293, 0.00149762269575], [-0.000341098813806, 0.000267181225354, -0.000843050365802, -0.000558686093427, -0.000650393834803, 0.000646973552648, -0.00179756409489, 0.0103170722723, -0.00344423158094, -0.00139771949034, 0.000956642441452, 0.00112504663412, -0.00162225065287], [0.000335418793838, -0.00113647128455, 0.000306577276206, -0.00135489052627, -0.000700177974068, 0.00208144984208, -0.000746912090108, -0.00344423158094, 0.0152322724462, -0.00438141031191, 0.00230625690892, -0.000865196110681, 0.000505879404955], [-0.000123510122648, 0.0018768873997, -0.000553234887775, 0.00184581475332, -0.000122281780932, -0.00168176193256, 0.00194679212291, -0.00139771949034, -0.00438141031191, 0.0181049276143, -0.00487017864361, -0.00281853158958, 0.00384999508969], [0.000328339490807, -0.00137489580084, 0.00219486188143, -0.00119049451314, -0.000552536221221, 0.000978808966465, -0.00243616779335, 0.000956642441452, 0.00230625690892, -0.00487017864361, 0.0137003026903, -0.00270663318224, -0.00157375133131], [-0.00020993113867, 0.00168335216586, -0.0017687875079, 0.00139891437721, -0.00011854791228, -0.000515730585903, 0.00198204396293, 0.00112504663412, -0.000865196110681, -0.00281853158958, -0.00270663318224, 0.0157255735248, -0.00432989094406], [0.000141770768096, 0.000190055900021, 0.000931585789658, -0.00216075219214, -0.00161491299514, 0.000737421738449, 0.00149762269575, -0.00162225065287, 0.000505879404955, 0.00384999508969, -0.00157375133131, -0.00432989094406, 0.0150335803628]], "cov": [[23988.3945313, 147.72114563, -1521.24194336, 928.165893555, -1312.27966309, 442.725250244, -813.40222168, 340.856964111, -434.786376953, -56.7617530823, -441.271270752, 6.85313224792, -60.3374710083], [147.72114563, 1302.28027344, -204.984893799, -49.3494300842, 340.583282471, -111.781616211, 167.13710022, 24.4700889587, 70.091255188, -143.520645142, 108.010894775, -180.680084229, 9.47642993927], [-1521.24194336, -204.984893799, 891.678222656, 85.0523529053, -22.3925762177, 116.931732178, 0.975304543972, 37.3172340393, 32.8767318726, 39.4854469299, -111.249801636, 76.3930740356, -31.1662635803], [928.165893555, -49.3494300842, 85.0523529053, 328.143920898, 6.11682271957, 2.46324038506, -66.076675415, 55.3465499878, 9.1418504715, -23.440322876, -30.2369613647, 7.86318922043, 51.6499633789], [-1312.27966309, 340.583282471, -22.3925762177, 6.11682271957, 340.390625, -47.0387115479, 126.82447052, 11.1795454025, 57.9015159607, -42.0481796265, 78.019317627, -52.8328056335, 39.5512466431], [442.725250244, -111.781616211, 116.931732178, 2.46324038506, -47.0387115479, 245.232269287, 30.2701587677, 1.19102299213, -37.9316711426, 28.4752845764, -37.4207420349, 22.0281944275, -33.2114181519], [-813.40222168, 167.13710022, 0.975304543972, -66.076675415, 126.82447052, 30.2701587677, 195.218200684, 8.95501422882, 23.4116077423, -18.3524360657, 46.6305427551, -43.9460639954, -14.2057580948], [340.856964111, 24.4700889587, 37.3172340393, 55.3465499878, 11.1795454025, 1.19102299213, 8.95501422882, 131.197311401, 32.1766471863, 4.24099636078, -18.1541080475, -6.89800214767, 10.4704380035], [-434.786376953, 70.091255188, 32.8767318726, 9.1418504715, 57.9015159607, -37.9316711426, 23.4116077423, 32.1766471863, 98.3010253906, 10.0708580017, 6.10453987122, -6.99377298355, 4.4488697052], [-56.7617530823, -143.520645142, 39.4854469299, -23.440322876, -42.0481796265, 28.4752845764, -18.3524360657, 4.24099636078, 10.0708580017, 92.3236999512, 7.41381025314, 36.7039222717, -19.7288417816], [-441.271270752, 108.010894775, -111.249801636, -30.2369613647, 78.019317627, -37.4207420349, 46.6305427551, -18.1541080475, 6.10453987122, 7.41381025314, 128.114822388, -3.47479343414, 19.2624320984], [6.85313224792, -180.680084229, 76.3930740356, 7.86318922043, -52.8328056335, 22.0281944275, -43.9460639954, -6.89800214767, -6.99377298355, 36.7039222717, -3.47479343414, 107.531730652, 16.9361934662], [-60.3374710083, 9.47642993927, -31.1662635803, 51.6499633789, 39.5512466431, -33.2114181519, -14.2057580948, 10.4704380035, 4.4488697052, -19.7288417816, 19.2624320984, 16.9361934662, 96.5415115356]]}, "spectral_flux": {"min": 6.31693169995e-11, "max": 0.214910417795, "dvar2": 0.00065558165079, "median": 0.0778233110905, "dmean2": 0.0274638049304, "dmean": 0.0184721313417, "var": 0.00138393195812, "dvar": 0.000310232222546, "mean": 0.0787168890238}, "silence_rate_30dB": {"min": 1, "max": 1, "dvar2": 0, "median": 1, "dmean2": 0, "dmean": 0, "var": 0, "dvar": 0, "mean": 1}, "spectral_energyband_middle_high": {"min": 1.13851061463e-21, "max": 0.0504839494824, "dvar2": 2.27794480452e-05, "median": 0.00665148813277, "dmean2": 0.00346242263913, "dmean": 0.00238860282116, "var": 5.60371263418e-05, "dvar": 1.00609740912e-05, "mean": 0.00875542033464}, "barkbands_spread": {"min": 2.70504975319, "max": 106.047538757, "dvar2": 109.584274292, "median": 28.6404342651, "dmean2": 9.29937839508, "dmean": 6.19990634918, "var": 184.162612915, "dvar": 54.7451133728, "mean": 29.9059410095}, "spectral_centroid": {"min": 267.014373779, "max": 11703.5556641, "dvar2": 177648.765625, "median": 1808.75097656, "dmean2": 377.565734863, "dmean": 259.277252197, "var": 1220010.625, "dvar": 93364.484375, "mean": 1874.41040039}, "pitch_salience": {"min": 0.132710009813, "max": 0.996076285839, "dvar2": 0.00757854292169, "median": 0.538954555988, "dmean2": 0.0994516909122, "dmean": 0.0631910637021, "var": 0.0120511557907, "dvar": 0.00321441842243, "mean": 0.539739131927}, "erbbands_skewness": {"min": -3.06636857986, "max": 2.92751789093, "dvar2": 0.183164477348, "median": -0.186248809099, "dmean2": 0.47140750289, "dmean": 0.310282409191, "var": 0.479850322008, "dvar": 0.0814247056842, "mean": -0.264135152102}, "erbbands_crest": {"min": 2.3050057888, "max": 28.3120803833, "dvar2": 11.7576417923, "median": 7.54150629044, "dmean2": 3.69112086296, "dmean": 2.27211737633, "var": 12.3505382538, "dvar": 4.60555124283, "mean": 8.27194499969}, "melbands": {"min": [1.18562579447e-24, 1.22660061039e-24, 9.1784853791e-25, 3.64946603715e-25, 9.44064555158e-25, 7.67873310141e-25, 1.27469006421e-24, 2.5073977399e-24, 2.40029172822e-24, 3.25888024607e-24, 1.44997495735e-24, 1.88699768656e-24, 3.12110706948e-24, 3.37931958477e-24, 2.48283123081e-24, 3.03092922396e-24, 3.45739867059e-24, 1.83664430055e-24, 2.21895765244e-24, 2.93885002644e-24, 3.9667326305e-24, 4.78029079851e-24, 3.70701516581e-24, 5.28060531727e-24, 4.56643691799e-24, 4.26514490588e-24, 4.04162550712e-24, 3.65083485873e-24, 5.44861375742e-24, 4.93221988683e-24, 5.58882116154e-24, 4.86677283069e-24, 5.49937932325e-24, 6.11741949919e-24, 5.37827221379e-24, 5.8629515094e-24, 5.86500885864e-24, 5.67254809701e-24, 6.27491833993e-24, 6.18371103093e-24], "max": [0.00612321356311, 0.0137322228402, 0.00927076674998, 0.00685107940808, 0.00578789040446, 0.00530268810689, 0.00910441018641, 0.00825114361942, 0.00523773441091, 0.00376067892648, 0.00311565073207, 0.00344620482065, 0.0041461889632, 0.00632988894358, 0.00313030416146, 0.00167773361318, 0.00148833636194, 0.00235382257961, 0.00171560083982, 0.00117451278493, 0.00224615004845, 0.000931834918447, 0.000737900729291, 0.000531691242941, 0.00057648809161, 0.000575797515921, 0.000326254084939, 0.000187089186511, 0.000146191363456, 0.000172705229488, 0.000359123834642, 0.000503507675603, 0.000269654177828, 0.000123651014292, 0.00014326206292, 0.000150077932631, 0.000145508704009, 8.21462890599e-05, 6.00847452006e-05, 5.93090553593e-05], "dvar2": [6.17599823727e-07, 2.2589317723e-06, 9.60720626608e-07, 3.92575543628e-07, 3.53999553226e-07, 1.18913206393e-07, 1.47039031617e-07, 1.76006906827e-07, 1.99757863584e-07, 1.00080484344e-07, 4.93533001134e-08, 6.81031693262e-08, 1.2010410444e-07, 1.20470701859e-07, 3.7177183998e-08, 1.46528549294e-08, 1.60838382612e-08, 2.20555591568e-08, 2.47269262843e-08, 6.41025366122e-09, 9.58545509633e-09, 5.40860423115e-09, 3.40935280008e-09, 2.25158469647e-09, 4.83457218703e-10, 7.88467791057e-10, 6.61145360681e-10, 2.40366893056e-10, 6.85005316359e-11, 9.22811965731e-11, 2.33961572338e-10, 1.87454851641e-09, 2.38834618749e-10, 6.65010754797e-11, 2.02388286685e-10, 5.13479259112e-11, 4.31063448825e-11, 2.17875596037e-11, 1.05277106477e-11, 1.60674789446e-11], "median": [0.000227270196774, 0.00103866960853, 0.000758426205721, 0.000172660817043, 0.000120782300655, 7.6244075899e-05, 6.07152323937e-05, 7.91390630184e-05, 9.00712911971e-05, 8.65798210725e-05, 6.997831224e-05, 5.10237368871e-05, 3.842991282e-05, 3.02968874166e-05, 3.23912390741e-05, 1.88673730008e-05, 2.12916493183e-05, 3.5617253161e-05, 3.968405872e-05, 2.30561599892e-05, 2.509208025e-05, 3.09564566123e-05, 2.78926345345e-05, 1.75562163349e-05, 9.17882607609e-06, 9.97845836537e-06, 8.81120467966e-06, 5.58174178877e-06, 2.32051411331e-06, 1.26363738673e-06, 1.64504399436e-06, 2.45689898293e-06, 1.33389426082e-06, 1.07077426037e-06, 1.32398008645e-06, 5.00306441609e-07, 3.66635447335e-07, 3.43852263995e-07, 3.25839891957e-07, 3.39742712185e-07], "dmean2": [0.000487246230477, 0.00117051647976, 0.000755989458412, 0.000336508499458, 0.000308787944959, 0.00016864715144, 0.000141519252793, 0.00019774667453, 0.000211497041164, 0.000148901162902, 0.000107727253635, 0.000127790219267, 0.000110612803837, 9.71387999016e-05, 7.64393480495e-05, 5.04956115037e-05, 6.04166889389e-05, 7.82108909334e-05, 7.67464589444e-05, 4.15191898355e-05, 4.65562225145e-05, 4.44010438514e-05, 3.62866412615e-05, 2.97810183838e-05, 1.22875007946e-05, 1.2716238416e-05, 1.41497012009e-05, 9.28226290853e-06, 4.33770037489e-06, 3.99169266529e-06, 5.51275115868e-06, 1.43686511365e-05, 5.43020314581e-06, 3.0388880532e-06, 5.88682178204e-06, 1.95502366296e-06, 1.60123408932e-06, 1.3226054989e-06, 1.01029013422e-06, 1.44036664551e-06], "dmean": [0.000324863707647, 0.000686216517352, 0.000445547077106, 0.000202026189072, 0.000194213411305, 0.000107453313831, 8.89961665962e-05, 0.000124654223328, 0.000134523274028, 9.46266300161e-05, 6.87999636284e-05, 8.16147876321e-05, 7.03932673787e-05, 6.23897140031e-05, 4.79649097542e-05, 3.256736818e-05, 3.81616191589e-05, 4.99080197187e-05, 4.86961798742e-05, 2.75686579698e-05, 3.13289456244e-05, 2.84011985059e-05, 2.3512644475e-05, 1.91973231267e-05, 7.85316842666e-06, 8.31329634821e-06, 9.45208830672e-06, 6.31225293546e-06, 2.95006861961e-06, 2.72894340014e-06, 3.74709338757e-06, 9.21041646507e-06, 3.6212793475e-06, 2.09007748708e-06, 3.94452945329e-06, 1.33873754748e-06, 1.11151996407e-06, 9.16036697163e-07, 7.01608882991e-07, 9.95083723865e-07], "var": [7.22806930753e-07, 3.24548955177e-06, 7.66307437061e-07, 2.28748390896e-07, 2.89602922976e-07, 1.09489150191e-07, 1.20862523545e-07, 1.3485373529e-07, 1.61686969591e-07, 6.36269703591e-08, 4.48445938162e-08, 6.49483595794e-08, 9.31512147417e-08, 1.12684688247e-07, 2.92064026297e-08, 1.24018253445e-08, 1.72165073309e-08, 2.43443594172e-08, 2.1955093743e-08, 7.29003923894e-09, 1.57891903996e-08, 5.55935653068e-09, 3.91366494767e-09, 2.77847433949e-09, 4.42104380882e-10, 6.57577270413e-10, 9.2372831606e-10, 4.14511369673e-10, 8.51897302701e-11, 7.29404939226e-11, 1.54146903575e-10, 8.87553808226e-10, 1.37282227253e-10, 4.8687682358e-11, 1.50548504219e-10, 3.38156586066e-11, 2.47523477409e-11, 1.24940188403e-11, 6.73395670822e-12, 1.07683601619e-11], "dvar": [3.35257567485e-07, 8.1799663576e-07, 3.4855779063e-07, 1.50251906916e-07, 1.44990480067e-07, 5.19502023621e-08, 5.56476145164e-08, 7.50711706132e-08, 8.2557079395e-08, 4.06168716438e-08, 1.93795983705e-08, 2.81438321537e-08, 4.61612401637e-08, 4.78195687492e-08, 1.40400633342e-08, 5.76203040836e-09, 6.20239326565e-09, 9.02704133665e-09, 9.57638413013e-09, 2.86445533959e-09, 4.32762314873e-09, 2.23918439346e-09, 1.4731057485e-09, 9.37062982764e-10, 2.03798047882e-10, 3.1768446207e-10, 2.94429675085e-10, 1.15136768175e-10, 3.37583606902e-11, 4.56374209257e-11, 1.09960866801e-10, 7.85834008976e-10, 1.07073523659e-10, 3.21945178849e-11, 9.35458099871e-11, 2.44078438016e-11, 1.93991073205e-11, 9.54797699237e-12, 4.5255110423e-12, 7.16584343946e-12], "mean": [0.000539451139048, 0.00167395791505, 0.000965684186667, 0.000316013582051, 0.000319383660099, 0.00019056549354, 0.000160220995895, 0.000200375085115, 0.000219314693823, 0.000159077215358, 0.00013775723346, 0.000147609767737, 0.000126048849779, 0.000108976382762, 8.34224192658e-05, 5.63971225347e-05, 7.0654823503e-05, 9.55219729804e-05, 9.00812738109e-05, 5.32073208888e-05, 6.72790120007e-05, 5.7736870076e-05, 4.97082583024e-05, 4.00018652726e-05, 1.59225219249e-05, 1.74096912815e-05, 2.03492745641e-05, 1.4201704289e-05, 5.72054977965e-06, 4.00206272388e-06, 5.38794211025e-06, 1.11956951514e-05, 4.77066578242e-06, 3.18649222208e-06, 5.57104476684e-06, 1.82368091828e-06, 1.4826999859e-06, 1.32115224005e-06, 1.16514445381e-06, 1.45305091337e-06]}, "barkbands_skewness": {"min": -2.43008089066, "max": 5.55827283859, "dvar2": 0.304361343384, "median": 0.596491336823, "dmean2": 0.579768896103, "dmean": 0.387528926134, "var": 0.949126601219, "dvar": 0.148330286145, "mean": 0.737015664577}, "spectral_entropy": {"min": 5.62034702301, "max": 9.82126045227, "dvar2": 0.0414125733078, "median": 7.6111164093, "dmean2": 0.20447011292, "dmean": 0.151248440146, "var": 0.196566000581, "dvar": 0.0235657449812, "mean": 7.63563871384}, "spectral_rolloff": {"min": 129.19921875, "max": 19379.8828125, "dvar2": 1839894.25, "median": 1959.52148438, "dmean2": 925.736206055, "dmean": 595.463195801, "var": 4836585, "dvar": 955411.0625, "mean": 2382.96972656}, "barkbands": {"min": [3.50749967041e-25, 2.8085262606e-24, 9.86030278986e-25, 1.51880356437e-24, 5.9056020631e-24, 3.94328137351e-24, 1.10554840565e-23, 1.26498389991e-23, 2.42825822782e-23, 1.39131460963e-23, 1.75165980247e-23, 2.80150855398e-23, 2.90003191679e-23, 3.25196706353e-23, 2.82437826271e-23, 4.28770167349e-23, 7.59013942664e-23, 1.10952099873e-22, 1.42557679512e-22, 1.67564279906e-22, 2.83814887111e-22, 2.99314274716e-22, 3.89983069397e-22, 5.98204457808e-22, 8.46689332066e-22, 1.24804701841e-21, 1.98826915835e-21], "max": [0.000929630186874, 0.0223915427923, 0.0341624431312, 0.023998785764, 0.0291940905154, 0.0353044010699, 0.0381439775229, 0.0531608462334, 0.0270260218531, 0.0199747923762, 0.0325421430171, 0.041993137449, 0.0244706496596, 0.0214257873595, 0.0224909298122, 0.0271259490401, 0.0143860559911, 0.00752879166976, 0.0149818751961, 0.00612760335207, 0.00887697469443, 0.0130629446357, 0.00827203597873, 0.0074815871194, 0.00706859212369, 0.000401225872338, 5.23963390151e-05], "dvar2": [9.54480405824e-09, 8.47283990879e-06, 1.54566987476e-05, 5.81154881729e-06, 9.3017333711e-06, 3.81654626835e-06, 2.94761935038e-06, 8.11820973468e-06, 5.07941786054e-06, 2.61984519057e-06, 7.07228991814e-06, 5.91178877585e-06, 2.50803236668e-06, 2.36336632042e-06, 3.49848301084e-06, 1.48042340697e-06, 1.45447813793e-06, 6.939116588e-07, 3.94802441406e-07, 2.50143472158e-07, 1.71116823822e-07, 1.51159758843e-06, 3.02799435303e-07, 1.70712709746e-07, 4.68701415457e-07, 1.06469855155e-09, 1.86441452554e-11], "median": [7.32041189622e-06, 0.0012231359724, 0.00228440668434, 0.00119849934708, 0.000677004805766, 0.000403699581511, 0.000270444026683, 0.000412331253756, 0.000682494021021, 0.00033815196366, 0.000223594950512, 0.000283474946627, 0.000280193140497, 0.000257512903772, 0.00055064575281, 0.000308262824547, 0.000536657171324, 0.000352533097612, 0.00027240763302, 0.000203980132937, 6.33307354292e-05, 9.93259163806e-05, 7.0255024184e-05, 3.18616112054e-05, 4.62736788904e-05, 1.81512518793e-06, 1.50079429773e-07], "dmean2": [4.61490089947e-05, 0.00212496705353, 0.0029146745801, 0.00172391801607, 0.00169033231214, 0.000922295730561, 0.000677995441947, 0.00129939964972, 0.00109860149678, 0.000788479461335, 0.000804671435617, 0.000769984733779, 0.000709512503818, 0.000754009990487, 0.00100276595913, 0.000612400530372, 0.000751868297812, 0.000554849917535, 0.000302488100715, 0.000305011315504, 0.000165848628967, 0.000430385029176, 0.000225431518629, 0.00011174602696, 0.000239198590862, 1.17864556159e-05, 1.14517820293e-06], "dmean": [3.07799164148e-05, 0.00134763645474, 0.0017128395848, 0.00101046543568, 0.00102985813282, 0.000593456847128, 0.000426223443355, 0.000815694627818, 0.000698619289324, 0.000504160823766, 0.00051073951181, 0.000493262778036, 0.000450515450211, 0.000475374283269, 0.000639154517557, 0.000400901888497, 0.000485687662149, 0.00035849789856, 0.000200946335099, 0.00020954705542, 0.000115460854431, 0.000284473760985, 0.000155110174092, 7.90705016698e-05, 0.000165013683727, 7.9193878264e-06, 7.2419851449e-07], "var": [9.14516817829e-09, 9.06336845219e-06, 1.98002617253e-05, 4.50445531897e-06, 6.38304572931e-06, 3.31164596901e-06, 2.35535844695e-06, 6.49665116725e-06, 3.37871551892e-06, 2.59952207671e-06, 5.72201042814e-06, 5.60195485377e-06, 2.06082063414e-06, 2.50874381891e-06, 3.41771533385e-06, 2.38374741457e-06, 1.65001506502e-06, 8.54174118103e-07, 3.76960485937e-07, 4.45984881026e-07, 1.42001354675e-07, 8.13195185856e-07, 2.44409733341e-07, 1.07124371596e-07, 2.80186156942e-07, 5.15919917898e-10, 6.29807837826e-12], "dvar": [4.62482763197e-09, 3.8909270188e-06, 5.70602105654e-06, 2.08267556445e-06, 3.63462413588e-06, 1.65558674325e-06, 1.14721797217e-06, 3.45302123606e-06, 2.05167884815e-06, 1.05927767891e-06, 2.75118236459e-06, 2.36275832322e-06, 9.53822109295e-07, 9.19180422443e-07, 1.39657561249e-06, 6.45082479878e-07, 6.21470633178e-07, 2.90933400038e-07, 1.65333617019e-07, 1.19307898672e-07, 8.61540456754e-08, 6.58380258756e-07, 1.47462429823e-07, 7.82904692187e-08, 2.11979454434e-07, 4.47976739038e-10, 7.29690440016e-12], "mean": [4.75580818602e-05, 0.00235275132582, 0.00387976551428, 0.00187294592615, 0.00157208507881, 0.00101980287582, 0.000724073674064, 0.00125942623708, 0.00121315952856, 0.000914923264645, 0.000875836063642, 0.000865446752869, 0.000767486868426, 0.000877202022821, 0.00120895390864, 0.00085802259855, 0.00100260635372, 0.00075761845801, 0.000450147228548, 0.00048985844478, 0.000181727227755, 0.000371852278477, 0.000233825674513, 0.000115520335385, 0.000219264955376, 9.38431185205e-06, 7.54715529183e-07]}, "melbands_flatness_db": {"min": 0.000723614590243, "max": 0.40225854516, "dvar2": 0.000908594985958, "median": 0.153740331531, "dmean2": 0.0323778912425, "dmean": 0.0229372289032, "var": 0.00388494599611, "dvar": 0.000504176481627, "mean": 0.16194216907}, "melbands_skewness": {"min": -1.56419563293, "max": 9.55193710327, "dvar2": 0.553606808186, "median": 1.60020136833, "dmean2": 0.762815415859, "dmean": 0.506969869137, "var": 1.70816099644, "dvar": 0.256422966719, "mean": 1.83658099174}, "silence_rate_60dB": {"min": 0, "max": 1, "dvar2": 0.0128383822739, "median": 0, "dmean2": 0.0107553163543, "dmean": 0.00537700112909, "var": 0.0621575526893, "dvar": 0.00534801185131, "mean": 0.0665933564305}, "spectral_energyband_low": {"min": 1.55106588491e-23, "max": 0.0503634847701, "dvar2": 3.02858588839e-05, "median": 0.00592040456831, "dmean2": 0.00459058722481, "dmean": 0.0027728297282, "var": 4.10900065617e-05, "dvar": 1.15912280307e-05, "mean": 0.00748708238825}, "spectral_energyband_middle_low": {"min": 1.6318636694e-22, "max": 0.0538728386164, "dvar2": 3.22148298437e-05, "median": 0.0064863357693, "dmean2": 0.00451427558437, "dmean": 0.00284481071867, "var": 3.45579937857e-05, "dvar": 1.31686110763e-05, "mean": 0.00785479042679}, "melbands_kurtosis": {"min": -1.75447630882, "max": 112.840637207, "dvar2": 56.3098297119, "median": 2.33636856079, "dmean2": 4.67016410828, "dmean": 3.04339051247, "var": 79.0076293945, "dvar": 24.6298828125, "mean": 5.49954223633}, "spectral_decrease": {"min": -1.57421045088e-08, "max": 2.08456855317e-28, "dvar2": 4.23384455601e-18, "median": -5.8278759596e-09, "dmean2": 2.01099092934e-09, "dmean": 1.27239230263e-09, "var": 8.20774181427e-18, "dvar": 1.75155618785e-18, "mean": -5.70015812329e-09}, "erbbands_kurtosis": {"min": -1.61868405342, "max": 19.8593387604, "dvar2": 2.16956877708, "median": 0.0796901360154, "dmean2": 1.19929766655, "dmean": 0.769377708435, "var": 2.91788935661, "dvar": 0.947355806828, "mean": 0.556271195412}, "melbands_crest": {"min": 1.09216058254, "max": 31.0777378082, "dvar2": 18.1877155304, "median": 12.8247871399, "dmean2": 4.98708200455, "dmean": 3.07908177376, "var": 34.0018463135, "dvar": 7.79759073257, "mean": 13.6880016327}, "mfcc": {"mean": [-632.29901123, 109.493171692, -19.4142684937, 21.2431240082, 9.34341812134, 3.41726827621, -0.971430778503, 9.66664218903, 3.92779612541, 3.21720337868, 1.24912714958, -5.86489772797, 0.352367430925], "icov": [[0.000104597704194, -1.39815665534e-05, -7.50661968141e-07, -0.000119945594633, 0.000113679809147, -4.3358872972e-06, 0.000102500292996, -0.000139792144182, -2.16636885852e-06, 8.16462707007e-05, 4.4260697905e-05, 0.000170975676156, 9.90992266452e-05], [-1.39815665534e-05, 0.000948789180256, 0.000351016351487, -0.000114446564112, -0.000458381255157, 9.74070935627e-05, -0.00034033623524, -0.000890308234375, 5.36537918379e-05, -0.000281218846794, -0.000340236671036, -0.000155464571435, 0.000122716577607], [-7.50661968141e-07, 0.000351016351487, 0.00217319931835, -0.000241424539126, 0.000131472625071, -0.00122477277182, 0.00067994807614, -0.00077101768693, -0.000927297689486, 0.00100604793988, -0.000256733474089, -0.000512192433234, 1.4914604435e-05], [-0.000119945594633, -0.000114446564112, -0.000241424539126, 0.0056487522088, -0.00303950021043, 0.00130060652737, 0.000448318722192, -0.000614701944869, -0.000413434201619, -0.000641745282337, 0.00143610173836, -0.00045920512639, -0.00140089914203], [0.000113679809147, -0.000458381255157, 0.000131472625071, -0.00303950021043, 0.00867519062012, -0.00107609073166, -0.000467049860163, 0.000920794380363, -0.0010897249449, -0.00065195991192, 0.00165446836036, 5.20618887094e-05, -0.00102211360354], [-4.3358872972e-06, 9.74070935627e-05, -0.00122477277182, 0.00130060652737, -0.00107609073166, 0.0074498783797, -0.00200799969025, -0.00145307742059, 0.000345089822076, 0.00148288323544, -0.00193382031284, 0.000677184667438, 0.00108044187073], [0.000102500292996, -0.00034033623524, 0.00067994807614, 0.000448318722192, -0.000467049860163, -0.00200799969025, 0.00874246656895, -0.00307643436827, 0.00165699818172, -0.00339163118042, 0.00148199906107, 7.75210428401e-05, 0.000466049619718], [-0.000139792144182, -0.000890308234375, -0.00077101768693, -0.000614701944869, 0.000920794380363, -0.00145307742059, -0.00307643436827, 0.015159541741, -0.00406992109492, -0.00108957313932, 0.000376356852939, 0.000882516033016, -0.00401791417971], [-2.16636885852e-06, 5.36537918379e-05, -0.000927297689486, -0.000413434201619, -0.0010897249449, 0.000345089822076, 0.00165699818172, -0.00406992109492, 0.0108541119844, -0.00281671574339, 0.00192894786596, -0.000205968288356, -0.000363098515663], [8.16462707007e-05, -0.000281218846794, 0.00100604793988, -0.000641745282337, -0.00065195991192, 0.00148288323544, -0.00339163118042, -0.00108957313932, -0.00281671574339, 0.015172352083, -0.00485302181914, -0.000259948370513, 0.0026304658968], [4.4260697905e-05, -0.000340236671036, -0.000256733474089, 0.00143610173836, 0.00165446836036, -0.00193382031284, 0.00148199906107, 0.000376356852939, 0.00192894786596, -0.00485302181914, 0.0128916008398, -0.000803688773885, -0.00221224362031], [0.000170975676156, -0.000155464571435, -0.000512192433234, -0.00045920512639, 5.20618887094e-05, 0.000677184667438, 7.75210428401e-05, 0.000882516033016, -0.000205968288356, -0.000259948370513, -0.000803688773885, 0.0142145361751, -0.00358485849574], [9.90992266452e-05, 0.000122716577607, 1.4914604435e-05, -0.00140089914203, -0.00102211360354, 0.00108044187073, 0.000466049619718, -0.00401791417971, -0.000363098515663, 0.0026304658968, -0.00221224362031, -0.00358485849574, 0.0151196243241]], "cov": [[10551.5810547, 65.7914352417, 103.178871155, 219.220901489, -67.3948822021, -37.6940536499, -146.528793335, 92.0925750732, 59.7509841919, -93.0835647583, -101.260108948, -138.016311646, -52.2659339905], [65.7914352417, 1421.11730957, -273.087554932, 103.97882843, 117.515037537, -25.3698825836, 140.87046814, 114.146392822, 31.9068412781, 104.713539124, 20.8531684875, 10.2250490189, 21.7103328705], [103.178871155, -273.087554932, 654.120361328, 6.68820714951, -12.7093095779, 101.618934631, -66.8269271851, 31.1050758362, 59.2497901917, -64.1454391479, 0.0162230562419, 18.076089859, 20.5905570984], [219.220901489, 103.97882843, 6.68820714951, 292.246063232, 115.485794067, -55.4542884827, -9.20116424561, 31.791765213, 50.9771728516, 10.1247024536, -49.0434417725, 17.1303043365, 41.6407966614], [-67.3948822021, 117.515037537, -12.7093095779, 115.485794067, 175.25553894, -6.5445857048, 18.1822452545, 19.6472473145, 35.3985939026, 14.6670618057, -31.232837677, 8.51638126373, 22.9243679047], [-37.6940536499, -25.3698825836, 101.618934631, -55.4542884827, -6.5445857048, 185.897949219, 38.4378013611, 22.2265396118, -4.82339000702, -8.33357620239, 26.4134521484, -9.86102390289, -10.9295768738], [-146.528793335, 140.87046814, -66.8269271851, -9.20116424561, 18.1822452545, 38.4378013611, 170.254302979, 40.7339096069, -5.78050661087, 46.4547729492, 3.60667300224, -5.26333713531, -5.8515086174], [92.0925750732, 114.146392822, 31.1050758362, 31.791765213, 19.6472473145, 22.2265396118, 40.7339096069, 105.64641571, 44.2675285339, 19.4214954376, -1.96277141571, 1.75811040401, 25.7577152252], [59.7509841919, 31.9068412781, 59.2497901917, 50.9771728516, 35.3985939026, -4.82339000702, -5.78050661087, 44.2675285339, 128.755905151, 17.2346935272, -19.1409854889, 6.30265378952, 17.4811706543], [-93.0835647583, 104.713539124, -64.1454391479, 10.1247024536, 14.6670618057, -8.33357620239, 46.4547729492, 19.4214954376, 17.2346935272, 98.6765975952, 25.0997123718, 0.927433371544, -6.78339004517], [-101.260108948, 20.8531684875, 0.0162230562419, -49.0434417725, -31.232837677, 26.4134521484, 3.60667300224, -1.96277141571, -19.1409854889, 25.0997123718, 104.759941101, 5.72679948807, 3.1781244278], [-138.016311646, 10.2250490189, 18.076089859, 17.1303043365, 8.51638126373, -9.86102390289, -5.26333713531, 1.75811040401, 6.30265378952, 0.927433371544, 5.72679948807, 80.2068786621, 24.1457672119], [-52.2659339905, 21.7103328705, 20.5905570984, 41.6407966614, 22.9243679047, -10.9295768738, -5.8515086174, 25.7577152252, 17.4811706543, -6.78339004517, 3.1781244278, 24.1457672119, 87.2894058228]]}, "spectral_energy": {"min": 1.01127054645e-20, "max": 0.0662738606334, "dvar2": 7.08074585418e-05, "median": 0.0246844366193, "dmean2": 0.00823687482625, "dmean": 0.00532085681334, "var": 0.000146658960148, "dvar": 3.04706463794e-05, "mean": 0.0241419691592}, "melbands_spread": {"min": 2.67687988281, "max": 220.016036987, "dvar2": 242.462722778, "median": 35.3736953735, "dmean2": 13.3867464066, "dmean": 8.9076833725, "var": 532.224182129, "dvar": 124.974731445, "mean": 38.3469200134}, "erbbands_flatness_db": {"min": 0.0436865612864, "max": 0.430825382471, "dvar2": 0.000407675979659, "median": 0.16361105442, "dmean2": 0.0221182741225, "dmean": 0.0153038967401, "var": 0.00190331635531, "dvar": 0.000205903881579, "mean": 0.165615469217}, "spectral_contrast_valleys": {"min": [-27.9521503448, -27.9114971161, -27.8058071136, -27.7035560608, -27.533613205, -27.3857269287], "max": [-5.72430181503, -4.79317235947, -5.53016328812, -5.76837873459, -5.47054386139, -7.21221065521], "dvar2": [0.337858647108, 0.250461488962, 0.170843660831, 0.16403542459, 0.156081661582, 0.237561300397], "median": [-7.44145011902, -6.7415599823, -7.11015129089, -7.3971581459, -7.32891368866, -10.0043621063], "dmean2": [0.714108526707, 0.582927823067, 0.469632565975, 0.426998227835, 0.385155975819, 0.44234251976], "dmean": [0.433836191893, 0.361425369978, 0.299993723631, 0.281569212675, 0.280930757523, 0.351570725441], "var": [5.14355134964, 5.26615095139, 5.02023220062, 4.82993125916, 5.02837133408, 4.5158662796], "dvar": [0.137634947896, 0.110265865922, 0.0852008387446, 0.0859648138285, 0.0902230367064, 0.146064609289], "mean": [-7.79846715927, -7.10006093979, -7.46530914307, -7.72598695755, -7.68880605698, -10.327750206]}, "barkbands_flatness_db": {"min": 0.0255332607776, "max": 0.337713181973, "dvar2": 0.000552296463866, "median": 0.109279438853, "dmean2": 0.0253503862768, "dmean": 0.0171410609037, "var": 0.00187843909953, "dvar": 0.000275711499853, "mean": 0.116287760437}, "zerocrossingrate": {"min": 0.0068359375, "max": 0.52978515625, "dvar2": 0.000271866330877, "median": 0.07177734375, "dmean2": 0.0141242900863, "dmean": 0.012801525183, "var": 0.00318888225593, "dvar": 0.000236364488956, "mean": 0.0808675214648}, "spectral_skewness": {"min": -0.0765689611435, "max": 3.86764073372, "dvar2": 0.107216604054, "median": 1.46165323257, "dmean2": 0.320608884096, "dmean": 0.202001869678, "var": 0.140163555741, "dvar": 0.0419795699418, "mean": 1.45