{"lowlevel": {"spectral_complexity": {"min": 0, "max": 54, "dvar2": 22.4959774017, "median": 22, "dmean2": 4.85852479935, "dmean": 3.4346511364, "var": 88.8507614136, "dvar": 12.919506073, "mean": 20.9493465424}, "silence_rate_20dB": {"min": 1, "max": 1, "dvar2": 0, "median": 1, "dmean2": 0, "dmean": 0, "var": 0, "dvar": 0, "mean": 1}, "average_loudness": 0.784799873829, "erbbands_spread": {"min": 1.75310528278, "max": 90.5522460938, "dvar2": 60.8798751831, "median": 21.0600585938, "dmean2": 7.22638273239, "dmean": 4.73758935928, "var": 150.764984131, "dvar": 27.6174678802, "mean": 23.5805339813}, "spectral_kurtosis": {"min": -1.19203054905, "max": 61.3271446228, "dvar2": 20.8911094666, "median": 5.83247947693, "dmean2": 3.95428085327, "dmean": 2.36372947693, "var": 16.8235626221, "dvar": 7.56414413452, "mean": 6.71566963196}, "barkbands_kurtosis": {"min": -1.95700132847, "max": 36.3523979187, "dvar2": 3.62096166611, "median": -0.405610442162, "dmean2": 1.22289514542, "dmean": 0.765157222748, "var": 3.27185893059, "dvar": 1.45296835899, "mean": 0.125530675054}, "spectral_strongpeak": {"min": 0, "max": 16.6344070435, "dvar2": 3.7027926445, "median": 1.00622439384, "dmean2": 1.48463380337, "dmean": 0.901604771614, "var": 4.46735477448, "dvar": 1.52524340153, "mean": 1.8522797823}, "spectral_spread": {"min": 1080672.75, "max": 40277440, "dvar2": 762934460416, "median": 3085060.5, "dmean2": 641706.375, "dmean": 460568.5, "var": 4480154730500.0, "dvar": 401324736512, "mean": 3604240.75}, "spectral_rms": {"min": 3.19261696073e-12, "max": 0.00900774355978, "dvar2": 4.10434211062e-07, "median": 0.00368208764121, "dmean2": 0.000599039311055, "dmean": 0.000447242055088, "var": 2.66328333964e-06, "dvar": 2.35629343592e-07, "mean": 0.0036429555621}, "dynamic_complexity": 5.42743110657, "erbbands": {"min": [9.35700206182e-22, 7.02131260333e-21, 2.9609795981e-20, 1.35402002262e-20, 9.37768763558e-21, 1.43441276932e-20, 1.02318635782e-19, 2.16943082441e-19, 4.56284871702e-19, 4.42194935642e-19, 1.20319024244e-18, 1.95006629997e-18, 1.25415914724e-18, 1.80398454944e-18, 2.75300617788e-18, 4.36360686025e-18, 3.69104822447e-18, 4.68126448139e-18, 4.6234391799e-18, 7.48691015871e-18, 1.05593319233e-17, 5.71738719436e-18, 9.90121544746e-18, 1.26267863192e-17, 1.17582094529e-17, 8.94011098501e-18, 1.54042999974e-17, 1.87900776304e-17, 1.4570341467e-17, 1.3083113739e-17, 1.49507585219e-17, 1.26962289588e-17, 1.09829352509e-17, 1.23224690534e-17, 9.53163611285e-18, 6.19022183047e-18, 2.86395322511e-18, 1.37879344866e-18, 3.71308323031e-19, 3.5653374638e-20], "max": [0.608818233013, 2.44555497169, 6.39013004303, 14.8555517197, 42.066783905, 68.5102767944, 157.718673706, 113.639572144, 916.924865723, 363.741027832, 620.807739258, 631.481323242, 614.032348633, 1429.31237793, 1423.52258301, 2058.25830078, 1287.13745117, 1052.02600098, 3620.88647461, 1803.49951172, 2076.6184082, 736.734863281, 582.84753418, 284.690124512, 360.789825439, 189.913192749, 103.185974121, 190.778198242, 306.054412842, 65.1307449341, 72.4470062256, 59.3539466858, 21.9092330933, 15.9194164276, 41.2784805298, 1.72526466846, 0.2496137321, 0.0554462336004, 0.00594591256231, 0.000469857390271], "dvar2": [0.00393335102126, 0.049145873636, 0.526244938374, 2.90525126457, 8.73302650452, 33.3775901794, 130.734039307, 95.5948638916, 383.827819824, 606.47052002, 2483.89160156, 2298.14355469, 2042.58666992, 5319.50244141, 12250.5761719, 9768.16601563, 7632.76220703, 6974.51806641, 21889.34375, 10270.421875, 6847.12255859, 4393.77148438, 2436.78881836, 349.99887085, 509.054046631, 229.475509644, 42.1683616638, 93.0123214722, 695.863586426, 30.0588283539, 45.2397499084, 7.85762691498, 1.71271514893, 1.81558060646, 6.78820705414, 0.0128215393052, 0.000447922648164, 1.56746173161e-05, 1.00401862824e-07, 8.18859646756e-10], "median": [0.00308941910043, 0.0594106651843, 0.397405683994, 0.727882683277, 0.636615395546, 0.992215752602, 1.6841840744, 1.87179923058, 2.4692902565, 4.47468566895, 7.37191867828, 9.67931652069, 11.7132339478, 11.556810379, 10.76745224, 13.6570310593, 14.1644229889, 16.2356834412, 30.5358543396, 29.218378067, 22.1867904663, 27.6349887848, 22.5963058472, 10.4148225784, 9.96291160583, 5.56351661682, 1.94314599037, 1.30250811577, 1.59052848816, 0.816318809986, 0.653190970421, 0.23823697865, 0.156414344907, 0.151918202639, 0.086830675602, 0.00842813588679, 0.00101697351784, 0.000170883402461, 2.89516101475e-05, 2.10497692024e-05], "dmean2": [0.0239890534431, 0.126907616854, 0.506322860718, 1.09869337082, 1.49580895901, 2.88000941277, 4.85335445404, 4.2467713356, 6.13684940338, 10.3319683075, 20.0141220093, 18.9359264374, 19.6121234894, 29.0159416199, 35.1748085022, 31.1984634399, 35.0328025818, 39.2409553528, 61.7049064636, 50.4184455872, 38.4023666382, 37.570728302, 31.5426521301, 11.5969305038, 12.6517629623, 9.11461162567, 3.20463562012, 3.76103067398, 8.57422828674, 2.12541413307, 2.55634093285, 0.782676577568, 0.487050324678, 0.515547573566, 0.814852118492, 0.0397996157408, 0.00685506500304, 0.00107754499186, 7.8584154835e-05, 1.21093517009e-05], "dmean": [0.0162946358323, 0.0820637196302, 0.298674106598, 0.66431748867, 0.908798336983, 1.79869663715, 3.14314961433, 2.80348753929, 4.03766441345, 6.56434106827, 13.0510082245, 12.4923591614, 12.5395641327, 19.0098800659, 22.7022018433, 20.3962173462, 22.2209625244, 24.6969089508, 39.8789100647, 33.4348754883, 26.0404129028, 24.7892494202, 20.8018703461, 7.8426618576, 8.57109832764, 6.41154241562, 2.22311401367, 2.58627414703, 5.47787714005, 1.46378970146, 1.69242370129, 0.548561930656, 0.342861324549, 0.361666977406, 0.540253937244, 0.0277651213109, 0.0045848833397, 0.000690582208335, 5.04009876749e-05, 8.4401544882e-06], "var": [0.002542412607, 0.0414132997394, 0.759276390076, 2.15079045296, 6.45092582703, 31.2515163422, 117.449737549, 114.673194885, 555.975524902, 454.320831299, 2250.27099609, 1687.46032715, 1899.93847656, 5391.83935547, 10330.2998047, 11000.2226563, 7165.06835938, 7265.37841797, 28299.5703125, 12477.9853516, 14414.9941406, 6109.37158203, 3781.59570313, 552.158691406, 741.733886719, 495.642242432, 48.6663742065, 61.2454071045, 276.925384521, 20.2014045715, 25.5226287842, 4.80036115646, 1.59357249737, 1.37521362305, 3.43181228638, 0.00763079710305, 0.000204415642656, 5.4662873481e-06, 3.26440918741e-08, 5.90051674187e-10], "dvar": [0.00189888337627, 0.0235121939331, 0.190968856215, 1.08564245701, 3.49292778969, 13.9220724106, 55.1805267334, 44.1705474854, 181.414810181, 255.720794678, 1068.83569336, 1021.78686523, 795.994384766, 2343.90673828, 4624.47607422, 3816.32592773, 3071.45874023, 2718.93017578, 9939.21679688, 4670.95605469, 3132.09716797, 1862.2935791, 1066.85229492, 155.909225464, 227.364196777, 113.222648621, 19.4807529449, 43.2364807129, 280.417602539, 14.0045681, 19.4687900543, 3.56877279282, 0.83614718914, 0.840424835682, 2.99998927116, 0.00588836753741, 0.000190757171367, 6.22971037956e-06, 3.89445276028e-08, 3.46255135675e-10], "mean": [0.020379267633, 0.133452296257, 0.720149338245, 1.21584546566, 1.3412156105, 2.90574169159, 5.76187944412, 5.55171203613, 7.94252347946, 11.006975174, 21.8077335358, 21.2268257141, 25.5651359558, 36.3846511841, 42.1080169678, 39.9137649536, 40.7162742615, 49.5248680115, 83.0113143921, 68.0116500854, 62.2291793823, 56.8295326233, 48.3825874329, 19.6407909393, 19.4277038574, 15.8773136139, 4.6872792244, 3.82286214828, 6.4581990242, 2.23144745827, 2.33611035347, 0.783376455307, 0.584957122803, 0.55917352438, 0.636192083359, 0.0366118997335, 0.0051985909231, 0.000741893658414, 6.79953154759e-05, 2.58763575403e-05]}, "spectral_contrast_coeffs": {"min": [-0.968766927719, -0.967813551426, -0.971572220325, -0.964653193951, -0.961234807968, -0.960676848888], "max": [-0.364551305771, -0.341235250235, -0.399814516306, -0.482852846384, -0.523645043373, -0.617808163166], "dvar2": [0.00415622908622, 0.00342011707835, 0.00225488469005, 0.0017362824874, 0.00103401613887, 0.00063720496837], "median": [-0.656021356583, -0.742588043213, -0.756561040878, -0.738947629929, -0.735497951508, -0.758887887001], "dmean2": [0.0782511085272, 0.0706226676702, 0.0579895786941, 0.0514838173985, 0.0381259024143, 0.0290843490511], "dmean": [0.0473564192653, 0.0440088920295, 0.0364037975669, 0.0324185155332, 0.0254144240171, 0.0187356211245], "var": [0.00698033254594, 0.00685988226905, 0.00554616842419, 0.00498252268881, 0.00466966349632, 0.00193561671767], "dvar": [0.00156985211652, 0.0014144325396, 0.000951071153395, 0.000738316099159, 0.000504334864672, 0.000287951726932], "mean": [-0.657465100288, -0.740381479263, -0.749968111515, -0.736937582493, -0.736063838005, -0.761475026608]}, "dissonance": {"min": 0.323117285967, "max": 0.499999940395, "dvar2": 0.000568909221329, "median": 0.47779789567, "dmean2": 0.0228098481894, "dmean": 0.0136843957007, "var": 0.000402892095735, "dvar": 0.000203276431421, "mean": 0.473220914602}, "spectral_energyband_high": {"min": 7.6234459671e-21, "max": 0.0115629211068, "dvar2": 9.18509272196e-07, "median": 0.000236513908021, "dmean2": 0.000437157752458, "dmean": 0.000310174538754, "var": 7.55656117235e-07, "dvar": 4.45526666226e-07, "mean": 0.000540129723959}, "gfcc": {"mean": [-50.9467124939, 87.3586959839, -160.091491699, 23.8040103912, -47.6691093445, 12.7866868973, -39.7659988403, 11.7525644302, -19.8203525543, -3.47035598755, -15.079366684, -7.14923143387, -6.9496216774], "icov": [[0.000388938293327, -0.000525286130141, 0.000966773950495, -0.000920184713323, 0.00102156505454, -0.000791870930698, 0.000635976146441, -0.000864035042468, 0.00080035981955, -0.000663337064907, 0.000490891339723, -0.000411823042668, 0.000100283737993], [-0.000525286130141, 0.00158603733871, -0.000984815182164, 0.00147636653855, -0.00205023982562, 0.00110423949081, -0.000396799907321, 0.000582172884606, -0.000938525889069, 0.00144475360867, -0.000724401965272, 0.00115557934623, 0.000325480650645], [0.000966773950495, -0.000984815182164, 0.00381569005549, -0.00272649386898, 0.00224317866378, -0.00224007759243, 0.000912817020435, -0.00177390966564, 0.00106112554204, -0.0014567153994, 0.002009724034, -0.00183239823673, 0.00066313665593], [-0.000920184713323, 0.00147636653855, -0.00272649386898, 0.0061898031272, -0.00301094306633, 0.00138768577017, 0.000528808217496, -0.000139590309118, -0.00152307050303, 0.00260628946126, -0.000942187209148, 0.00162151292898, -0.00171425577719], [0.00102156505454, -0.00205023982562, 0.00224317866378, -0.00301094306633, 0.00811264012009, -0.00165415462106, -0.00110732833855, -0.00137219589669, -0.000510063196998, -0.000775415159296, -0.000783295952715, -0.000331969407853, -0.00120481010526], [-0.000791870930698, 0.00110423949081, -0.00224007759243, 0.00138768577017, -0.00165415462106, 0.00731866434216, -0.00374204246327, 0.00244076480158, 0.000567352632061, -0.000955652969424, 0.00092149944976, -0.000216394284507, 0.000532334554009], [0.000635976146441, -0.000396799907321, 0.000912817020435, 0.000528808217496, -0.00110732833855, -0.00374204246327, 0.0100380182266, -0.00346191576682, 0.000590496347286, 0.00124495849013, -0.00234468095005, 0.00192890781909, 0.00136968260631], [-0.000864035042468, 0.000582172884606, -0.00177390966564, -0.000139590309118, -0.00137219589669, 0.00244076480158, -0.00346191576682, 0.0111674424261, -0.00405465625226, -0.000225477982895, 0.000897079356946, 0.00090055068722, -0.000942153506912], [0.00080035981955, -0.000938525889069, 0.00106112554204, -0.00152307050303, -0.000510063196998, 0.000567352632061, 0.000590496347286, -0.00405465625226, 0.0149876177311, -0.00485175289214, 0.00216291565448, -0.000581254251301, -2.91180299428e-06], [-0.000663337064907, 0.00144475360867, -0.0014567153994, 0.00260628946126, -0.000775415159296, -0.000955652969424, 0.00124495849013, -0.000225477982895, -0.00485175289214, 0.0167669150978, -0.0043050381355, -0.00274192984216, 0.00335715105757], [0.000490891339723, -0.000724401965272, 0.002009724034, -0.000942187209148, -0.000783295952715, 0.00092149944976, -0.00234468095005, 0.000897079356946, 0.00216291565448, -0.0043050381355, 0.0126614626497, -0.00243764044717, -0.0019317799015], [-0.000411823042668, 0.00115557934623, -0.00183239823673, 0.00162151292898, -0.000331969407853, -0.000216394284507, 0.00192890781909, 0.00090055068722, -0.000581254251301, -0.00274192984216, -0.00243764044717, 0.0143507290632, -0.00394254876301], [0.000100283737993, 0.000325480650645, 0.00066313665593, -0.00171425577719, -0.00120481010526, 0.000532334554009, 0.00136968260631, -0.000942153506912, -2.91180299428e-06, 0.00335715105757, -0.0019317799015, -0.00394254876301, 0.0135821523145]], "cov": [[26644.8554688, 2129.94946289, -3150.26879883, 900.732788086, -1736.05664063, 307.850250244, -1382.59191895, 534.447021484, -700.438903809, 182.248260498, -578.578491211, 94.8725204468, -69.7926177979], [2129.94946289, 1758.95068359, -482.407806396, -75.6265869141, 258.170623779, -135.759094238, 45.1097145081, 79.5786514282, 11.096821785, -100.667724609, 46.1660652161, -159.774551392, -29.6040534973], [-3150.26879883, -482.407806396, 1034.28210449, 86.3986740112, 55.4010353088, 100.802154541, 93.8381271362, -11.8898916245, 79.063331604, 16.4508132935, -46.8897361755, 57.8557243347, -8.02143764496], [900.732788086, -75.6265869141, 86.3986740112, 365.672607422, -19.4149341583, -5.50871086121, -83.3722457886, 71.6864929199, 0.456906020641, -21.0603179932, -44.5946235657, 10.2020254135, 50.7947273254], [-1736.05664063, 258.170623779, 55.4010353088, -19.4149341583, 410.145080566, -55.6558227539, 172.622344971, 5.26803445816, 82.2777633667, -47.0596733093, 96.7681503296, -56.6666564941, 31.9608955383], [307.850250244, -135.759094238, 100.802154541, -5.50871086121, -55.6558227539, 247.922912598, 36.9099884033, -15.8606748581, -33.0541267395, 34.0079116821, -32.6614570618, 22.9762039185, -30.5018692017], [-1382.59191895, 45.1097145081, 93.8381271362, -83.3722457886, 172.622344971, 36.9099884033, 245.71572876, 5.25240802765, 39.599445343, -22.6845207214, 62.239528656, -47.2010498047, -15.759188652], [534.447021484, 79.5786514282, -11.8898916245, 71.6864929199, 5.26803445816, -15.8606748581, 5.25240802765, 144.862030029, 27.7592525482, 2.21597480774, -21.6166229248, -10.6156253815, 7.68541955948], [-700.438903809, 11.096821785, 79.063331604, 0.456906020641, 82.2777633667, -33.0541267395, 39.599445343, 27.7592525482, 110.671211243, 10.6023044586, 12.2885808945, -6.68475866318, 4.83992481232], [182.248260498, -100.667724609, 16.4508132935, -21.0603179932, -47.0596733093, 34.0079116821, -22.6845207214, 2.21597480774, 10.6023044586, 96.265838623, 8.29631996155, 35.5010147095, -17.7676677704], [-578.578491211, 46.1660652161, -46.8897361755, -44.5946235657, 96.7681503296, -32.6614570618, 62.239528656, -21.6166229248, 12.2885808945, 8.29631996155, 134.119613647, 3.8425014019, 20.0576210022], [94.8725204468, -159.774551392, 57.8557243347, 10.2020254135, -56.6666564941, 22.9762039185, -47.2010498047, -10.6156253815, -6.68475866318, 35.5010147095, 3.8425014019, 111.241218567, 23.7482509613], [-69.7926177979, -29.6040534973, -8.02143764496, 50.7947273254, 31.9608955383, -30.5018692017, -15.759188652, 7.68541955948, 4.83992481232, -17.7676677704, 20.0576210022, 23.7482509613, 101.945358276]]}, "spectral_flux": {"min": 6.77105246871e-11, "max": 0.228746727109, "dvar2": 0.000626199413091, "median": 0.0625988394022, "dmean2": 0.0242918394506, "dmean": 0.0162217058241, "var": 0.00141423451714, "dvar": 0.000280380103504, "mean": 0.066149443388}, "silence_rate_30dB": {"min": 1, "max": 1, "dvar2": 0, "median": 1, "dmean2": 0, "dmean": 0, "var": 0, "dvar": 0, "mean": 1}, "spectral_energyband_middle_high": {"min": 1.40589937297e-21, "max": 0.0706430152059, "dvar2": 3.5376080632e-05, "median": 0.0063986601308, "dmean2": 0.00382269499823, "dmean": 0.00272300792858, "var": 9.94611400529e-05, "dvar": 1.61127645697e-05, "mean": 0.00990517716855}, "barkbands_spread": {"min": 0.992095351219, "max": 160.483779907, "dvar2": 96.7670898438, "median": 23.1699333191, "dmean2": 7.58492279053, "dmean": 4.97222423553, "var": 222.442245483, "dvar": 38.6721458435, "mean": 25.4923210144}, "spectral_centroid": {"min": 392.667022705, "max": 11302.6816406, "dvar2": 129217.570313, "median": 1905.25952148, "dmean2": 309.001861572, "dmean": 210.138305664, "var": 323661.03125, "dvar": 64240.7929688, "mean": 1896.01745605}, "pitch_salience": {"min": 0.153128191829, "max": 0.878422558308, "dvar2": 0.00677726557478, "median": 0.602867126465, "dmean2": 0.0950229987502, "dmean": 0.0592480450869, "var": 0.00797784142196, "dvar": 0.00262696947902, "mean": 0.600813031197}, "erbbands_skewness": {"min": -3.4278421402, "max": 3.68038201332, "dvar2": 0.184916332364, "median": -0.227985411882, "dmean2": 0.472736299038, "dmean": 0.313094884157, "var": 0.5573964715, "dvar": 0.0796780213714, "mean": -0.307025849819}, "erbbands_crest": {"min": 2.31493973732, "max": 30.4270954132, "dvar2": 13.0603046417, "median": 8.49978637695, "dmean2": 3.86791944504, "dmean": 2.38892507553, "var": 15.9015617371, "dvar": 5.22387981415, "mean": 9.24347782135}, "melbands": {"min": [1.03477669617e-23, 1.34230946579e-23, 2.57389970029e-24, 7.98159060799e-25, 3.0681973797e-24, 5.67399841779e-24, 6.54684579371e-24, 5.51236752362e-24, 1.05944406113e-23, 1.25689570905e-23, 5.62236786597e-24, 6.84628556042e-24, 9.13557016256e-24, 8.42177726108e-24, 1.07147939642e-23, 6.5018093302e-24, 8.5029415819e-24, 6.98852980341e-24, 9.40557595118e-24, 9.60715200056e-24, 1.09820355842e-23, 6.08664721857e-24, 6.33707505724e-24, 8.75741864359e-24, 1.06958983789e-23, 7.70254358594e-24, 9.30884582698e-24, 4.9914877955e-24, 8.64321288376e-24, 1.20302984097e-23, 1.03347483902e-23, 7.88468920237e-24, 7.26225112688e-24, 6.98815746106e-24, 9.97997160868e-24, 5.24511446514e-24, 8.69529663617e-24, 6.89207972483e-24, 7.98589847879e-24, 1.17554277159e-23], "max": [0.00432347506285, 0.0024065845646, 0.00340613187291, 0.00441363221034, 0.00447517167777, 0.00294557982124, 0.0129250762984, 0.00625580642372, 0.00512464856729, 0.00354243651964, 0.00318136624992, 0.00526254763827, 0.00578765384853, 0.00817688088864, 0.00391529733315, 0.00256871525198, 0.00237483275123, 0.00671699596569, 0.00256208935753, 0.00141624733806, 0.00254930718802, 0.000858183484524, 0.000621869054157, 0.000563783280086, 0.000255638617091, 0.000301118649077, 0.000236742504057, 0.000114967806439, 7.58124660933e-05, 6.30880676908e-05, 0.000121814853628, 0.000190304024727, 7.50798935769e-05, 3.90266286558e-05, 6.24299209449e-05, 4.39572722826e-05, 3.34319993271e-05, 1.70331240952e-05, 1.27441744553e-05, 1.52141110448e-05], "dvar2": [1.94110938878e-07, 9.07398245431e-08, 9.23709393419e-08, 7.42059498293e-08, 1.25548339724e-07, 5.05234716286e-08, 7.42831929301e-08, 1.21540125519e-07, 1.61775446372e-07, 8.43248102456e-08, 5.43542881815e-08, 8.11919704802e-08, 1.79780869303e-07, 2.23175661063e-07, 7.27740072648e-08, 2.92115203138e-08, 3.46502240234e-08, 6.95217110547e-08, 4.20582004779e-08, 9.38203026379e-09, 1.26233237197e-08, 5.52601830961e-09, 3.32329141983e-09, 2.2888941853e-09, 2.51330650736e-10, 3.23462895357e-10, 3.12779885325e-10, 1.05479826262e-10, 2.3279867617e-11, 1.94107074164e-11, 3.68723489241e-11, 3.35983185717e-10, 3.19533982607e-11, 7.4674537387e-12, 2.95765599512e-11, 4.8786894663e-12, 2.47336482892e-12, 1.02306791511e-12, 5.60408110976e-13, 1.67288340298e-12], "median": [4.22252451244e-05, 0.000178731541382, 0.000131982640596, 5.86818860029e-05, 6.33300369373e-05, 4.26685728598e-05, 3.41164086421e-05, 5.18071537954e-05, 6.24656095169e-05, 6.27887347946e-05, 5.55419101147e-05, 4.43059507234e-05, 3.37142118951e-05, 2.62314788415e-05, 3.55075098923e-05, 2.05794185604e-05, 2.75543679891e-05, 4.43331227871e-05, 4.28645653301e-05, 2.41971556534e-05, 2.38694938162e-05, 2.70122163784e-05, 2.41405450652e-05, 1.35800237331e-05, 6.27952613286e-06, 6.70542567605e-06, 5.35956814929e-06, 2.99795374303e-06, 1.12044961043e-06, 5.57729151751e-07, 6.86970111019e-07, 9.76865067059e-07, 4.84034728743e-07, 3.9113638195e-07, 4.35628663809e-07, 1.53158708827e-07, 1.11728184038e-07, 1.00273965131e-07, 9.73241540692e-08, 1.10195941261e-07], "dmean2": [0.000184627846465, 0.000214208092075, 0.000188454956515, 0.000141858428833, 0.000163319491548, 9.82498313533e-05, 8.96165511222e-05, 0.00014357684995, 0.00016294096713, 0.000121959448734, 0.000102082783997, 0.000121098564705, 0.000124098893139, 0.000115690920211, 9.7751551948e-05, 6.60932419123e-05, 8.40035063447e-05, 0.000111228859168, 9.65606377576e-05, 4.71031125926e-05, 5.04852941958e-05, 4.18580784753e-05, 3.37797537213e-05, 2.82251439785e-05, 9.47096305026e-06, 9.56421627052e-06, 9.90332137007e-06, 6.03946818956e-06, 2.42390888161e-06, 1.81578741376e-06, 2.28195563068e-06, 5.98176802669e-06, 1.9996350602e-06, 1.02171100025e-06, 2.04035859497e-06, 5.76470881697e-07, 4.47186863539e-07, 3.70930564486e-07, 2.95544168694e-07, 4.71730118079e-07], "dmean": [0.000125694161397, 0.000128723724629, 0.000114353904792, 8.75983241713e-05, 0.000106019979285, 6.4732368628e-05, 5.87237627769e-05, 9.14507545531e-05, 0.000106793238956, 8.00704656285e-05, 6.5227621235e-05, 7.92692299001e-05, 8.00351772341e-05, 7.50883555156e-05, 6.13599040662e-05, 4.24233367085e-05, 5.26439689565e-05, 7.21667092876e-05, 6.22777442914e-05, 3.1488827517e-05, 3.40978258464e-05, 2.76133032457e-05, 2.21369464271e-05, 1.8416041712e-05, 6.21759363639e-06, 6.29041687716e-06, 6.75238970871e-06, 4.16425473304e-06, 1.64053335538e-06, 1.22182223095e-06, 1.53565065375e-06, 3.80474602935e-06, 1.29973830099e-06, 6.91255195306e-07, 1.3234295011e-06, 3.91646722164e-07, 3.11001315367e-07, 2.57239122448e-07, 2.03432634294e-07, 3.26723608168e-07], "var": [1.37733920269e-07, 1.19156190692e-07, 6.37729797859e-08, 6.62997265977e-08, 1.32489844873e-07, 5.90081121743e-08, 1.0977519338e-07, 9.80238610282e-08, 1.40995197739e-07, 6.32922336763e-08, 5.23527923235e-08, 8.51730277418e-08, 1.45881585922e-07, 2.09174132237e-07, 5.47872041068e-08, 2.76294880308e-08, 3.53238576167e-08, 9.4431719333e-08, 4.50847359446e-08, 1.18948326744e-08, 2.42770639147e-08, 6.70879574116e-09, 4.06659639296e-09, 3.03427527548e-09, 3.00769742445e-10, 3.71658703813e-10, 5.42890066235e-10, 2.08378217459e-10, 2.79226433642e-11, 1.31073806323e-11, 2.22540961353e-11, 1.34676103603e-10, 1.53827679761e-11, 4.60714105754e-12, 1.52888639249e-11, 2.55637741878e-12, 1.57418598556e-12, 8.60515977051e-13, 6.07742588893e-13, 1.1638510251e-12], "dvar": [9.63409547694e-08, 3.34001732938e-08, 3.48068844858e-08, 3.02069622649e-08, 5.35863371454e-08, 2.31065548917e-08, 3.55920839468e-08, 5.17298488489e-08, 6.85668553047e-08, 3.74546154092e-08, 2.11959303442e-08, 3.60592089521e-08, 7.00107918306e-08, 8.24208328254e-08, 2.80334138125e-08, 1.17952456691e-08, 1.3576782365e-08, 3.24695825782e-08, 1.77871104512e-08, 4.42399628042e-09, 5.69985081356e-09, 2.34706076796e-09, 1.43397371755e-09, 9.82968040297e-10, 1.07968960161e-10, 1.3911054253e-10, 1.45930503792e-10, 5.08317485326e-11, 1.02767299878e-11, 8.97298207958e-12, 1.66151172681e-11, 1.35762734388e-10, 1.34557191778e-11, 3.36975174327e-12, 1.23287742862e-11, 2.11322127332e-12, 1.14307023048e-12, 4.93634104946e-13, 2.56575956228e-13, 7.53993818336e-13], "mean": [0.000168586644577, 0.000304427900119, 0.000212349536014, 0.000139307463542, 0.000199189773411, 0.000129220556119, 0.000113111789688, 0.000149569736095, 0.000178495858563, 0.000135461508762, 0.000130523461848, 0.000148452469148, 0.000143518307596, 0.000131900756969, 0.000104941485915, 7.37028822186e-05, 9.61902042036e-05, 0.000140064221341, 0.000116537565191, 6.22942025075e-05, 7.49894825276e-05, 5.72837307118e-05, 4.75810084026e-05, 3.8422873331e-05, 1.2796408555e-05, 1.29582294903e-05, 1.47718901644e-05, 9.63380716712e-06, 3.26837380271e-06, 1.76323203505e-06, 2.19164280679e-06, 4.36892469224e-06, 1.70357122897e-06, 1.05219146462e-06, 1.7535793404e-06, 5.36588458999e-07, 4.25320507702e-07, 4.05182959184e-07, 3.78949351898e-07, 4.72627021963e-07]}, "barkbands_skewness": {"min": -3.89823913574, "max": 5.35664844513, "dvar2": 0.25307521224, "median": 0.0563439130783, "dmean2": 0.526346862316, "dmean": 0.343503713608, "var": 0.652663111687, "dvar": 0.108743265271, "mean": 0.0486995019019}, "spectral_entropy": {"min": 5.77618503571, "max": 9.81041431427, "dvar2": 0.040438529104, "median": 7.46975708008, "dmean2": 0.198611423373, "dmean": 0.147588208318, "var": 0.181178614497, "dvar": 0.0226890183985, "mean": 7.51650285721}, "spectral_rolloff": {"min": 150.732421875, "max": 21877.734375, "dvar2": 1762902.5, "median": 2239.453125, "dmean2": 682.746826172, "dmean": 422.810211182, "var": 12205199, "dvar": 729313.0625, "mean": 2899.84423828}, "barkbands": {"min": [1.04943329791e-24, 4.58209288818e-23, 2.64966923803e-23, 1.28670648656e-24, 4.4785467691e-24, 2.46447057213e-23, 3.20987533889e-23, 4.36273433626e-23, 8.02792819896e-23, 3.55070079972e-23, 6.73152302256e-23, 9.58991381206e-23, 7.40294715146e-23, 8.80462928664e-23, 1.02648632026e-22, 1.86482047938e-22, 9.16290845278e-23, 1.69648854315e-22, 2.40817954052e-22, 2.44027797521e-22, 4.95357443042e-22, 3.80410993308e-22, 4.92566768704e-22, 7.25312896025e-22, 1.23280153042e-21, 1.54345793364e-21, 2.71028110694e-21], "max": [0.00108301278669, 0.0125790033489, 0.0065411622636, 0.0080034583807, 0.0161065738648, 0.0201876554638, 0.0537819564342, 0.0403546653688, 0.0256721228361, 0.018398810178, 0.0449325740337, 0.0536636784673, 0.0291350502521, 0.0401748456061, 0.050067409873, 0.0300954822451, 0.0133316740394, 0.00847523473203, 0.00699211098254, 0.00385033898056, 0.00305622629821, 0.0058464165777, 0.00247839186341, 0.00200170674361, 0.00357488566078, 0.000152024571435, 4.27805753134e-05], "dvar2": [1.22644472356e-08, 1.71686144768e-06, 6.26764915523e-07, 6.19789943812e-07, 1.8742349539e-06, 1.79137316536e-06, 1.52929908381e-06, 5.75056219532e-06, 4.19159641751e-06, 2.35320590036e-06, 1.09099646579e-05, 1.13501946544e-05, 4.98554845763e-06, 4.81047800349e-06, 7.99332428869e-06, 2.0121012767e-06, 1.49430866259e-06, 6.78036542467e-07, 1.55156456572e-07, 1.21037373901e-07, 3.34160610294e-08, 2.56673331478e-07, 3.99657871242e-08, 9.6259915594e-09, 5.62150361816e-08, 1.21114868135e-10, 4.30902145562e-12], "median": [6.54110499454e-06, 0.000211783204577, 0.000417064817157, 0.000196142500499, 0.000276155100437, 0.000226893665968, 0.000159853938385, 0.000274751189863, 0.000498868175782, 0.000278463994619, 0.000195797125343, 0.000252616591752, 0.000316314166412, 0.000348876783391, 0.00061042571906, 0.000314232573146, 0.000461037154309, 0.000287436268991, 0.000184105010703, 0.000114345501061, 2.83060544461e-05, 3.82164362236e-05, 2.31952581089e-05, 9.51571746555e-06, 1.40445936267e-05, 6.64732851874e-07, 9.83848735814e-08], "dmean2": [4.63098986074e-05, 0.000630410911981, 0.000542309135199, 0.000457634130726, 0.000745560100768, 0.000556219543796, 0.000441259122454, 0.000964520557318, 0.000908574147616, 0.000712905311957, 0.000902273168322, 0.000922341365367, 0.000929941306822, 0.00104310642928, 0.00130475324113, 0.000683005142491, 0.00070033519296, 0.000521660258528, 0.00022623091354, 0.000205631440622, 7.5841016951e-05, 0.000173743246705, 7.64998258092e-05, 3.14013486786e-05, 7.9328288848e-05, 3.63882963939e-06, 4.74887627888e-07], "dmean": [2.81641077891e-05, 0.000421293545514, 0.000319173617754, 0.000273151235888, 0.000469804013846, 0.000363576225936, 0.000285594695015, 0.000616880017333, 0.000594496028498, 0.000462768774014, 0.000581509957556, 0.000593979144469, 0.000590588431805, 0.000661331403535, 0.000844457536004, 0.000451091909781, 0.000468097627163, 0.000337697885698, 0.000151830667164, 0.00014177201956, 5.17351509188e-05, 0.000113082664029, 5.13192535436e-05, 2.22380986088e-05, 5.35944636795e-05, 2.4444320843e-06, 2.97054299381e-07], "var": [5.52446088875e-09, 1.30774833451e-06, 7.08028210283e-07, 3.59771405556e-07, 2.16274838749e-06, 1.80470101441e-06, 2.04802313419e-06, 5.02264265378e-06, 3.24626535075e-06, 2.80267045127e-06, 9.12076848181e-06, 1.03199863588e-05, 4.42215241492e-06, 5.42656152902e-06, 9.06398872758e-06, 3.81526797355e-06, 1.9282545054e-06, 9.17469719752e-07, 2.16596149016e-07, 2.41231106202e-07, 2.47109674945e-08, 1.15713909565e-07, 2.37292017147e-08, 7.22090698346e-09, 3.13847117184e-08, 5.62205108856e-11, 1.26101364593e-12], "dvar": [4.96371699299e-09, 8.51364916343e-07, 2.24729745923e-07, 2.32422024737e-07, 7.86618329585e-07, 7.97303016498e-07, 7.19226250112e-07, 2.47560205935e-06, 1.84273517334e-06, 9.83860445558e-07, 4.4072558012e-06, 4.2048773139e-06, 1.974951374e-06, 1.95247025658e-06, 3.47561308445e-06, 9.08361755592e-07, 6.50689344184e-07, 2.92491932896e-07, 6.97234412428e-08, 5.82023318429e-08, 1.56260071549e-08, 1.06888919049e-07, 1.75293575211e-08, 4.60298199556e-09, 2.52919214461e-08, 5.12226233651e-11, 1.62996840417e-12], "mean": [3.31891897076e-05, 0.000606737914495, 0.000707210740075, 0.000411106972024, 0.000810122000985, 0.000699759053532, 0.000512298021931, 0.000978836556897, 0.0010328644421, 0.000877295678947, 0.000997811090201, 0.00103109830525, 0.00100455188658, 0.00123039120808, 0.00162111350801, 0.000990813947283, 0.000980446347967, 0.000722744269297, 0.000339266756782, 0.000339865713613, 8.20054847281e-05, 0.000141545591759, 7.38056551199e-05, 3.4789853089e-05, 6.97372379364e-05, 2.90786397272e-06, 3.36946925472e-07]}, "melbands_flatness_db": {"min": 0.00445833383128, "max": 0.358128368855, "dvar2": 0.000780396687333, "median": 0.147654250264, "dmean2": 0.0286998599768, "dmean": 0.0203760527074, "var": 0.00257653114386, "dvar": 0.000414610491134, "mean": 0.153827592731}, "melbands_skewness": {"min": -2.1704480648, "max": 9.90933322906, "dvar2": 0.323775589466, "median": 0.750794172287, "dmean2": 0.584100663662, "dmean": 0.380468547344, "var": 1.09300529957, "dvar": 0.139914646745, "mean": 0.895664811134}, "silence_rate_60dB": {"min": 0, "max": 1, "dvar2": 0.049614097923, "median": 0, "dmean2": 0.0435308329761, "dmean": 0.0217627864331, "var": 0.0879405960441, "dvar": 0.02128867805, "mean": 0.0974371358752}, "spectral_energyband_low": {"min": 8.68002208023e-23, "max": 0.0165514275432, "dvar2": 2.7793330446e-06, "median": 0.00103036058135, "dmean2": 0.00107786676381, "dmean": 0.000711714208592, "var": 3.22278583553e-06, "dvar": 1.30393664222e-06, "mean": 0.00159789959434}, "spectral_energyband_middle_low": {"min": 2.1820081965e-22, "max": 0.0578998550773, "dvar2": 1.38528239404e-05, "median": 0.00329623185098, "dmean2": 0.00250519462861, "dmean": 0.00166960153729, "var": 1.98508023459e-05, "dvar": 6.19705724603e-06, "mean": 0.00463504251093}, "melbands_kurtosis": {"min": -1.76931357384, "max": 108.724021912, "dvar2": 18.6820583344, "median": 0.322189807892, "dmean2": 2.19115018845, "dmean": 1.36771380901, "var": 21.2873039246, "dvar": 6.75780630112, "mean": 1.64396297932}, "spectral_decrease": {"min": -1.89664053352e-08, "max": 2.3448919181e-15, "dvar2": 2.45741091124e-18, "median": -3.22276538789e-09, "dmean2": 1.22060273e-09, "dmean": 8.75539085676e-10, "var": 7.8932766967e-18, "dvar": 1.19370878807e-18, "mean": -3.7666021413e-09}, "erbbands_kurtosis": {"min": -1.56217896938, "max": 26.7938804626, "dvar2": 3.15158343315, "median": 0.480892121792, "dmean2": 1.42887151241, "dmean": 0.91424369812, "var": 4.82219696045, "dvar": 1.31401467323, "mean": 1.11674070358}, "melbands_crest": {"min": 2.27723002434, "max": 37.9121818542, "dvar2": 17.201675415, "median": 9.7289018631, "dmean2": 4.64848899841, "dmean": 2.85254406929, "var": 28.1479454041, "dvar": 6.93844032288, "mean": 11.1303691864}, "mfcc": {"mean": [-669.463317871, 116.05683136, -44.1245040894, 11.6661834717, 6.30293750763, -0.954145252705, -3.50213336945, 5.45449590683, 1.80628967285, 2.32622599602, 1.09496259689, -6.7395195961, 0.428287982941], "icov": [[9.18500809348e-05, -3.92681467929e-05, 9.15788550628e-05, -0.000151616608491, 0.000159152405104, -7.36605288694e-05, 0.000161931631737, -8.03691727924e-05, -1.49531842908e-05, 5.63298090128e-05, 4.45233090431e-05, 0.000200477137696, 3.75256349798e-05], [-3.92681467929e-05, 0.000781197275501, 0.000375282310415, 5.04991185153e-05, -0.000570536765736, 0.00012411896023, -0.000267299736151, -0.000564549816772, -2.30272780755e-05, -0.000170559957041, -0.000392005458707, -7.38284288673e-05, 2.62404155364e-05], [9.15788550628e-05, 0.000375282310415, 0.00220402074046, -0.000503870018292, 0.000400223507313, -0.00106974400114, 0.000748157734051, -0.000460168870632, -0.000804019568022, 0.000810897094198, -0.00020574122027, -0.000196556473384, 0.000192883773707], [-0.000151616608491, 5.04991185153e-05, -0.000503870018292, 0.00572536932305, -0.00324410060421, 0.00180346262641, 0.000269882497378, -0.000875247060321, -0.000411591405282, -0.000660314690322, 0.00132467283402, -0.000374737108359, -0.0012101380853], [0.000159152405104, -0.000570536765736, 0.000400223507313, -0.00324410060421, 0.0084168240428, -0.00128186179791, -0.000110304332338, 0.000816086831037, -0.000909715658054, -0.000552753510419, 0.0014160014689, -0.000347202789271, -0.000543214729987], [-7.36605288694e-05, 0.00012411896023, -0.00106974400114, 0.00180346262641, -0.00128186179791, 0.00691981986165, -0.00168676453177, -0.000758223701268, 3.31587798428e-05, 0.00131302664522, -0.00187812605873, 0.000521796639077, 0.00074644346023], [0.000161931631737, -0.000267299736151, 0.000748157734051, 0.000269882497378, -0.000110304332338, -0.00168676453177, 0.00847274903208, -0.00310491281562, 0.00166659103706, -0.00349910627119, 0.00130525499117, -4.67367099191e-05, 0.000557497551199], [-8.03691727924e-05, -0.000564549816772, -0.000460168870632, -0.000875247060321, 0.000816086831037, -0.000758223701268, -0.00310491281562, 0.0140437008813, -0.00378654059023, -0.00083251792239, -0.000328155700117, 0.000673906877637, -0.00284247449599], [-1.49531842908e-05, -2.30272780755e-05, -0.000804019568022, -0.000411591405282, -0.000909715658054, 3.31587798428e-05, 0.00166659103706, -0.00378654059023, 0.0101804677397, -0.00275632343255, 0.00187423196621, -0.0004726430343, -0.000554827915039], [5.63298090128e-05, -0.000170559957041, 0.000810897094198, -0.000660314690322, -0.000552753510419, 0.00131302664522, -0.00349910627119, -0.00083251792239, -0.00275632343255, 0.0141150960699, -0.00413091341034, 9.35990499329e-07, 0.00257280096412], [4.45233090431e-05, -0.000392005458707, -0.00020574122027, 0.00132467283402, 0.0014160014689, -0.00187812605873, 0.00130525499117, -0.000328155700117, 0.00187423196621, -0.00413091341034, 0.0120504703373, -0.00119941507, -0.00178816611879], [0.000200477137696, -7.38284288673e-05, -0.000196556473384, -0.000374737108359, -0.000347202789271, 0.000521796639077, -4.67367099191e-05, 0.000673906877637, -0.0004726430343, 9.35990499329e-07, -0.00119941507, 0.0140167633072, -0.00400978699327], [3.75256349798e-05, 2.62404155364e-05, 0.000192883773707, -0.0012101380853, -0.000543214729987, 0.00074644346023, 0.000557497551199, -0.00284247449599, -0.000554827915039, 0.00257280096412, -0.00178816611879, -0.00400978699327, 0.0143063059077]], "cov": [[13283.2373047, 785.35534668, -559.671447754, 297.903015137, -73.6251907349, -86.6517715454, -192.486724854, 70.2774810791, 32.8671112061, -50.4329490662, -96.8842697144, -207.011886597, -40.1350784302], [785.35534668, 1809.89794922, -426.982055664, 91.7793502808, 152.77973938, -53.4393234253, 141.55645752, 108.304855347, 31.3413219452, 113.461647034, 37.4650039673, 5.73394727707, 19.833114624], [-559.671447754, -426.982055664, 666.503234863, 2.41611289978, -34.9599304199, 87.9016113281, -80.0084533691, -0.143076509237, 44.5953216553, -63.2810440063, -0.271394342184, 14.4787130356, 7.77904462814], [297.903015137, 91.7793502808, 2.41611289978, 309.105804443, 123.292427063, -78.6794509888, -15.3715486526, 31.2463588715, 54.8221282959, 12.5216264725, -53.022354126, 17.3820381165, 38.8768882751], [-73.6251907349, 152.77973938, -34.9599304199, 123.292427063, 187.705307007, -15.571803093, 14.8041734695, 17.0054550171, 35.2054786682, 18.0091686249, -29.5664100647, 13.4306278229, 19.7502574921], [-86.6517715454, -53.4393234253, 87.9016113281, -78.6794509888, -15.571803093, 197.511016846, 30.9717597961, 8.57701587677, -10.3551273346, -9.29926490784, 33.4125862122, -9.80243015289, -15.214884758], [-192.486724854, 141.55645752, -80.0084533691, -15.3715486526, 14.8041734695, 30.9717597961, 177.748321533, 40.6984214783, -7.38979625702, 53.2250900269, 8.35018730164, -2.39977383614, -9.35784626007], [70.2774810791, 108.304855347, -0.143076509237, 31.2463588715, 17.0054550171, 8.57701587677, 40.6984214783, 103.034896851, 41.9732513428, 23.8288974762, 2.44136714935, 2.97740840912, 19.8280582428], [32.8671112061, 31.3413219452, 44.5953216553, 54.8221282959, 35.2054786682, -10.3551273346, -7.38979625702, 41.9732513428, 134.503448486, 21.153717041, -18.6462879181, 8.47462558746, 15.853635788], [-50.4329490662, 113.461647034, -63.2810440063, 12.5216264725, 18.0091686249, -9.29926490784, 53.2250900269, 23.8288974762, 21.153717041, 105.77407074, 24.4034881592, 0.729836344719, -9.28098011017], [-96.8842697144, 37.4650039673, -0.271394342184, -53.022354126, -29.5664100647, 33.4125862122, 8.35018730164, 2.44136714935, -18.6462879181, 24.4034881592, 110.897407532, 8.10470199585, 4.0187625885], [-207.011886597, 5.73394727707, 14.4787130356, 17.3820381165, 13.4306278229, -9.80243015289, -2.39977383614, 2.97740840912, 8.47462558746, 0.729836344719, 8.10470199585, 84.6678237915, 28.4553012848], [-40.1350784302, 19.833114624, 7.77904462814, 38.8768882751, 19.7502574921, -15.214884758, -9.35784626007, 19.8280582428, 15.853635788, -9.28098011017, 4.0187625885, 28.4553012848, 89.7614746094]]}, "spectral_energy": {"min": 1.04476231397e-20, "max": 0.083167925477, "dvar2": 4.46439989901e-05, "median": 0.0138967186213, "dmean2": 0.00521013187245, "dmean": 0.00377370161004, "var": 0.000149814382894, "dvar": 2.21658701776e-05, "mean": 0.0163325984031}, "melbands_spread": {"min": 1.91178250313, "max": 177.622314453, "dvar2": 174.258834839, "median": 37.5325546265, "dmean2": 11.9908065796, "dmean": 7.93125534058, "var": 347.301940918, "dvar": 83.4023132324, "mean": 40.4754867554}, "erbbands_flatness_db": {"min": 0.020264627412, "max": 0.425063192844, "dvar2": 0.000510731362738, "median": 0.201986283064, "dmean2": 0.0243280250579, "dmean": 0.0171098299325, "var": 0.00290365074761, "dvar": 0.000263638125034, "mean": 0.198704093695}, "spectral_contrast_valleys": {"min": [-27.501581192, -27.3481655121, -27.1174316406, -27.2589797974, -27.3514633179, -27.2620868683], "max": [-5.98346138, -4.97081899643, -5.44472122192, -5.30290412903, -5.48809576035, -7.90599679947], "dvar2": [0.311653316021, 0.233409613371, 0.173110499978, 0.153611376882, 0.173860833049, 0.250715404749], "median": [-8.1269493103, -7.01315116882, -7.23209238052, -7.36406517029, -7.58507490158, -10.5766105652], "dmean2": [0.667269945145, 0.558561086655, 0.472712367773, 0.418818205595, 0.395965099335, 0.446608990431], "dmean": [0.408562839031, 0.345911711454, 0.304953098297, 0.279404014349, 0.296819418669, 0.359125643969], "var": [2.48549866676, 2.88629460335, 2.79620790482, 2.70086741447, 2.59629893303, 2.34696006775], "dvar": [0.127755984664, 0.102420277894, 0.0856518596411, 0.0784562528133, 0.0969902947545, 0.151900544763], "mean": [-8.42245769501, -7.37414455414, -7.56903553009, -7.69496202469, -7.93248224258, -10.90117836]}, "barkbands_flatness_db": {"min": 0.0288143213838, "max": 0.341221928596, "dvar2": 0.000503030314576, "median": 0.118201196194, "dmean2": 0.0239900331944, "dmean": 0.0163395665586, "var": 0.00166654866189, "dvar": 0.000243284986936, "mean": 0.121990896761}, "zerocrossingrate": {"min": 0.01708984375, "max": 0.81494140625, "dvar2": 0.000210305923247, "median": 0.076171875, "dmean2": 0.0115748047829, "dmean": 0.0101142879575, "var": 0.0136362528428, "dvar": 0.000178151080036, "mean": 0.0985357090831}, "spectral_skewness": {"min": -0.0231850463897, "max": 5.54882335663, "dvar2": 0.155383899808, "median": 1.67021918297, 