{"lowlevel": {"spectral_complexity": {"min": 0, "max": 56, "dvar2": 29.0697059631, "median": 23, "dmean2": 5.50210762024, "dmean": 3.8785173893, "var": 90.4862823486, "dvar": 16.4796924591, "mean": 23.0043373108}, "silence_rate_20dB": {"min": 1, "max": 1, "dvar2": 0, "median": 1, "dmean2": 0, "dmean": 0, "var": 0, "dvar": 0, "mean": 1}, "average_loudness": 0.950943887234, "erbbands_spread": {"min": 3.60558128357, "max": 132.017669678, "dvar2": 112.476608276, "median": 32.7177963257, "dmean2": 10.3506221771, "dmean": 6.89069509506, "var": 246.306930542, "dvar": 51.3893890381, "mean": 34.9668388367}, "spectral_kurtosis": {"min": -1.13679778576, "max": 44.1455421448, "dvar2": 16.4765281677, "median": 3.84725642204, "dmean2": 2.76287817955, "dmean": 1.6713912487, "var": 11.308930397, "dvar": 5.50502967834, "mean": 4.47994232178}, "barkbands_kurtosis": {"min": -1.88464820385, "max": 45.4525718689, "dvar2": 10.9242668152, "median": -0.362010866404, "dmean2": 1.9505661726, "dmean": 1.24363183975, "var": 12.6229286194, "dvar": 4.83178806305, "mean": 0.837819576263}, "spectral_strongpeak": {"min": 0, "max": 12.6899251938, "dvar2": 3.65273761749, "median": 0.473965376616, "dmean2": 1.17684066296, "dmean": 0.676284134388, "var": 2.30627322197, "dvar": 1.41154062748, "mean": 1.11280322075}, "spectral_spread": {"min": 1204542.125, "max": 39115040, "dvar2": 805489016832, "median": 3972750.75, "dmean2": 739806.5625, "dmean": 540209.5625, "var": 2288621977600.0, "dvar": 533703589888, "mean": 4273440.5}, "spectral_rms": {"min": 3.20625167041e-12, "max": 0.0083723012358, "dvar2": 6.33851641396e-07, "median": 0.00490511627868, "dmean2": 0.000855318969116, "dmean": 0.000548901385628, "var": 2.13584871744e-06, "dvar": 2.73944493756e-07, "mean": 0.00462926272303}, "dynamic_complexity": 2.95419812202, "erbbands": {"min": [1.10451674282e-21, 7.46333562757e-21, 1.09102465155e-20, 6.24729191606e-20, 1.39129620607e-19, 5.57307380088e-20, 1.87918633066e-19, 3.23260865067e-19, 8.99020007982e-19, 1.04964049854e-18, 8.43086675347e-19, 2.7986750263e-18, 6.76163126999e-19, 1.93427914439e-18, 2.38354368254e-18, 2.32256765009e-18, 2.75653555076e-18, 1.87006821537e-18, 4.18496810798e-18, 7.13604330392e-18, 5.18907727688e-18, 7.39788649965e-18, 7.22079871103e-18, 1.19125026253e-17, 1.53661289209e-17, 1.69061489699e-17, 1.90993439179e-17, 2.3553526228e-17, 1.91193732692e-17, 1.69874823308e-17, 2.32754793913e-17, 1.73964238821e-17, 1.51298580138e-17, 9.4158647415e-18, 9.79829929001e-18, 6.81236546228e-18, 3.476809273e-18, 1.49610337595e-18, 3.10190765153e-19, 3.52796925651e-20], "max": [0.531617045403, 6.43839740753, 36.8528671265, 75.1525344849, 69.5511703491, 113.70426178, 205.731109619, 249.067398071, 639.483886719, 431.819458008, 838.046325684, 656.515014648, 564.157836914, 937.059936523, 849.566101074, 1520.21655273, 892.431640625, 512.357666016, 1089.14538574, 1183.9206543, 1657.27319336, 789.941345215, 502.607147217, 551.845336914, 525.510742188, 342.884277344, 223.099578857, 377.122802734, 802.006591797, 255.134002686, 245.53137207, 193.422531128, 120.156196594, 61.6961479187, 101.793769836, 5.54431533813, 0.614996552467, 0.178998112679, 0.0090260328725, 0.00122248835396], "dvar2": [0.00339276646264, 0.541040658951, 16.9263534546, 48.4417457581, 42.9111747742, 167.799606323, 297.680450439, 260.664245605, 780.215270996, 820.92199707, 2947.10839844, 2884.73901367, 1674.37609863, 3757.29833984, 6627.49316406, 6827.95654297, 3246.53564453, 2625.18457031, 6074.30126953, 6386.85253906, 5092.91894531, 4123.640625, 2364.08422852, 616.141723633, 1128.41870117, 602.642211914, 167.545822144, 535.419921875, 4371.41210938, 306.177825928, 453.286010742, 116.942855835, 39.0975151062, 17.2531795502, 63.4347229004, 0.164319261909, 0.00472807185724, 0.000147173865116, 2.96222026464e-07, 3.79751607937e-09], "median": [0.010511841625, 0.392680764198, 2.38105225563, 4.8123755455, 2.89991664886, 2.28531980515, 3.19845199585, 3.34353017807, 4.23439073563, 6.52948570251, 10.4179077148, 12.2510108948, 13.7919406891, 12.3196868896, 11.3864555359, 12.7925682068, 12.2231254578, 11.9707431793, 23.8518161774, 26.9801559448, 21.497253418, 30.8259487152, 28.0285720825, 15.2284393311, 15.2838611603, 10.596944809, 4.4660077095, 3.27348709106, 4.45939540863, 2.36811447144, 2.12307620049, 0.816981971264, 0.556484818459, 0.49946552515, 0.328203678131, 0.0316386073828, 0.00323196221143, 0.000376605807105, 3.13282507705e-05, 3.44388899975e-05], "dmean2": [0.029616041109, 0.563982903957, 3.16935420036, 5.30060052872, 4.18424749374, 6.699239254, 8.60754394531, 7.51010799408, 9.75466442108, 13.9877033234, 26.0349445343, 23.377986908, 20.3679714203, 29.2271881104, 29.5718021393, 26.8715267181, 25.5627822876, 26.1713409424, 41.5103416443, 42.0543746948, 34.2552833557, 38.94115448, 33.3986930847, 15.2120447159, 17.7551441193, 14.953701973, 6.7057518959, 9.36834049225, 22.0294837952, 6.53947162628, 8.31493091583, 2.91075372696, 1.80351042747, 1.59257555008, 2.67053246498, 0.155942291021, 0.0257176663727, 0.00353926699609, 0.000121593227959, 2.02953615371e-05], "dmean": [0.0216369424015, 0.334211647511, 1.86268246174, 3.11803007126, 2.46373987198, 4.06988763809, 5.41480302811, 4.79394483566, 6.08398246765, 8.66673374176, 16.4265193939, 14.6490240097, 12.8682498932, 18.685956955, 18.7841911316, 16.9785137177, 16.32122612, 16.4862117767, 26.4640960693, 27.2118244171, 23.1160907745, 25.0938739777, 21.7629451752, 10.0674390793, 11.8724966049, 10.2869606018, 4.65087270737, 6.43881464005, 14.4178371429, 4.56318712234, 5.59891986847, 2.03527498245, 1.27253961563, 1.13260650635, 1.81950032711, 0.109407804906, 0.0176070667803, 0.00226869666949, 7.73948413553e-05, 1.33473167807e-05], "var": [0.00415973970667, 0.451363742352, 27.4420814514, 37.8986663818, 26.7186431885, 96.4153747559, 235.859725952, 229.935974121, 600.869018555, 549.699951172, 2553.48413086, 1624.83752441, 1449, 3432.05224609, 5547.37451172, 5650.15234375, 3022.61499023, 2944.13989258, 6899.75244141, 6603.00634766, 8731.40917969, 4865.75341797, 3332.01831055, 757.422485352, 1266.96081543, 1077.99621582, 205.537017822, 411.607391357, 2107.72729492, 226.614578247, 296.123840332, 75.0390396118, 24.4633255005, 13.1542510986, 36.0279693604, 0.103593558073, 0.00257669040002, 5.25192263012e-05, 9.06112376242e-08, 1.46156076131e-09], "dvar": [0.00194191990886, 0.189677432179, 6.4345240593, 17.3984737396, 15.8331155777, 66.241859436, 124.637321472, 114.809768677, 298.795837402, 338.540283203, 1256.91381836, 1154.51062012, 652.987609863, 1549.82189941, 2560.82202148, 2601.98803711, 1274.78479004, 1042.78393555, 2516.43286133, 2793.02954102, 2246.87011719, 1708.64672852, 1015.34216309, 267.586151123, 478.829711914, 295.529907227, 86.5777587891, 264.282958984, 1852.24865723, 149.098922729, 201.062408447, 54.6793403625, 17.769285202, 8.04211521149, 28.8507232666, 0.0758429989219, 0.0021098209545, 5.85380694247e-05, 1.13447534034e-07, 1.46352552299e-09], "mean": [0.0339422225952, 0.627554774284, 4.47859477997, 6.34795475006, 4.35215187073, 5.75690746307, 8.90967655182, 8.36514472961, 10.9825048447, 14.013999939, 26.6187477112, 23.9056777954, 25.9145565033, 34.0944480896, 34.7909812927, 31.8229293823, 30.005777359, 33.4751472473, 54.9860305786, 53.7467689514, 53.2686424255, 55.7759361267, 49.9259338379, 24.3576622009, 26.665933609, 24.3942337036, 9.41266059875, 9.66829776764, 17.9390659332, 6.95104026794, 7.93621492386, 2.83939242363, 1.96073246002, 1.74551546574, 2.2186434269, 0.145859658718, 0.0203696992248, 0.00233096792363, 9.39143137657e-05, 3.84595768992e-05]}, "spectral_contrast_coeffs": {"min": [-0.975042045116, -0.951696932316, -0.957707583904, -0.963259637356, -0.962206959724, -0.958664476871], "max": [-0.334686040878, -0.363593786955, -0.436883479357, -0.509022593498, -0.55874055624, -0.608288884163], "dvar2": [0.00465022865683, 0.00360461580567, 0.00240747164935, 0.00173673592508, 0.00098021584563, 0.000700244214386], "median": [-0.610787570477, -0.743144392967, -0.758448958397, -0.749762654305, -0.750909924507, -0.754285752773], "dmean2": [0.0863227695227, 0.0754935070872, 0.0608764886856, 0.0522763729095, 0.0383205637336, 0.030998500064], "dmean": [0.0517447255552, 0.046335902065, 0.0373623073101, 0.032814938575, 0.0251346137375, 0.0196939464658], "var": [0.00604504579678, 0.00547786056995, 0.00428344123065, 0.0037533310242, 0.00350411352701, 0.00152929464821], "dvar": [0.00169205968268, 0.00146111554932, 0.00095457653515, 0.000715989386663, 0.000461233314127, 0.000301873922581], "mean": [-0.612389266491, -0.739313423634, -0.751905977726, -0.743785560131, -0.745133340359, -0.753112852573]}, "dissonance": {"min": 0.322670698166, "max": 0.499977111816, "dvar2": 0.000480645510834, "median": 0.477552831173, "dmean2": 0.0222664456815, "dmean": 0.0133360764012, "var": 0.000372261507437, "dvar": 0.000177127090865, "mean": 0.472992449999}, "spectral_energyband_high": {"min": 8.05151516527e-21, "max": 0.0263524651527, "dvar2": 6.60870500724e-06, "median": 0.000627779634669, "dmean2": 0.00114288122859, "dmean": 0.000832883757539, "var": 5.99520762989e-06, "dvar": 3.39668508786e-06, "mean": 0.00142332923133}, "gfcc": {"mean": [1.12216854095, 86.6683731079, -140.544570923, 41.6900405884, -54.6930389404, 19.428691864, -41.7531585693, 14.9221630096, -24.0806941986, -4.03823709488, -20.6270580292, -7.96568536758, -11.3672103882], "icov": [[0.000184629112482, -0.000345671811374, 0.000389633438317, -0.000565249938518, 0.000646420929115, -0.000348423753167, 0.000215120628127, -0.000399690150516, 0.000437212787801, -0.000210908081499, 0.000419592601247, -0.000296759913908, 0.000182909163414], [-0.000345671811374, 0.00249861227348, -0.0014168851776, 0.00177697883919, -0.00226457533427, 0.00101901032031, -0.000844168360345, 0.000884503300767, -0.00200962461531, 0.00238358322531, -0.00233802129515, 0.00234414357692, -0.000828604504932], [0.000389633438317, -0.0014168851776, 0.00331643968821, -0.00242308503948, 0.0014713316923, -0.00171821250115, 0.000674701062962, -0.00145870412234, 0.00121527502779, -0.00135454908013, 0.00330486381426, -0.00264705601148, 0.00200104620308], [-0.000565249938518, 0.00177697883919, -0.00242308503948, 0.00640915427357, -0.00280713196844, 0.000821096240543, 0.000725066754967, 2.55595787166e-05, -0.00231241364963, 0.00259939697571, -0.00232955743559, 0.00216181273572, -0.00315970834345], [0.000646420929115, -0.00226457533427, 0.0014713316923, -0.00280713196844, 0.00819244608283, -0.00124182133004, -0.00146909034811, -0.00111416552681, 0.000188298203284, -0.000567548908293, 0.000443355704192, -0.000729290477466, -0.000775378546678], [-0.000348423753167, 0.00101901032031, -0.00171821250115, 0.000821096240543, -0.00124182133004, 0.00628447672352, -0.00295963627286, 0.000815336941741, 0.00133950484451, -0.00137992249802, 0.000127179373521, 4.78233368995e-06, 6.32433293504e-05], [0.000215120628127, -0.000844168360345, 0.000674701062962, 0.000725066754967, -0.00146909034811, -0.00295963627286, 0.00983054284006, -0.0019433045527, -0.000234897102928, 0.00173685490154, -0.00154928746633, 0.00153102516197, 0.0020227341447], [-0.000399690150516, 0.000884503300767, -0.00145870412234, 2.55595787166e-05, -0.00111416552681, 0.000815336941741, -0.0019433045527, 0.0100974896923, -0.00360040413216, -0.00100144010503, 0.000451241852716, 0.00141760928091, -0.00208605686203], [0.000437212787801, -0.00200962461531, 0.00121527502779, -0.00231241364963, 0.000188298203284, 0.00133950484451, -0.000234897102928, -0.00360040413216, 0.0150505565107, -0.00467514013872, 0.00305315386504, -0.00143208121881, 0.00133538700175], [-0.000210908081499, 0.00238358322531, -0.00135454908013, 0.00259939697571, -0.000567548908293, -0.00137992249802, 0.00173685490154, -0.00100144010503, -0.00467514013872, 0.0184724088758, -0.00559480953962, -0.00181552884169, 0.00304179708473], [0.000419592601247, -0.00233802129515, 0.00330486381426, -0.00232955743559, 0.000443355704192, 0.000127179373521, -0.00154928746633, 0.000451241852716, 0.00305315386504, -0.00559480953962, 0.0148283056915, -0.00337129971012, -0.000463348143967], [-0.000296759913908, 0.00234414357692, -0.00264705601148, 0.00216181273572, -0.000729290477466, 4.78233368995e-06, 0.00153102516197, 0.00141760928091, -0.00143208121881, -0.00181552884169, -0.00337129971012, 0.0159045644104, -0.00481549091637], [0.000182909163414, -0.000828604504932, 0.00200104620308, -0.00315970834345, -0.000775378546678, 6.32433293504e-05, 0.0020227341447, -0.00208605686203, 0.00133538700175, 0.00304179708473, -0.000463348143967, -0.00481549091637, 0.0156246991828]], "cov": [[12504.4912109, -354.427703857, -21.0554161072, 656.880432129, -805.219909668, 331.213134766, -398.155334473, 263.852050781, -207.288986206, 19.6679477692, -251.30116272, 118.681617737, 58.8394050598], [-354.427703857, 1377.41955566, -128.410751343, -57.8979301453, 395.992797852, -145.523788452, 228.860275269, -1.8479064703, 107.62171936, -161.082839966, 133.906036377, -195.553771973, 38.1620903015], [-21.0554161072, -128.410751343, 804.124206543, 160.565994263, -80.6000518799, 179.85446167, -52.643497467, 82.7428283691, 3.89669728279, 46.3643836975, -146.797790527, 83.2696228027, -51.9912490845], [656.880432129, -57.8979301453, 160.565994263, 337.43270874, 26.1449489594, 10.078417778, -50.0207824707, 61.9231987, 19.207277298, -22.5091629028, -25.9577217102, 13.6930150986, 59.1041297913], [-805.219909668, 395.992797852, -80.6000518799, 26.1449489594, 323.94921875, -40.8399009705, 116.670593262, 9.94764518738, 51.4873657227, -52.7092018127, 65.9685287476, -63.9184379578, 36.6192741394], [331.213134766, -145.523788452, 179.85446167, 10.078417778, -40.8399009705, 272.166290283, 33.5620231628, 13.0992288589, -35.8462905884, 38.2919044495, -40.7769317627, 32.0322341919, -34.0426864624], [-398.155334473, 228.860275269, -52.643497467, -50.0207824707, 116.670593262, 33.5620231628, 190.492874146, 10.1850824356, 19.1072864532, -28.1190776825, 39.4784927368, -55.0473594666, -16.1761474609], [263.852050781, -1.8479064703, 82.7428283691, 61.9231987, 9.94764518738, 13.0992288589, 10.1850824356, 139.548919678, 33.4079475403, 7.92055845261, -23.6125907898, -0.0657060444355, 11.3744516373], [-207.288986206, 107.62171936, 3.89669728279, 19.207277298, 51.4873657227, -35.8462905884, 19.1072864532, 33.4079475403, 99.6231384277, 4.63450288773, 3.0711517334, -13.1290864944, 2.83406019211], [19.6679477692, -161.082839966, 46.3643836975, -22.5091629028, -52.7092018127, 38.2919044495, -28.1190776825, 7.92055845261, 4.63450288773, 95.4091262817, 1.32000231743, 38.673614502, -24.3474903107], [-251.30116272, 133.906036377, -146.797790527, -25.9577217102, 65.9685287476, -40.7769317627, 39.4784927368, -23.6125907898, 3.0711517334, 1.32000231743, 125.37449646, -11.3966436386, 18.4556369781], [118.681617737, -195.553771973, 83.2696228027, 13.6930150986, -63.9184379578, 32.0322341919, -55.0473594666, -0.0657060444355, -13.1290864944, 38.673614502, -11.3966436386, 112.776283264, 12.1733455658], [58.8394050598, 38.1620903015, -51.9912490845, 59.1041297913, 36.6192741394, -34.0426864624, -16.1761474609, 11.3744516373, 2.83406019211, -24.3474903107, 18.4556369781, 12.1733455658, 98.3116455078]]}, "spectral_flux": {"min": 1.02650138389e-10, "max": 0.212539061904, "dvar2": 0.000627452507615, "median": 0.0783264189959, "dmean2": 0.0271837823093, "dmean": 0.0182647407055, "var": 0.00131475704256, "dvar": 0.000299465842545, "mean": 0.0793568938971}, "silence_rate_30dB": {"min": 1, "max": 1, "dvar2": 0, "median": 1, "dmean2": 0, "dmean": 0, "var": 0, "dvar": 0, "mean": 1}, "spectral_energyband_middle_high": {"min": 1.21856699608e-21, "max": 0.0484388321638, "dvar2": 2.17089364014e-05, "median": 0.00640225410461, "dmean2": 0.00332962023094, "dmean": 0.00231728609651, "var": 5.17001863045e-05, "dvar": 9.49753302848e-06, "mean": 0.00847150105983}, "barkbands_spread": {"min": 2.32995605469, "max": 134.321334839, "dvar2": 114.620361328, "median": 29.2140846252, "dmean2": 9.54972553253, "dmean": 6.40224027634, "var": 232.687423706, "dvar": 57.2307548523, "mean": 30.6872272491}, "spectral_centroid": {"min": 245.525787354, "max": 11348.5107422, "dvar2": 170378.84375, "median": 1821.12988281, "dmean2": 386.012420654, "dmean": 264.581970215, "var": 421741.1875, "dvar": 93478.890625, "mean": 1800.98278809}, "pitch_salience": {"min": 0.12378680706, "max": 0.906090140343, "dvar2": 0.00748994713649, "median": 0.532167196274, "dmean2": 0.100832179189, "dmean": 0.0642954334617, "var": 0.012329082936, "dvar": 0.00330718164332, "mean": 0.528634607792}, "erbbands_skewness": {"min": -3.15914821625, "max": 2.88561534882, "dvar2": 0.190070986748, "median": -0.192361921072, "dmean2": 0.477204620838, "dmean": 0.31446865201, "var": 0.485224932432, "dvar": 0.0843383967876, "mean": -0.27354413271}, "erbbands_crest": {"min": 2.33569312096, "max": 27.5886707306, "dvar2": 11.6762714386, "median": 7.55169010162, "dmean2": 3.70253133774, "dmean": 2.27269983292, "var": 12.628405571, "dvar": 4.68897247314, "mean": 8.33612823486}, "melbands": {"min": [1.05524314015e-23, 6.94901418294e-24, 1.38894376706e-23, 7.2185064231e-24, 5.19782974805e-24, 8.1574631039e-24, 1.37052986027e-23, 1.05421754209e-23, 9.6375980872e-24, 1.63793367007e-23, 2.41527969099e-24, 7.20090693631e-24, 8.03774636179e-24, 7.39633618153e-24, 4.26364094256e-24, 7.56075372683e-24, 2.7933941335e-24, 6.14878973638e-24, 8.0466991442e-24, 9.88659887649e-24, 5.51991218932e-24, 6.94139930862e-24, 8.56583903959e-24, 5.81242260184e-24, 9.91606519788e-24, 1.00200978075e-23, 1.2598326382e-23, 1.05299023229e-23, 1.13644650958e-23, 1.2494715813e-23, 1.46150855738e-23, 1.11784114625e-23, 1.03809417182e-23, 8.89771361128e-24, 1.41128209909e-23, 1.1830295349e-23, 9.97568493852e-24, 1.15320420291e-23, 8.35787637232e-24, 7.48417505446e-24], "max": [0.00606724387035, 0.0141640380025, 0.0105432095006, 0.0060102022253, 0.00615242216736, 0.00488658295944, 0.00892432779074, 0.00776668312028, 0.00551188830286, 0.00432583410293, 0.00288985064253, 0.00346428435296, 0.00414494937286, 0.00628132279962, 0.00241058203392, 0.00190881534945, 0.00121081271209, 0.00233681616373, 0.00144054566044, 0.00118523859419, 0.00206212350167, 0.000975778035354, 0.000759162008762, 0.000588023744058, 0.000508270284627, 0.000530633958988, 0.000378531141905, 0.000230303834542, 0.000139960873639, 0.000151295898831, 0.000245066796197, 0.000504856987391, 0.000221012116526, 0.000142485107062, 0.000163087213878, 0.000165657169418, 0.00012118792074, 9.6177602245e-05, 6.22630686848e-05, 5.03369337821e-05], "dvar2": [3.78750911523e-07, 2.68442204288e-06, 1.17123113341e-06, 3.99397663386e-07, 3.52890708655e-07, 1.23706684008e-07, 1.46858269545e-07, 1.6043564699e-07, 1.77661874545e-07, 1.01953339993e-07, 4.52122428385e-08, 6.25418152822e-08, 1.06851146597e-07, 1.39956455314e-07, 2.77338063626e-08, 1.41581972812e-08, 1.30253887676e-08, 2.00293435171e-08, 1.87806783458e-08, 6.32681995683e-09, 8.9751734933e-09, 5.09732256404e-09, 3.75858233426e-09, 2.49366483018e-09, 4.69935257374e-10, 7.5014588985e-10, 7.24234672234e-10, 2.90903551248e-10, 8.33051405635e-11, 1.01173729117e-10, 2.32748403883e-10, 1.91372095948e-09, 3.26758398117e-10, 7.77541364627e-11, 2.67960320599e-10, 6.18387632767e-11, 4.07622338661e-11, 2.46944287935e-11, 1.0501856329e-11, 1.27655247484e-11], "median": [0.000205946154892, 0.00108483619988, 0.00083671649918, 0.000182244330063, 0.000123258592794, 7.49828323023e-05, 5.98913284193e-05, 7.69954785937e-05, 8.73699464137e-05, 8.01523856353e-05, 6.64303661324e-05, 4.8053017963e-05, 3.59972182196e-05, 2.7774967748e-05, 3.05942558043e-05, 1.87588047993e-05, 2.0090250473e-05, 3.31723786076e-05, 3.74751034542e-05, 2.30710629694e-05, 2.37428721448e-05, 3.01959735225e-05, 2.74861031357e-05, 1.83728625416e-05, 9.24440246308e-06, 1.00739434856e-05, 9.36649848882e-06, 6.24154017714e-06, 2.66185588771e-06, 1.41576856549e-06, 1.77071217422e-06, 2.61549666902e-06, 1.54095300786e-06, 1.10591599878e-06, 1.40579982144e-06, 5.68970222048e-07, 3.93280970457e-07, 3.75298611743e-07, 3.51388308673e-07, 3.43543604231e-07], "dmean2": [0.000398395844968, 0.0013036429882, 0.000833502563182, 0.000346929504303, 0.000311064242851, 0.0001683938317, 0.000142581862747, 0.000193690211745, 0.000206322496524, 0.000147090482642, 0.000105139784864, 0.000123594916658, 0.000105625891592, 9.99525436782e-05, 7.08716543159e-05, 4.93369516334e-05, 5.59122563573e-05, 7.46858859202e-05, 7.15980422683e-05, 4.15712347603e-05, 4.47938837169e-05, 4.27685081377e-05, 3.77072610718e-05, 3.19683676935e-05, 1.27231278384e-05, 1.28526398839e-05, 1.47961500261e-05, 1.00979805211e-05, 4.94627283842e-06, 4.27485201726e-06, 5.83059954806e-06, 1.46029451571e-05, 6.41058841211e-06, 3.11579424306e-06, 6.43062685413e-06, 2.13056546272e-06, 1.69210329659e-06, 1.40264660331e-06, 1.073680437e-06, 1.34082290515e-06], "dmean": [0.000256870494923, 0.000764582888223, 0.000492188089993, 0.000207679724554, 0.000195382992388, 0.00010741326696, 8.87689602678e-05, 0.000119539807201, 0.000130553497002, 9.23104744288e-05, 6.63682294544e-05, 7.88292018115e-05, 6.76706113154e-05, 6.28585476079e-05, 4.46910089522e-05, 3.16970035783e-05, 3.51587368641e-05, 4.75777487736e-05, 4.57215355709e-05, 2.734426198e-05, 3.0271081414e-05, 2.74643753073e-05, 2.41457673837e-05, 2.0428944481e-05, 8.18859098217e-06, 8.40098255139e-06, 9.94528181764e-06, 6.85697978042e-06, 3.33140246767e-06, 2.90678985948e-06, 3.9112860577e-06, 9.45980355027e-06, 4.21927006755e-06, 2.1238440695e-06, 4.23266283178e-06, 1.46589968608e-06, 1.1671984339e-06, 9.6854023468e-07, 7.38633616493e-07, 9.32089335492e-07], "var": [3.56632625653e-07, 3.88075295632e-06, 8.98804955796e-07, 2.35382685787e-07, 2.93116556804e-07, 1.13514680322e-07, 1.18066608934e-07, 1.16377343318e-07, 1.51168194407e-07, 6.03290573054e-08, 3.96783974566e-08, 5.79146295365e-08, 8.95952894098e-08, 1.04491213904e-07, 2.42142004225e-08, 1.14988099043e-08, 1.42571270345e-08, 2.2329466276e-08, 2.01128180777e-08, 6.8035621581e-09, 1.53065471409e-08, 5.38550626317e-09, 4.02035560398e-09, 3.01220581811e-09, 4.50366216542e-10, 6.31680374674e-10, 9.85837744771e-10, 4.71793937251e-10, 1.04843592141e-10, 7.8918011015e-11, 1.57017010505e-10, 9.35690525061e-10, 1.7516794959e-10, 5.12304573763e-11, 1.64507629741e-10, 3.78271199086e-11, 2.55793320553e-11, 1.43257749413e-11, 7.42099263984e-12, 9.32785706315e-12], "dvar": [1.70403950506e-07, 9.80959043773e-07, 4.17292028487e-07, 1.53750889353e-07, 1.46605344753e-07, 5.49813279349e-08, 5.72533558341e-08, 6.68700650408e-08, 7.46961887899e-08, 4.11325302707e-08, 1.75337095953e-08, 2.59633150534e-08, 4.23664232585e-08, 5.2126697625e-08, 1.08653157582e-08, 5.50696332979e-09, 5.14444176147e-09, 8.3463618239e-09, 7.79912667781e-09, 2.8470228397e-09, 4.0332164275e-09, 2.15323670005e-09, 1.59753421602e-09, 1.035201036e-09, 1.98784252947e-10, 3.02940728059e-10, 3.24690802023e-10, 1.38499350877e-10, 4.07822386972e-11, 4.91560681048e-11, 1.09363254563e-10, 8.13936862354e-10, 1.43229969551e-10, 3.63792676539e-11, 1.15382453592e-10, 2.84751406482e-11, 1.90339653761e-11, 1.10050822621e-11, 4.78457334516e-12, 5.76472680355e-12], "mean": [0.000427505583502, 0.0018140275497, 0.0010580358794, 0.000326984387357, 0.000321696134051, 0.000190335660591, 0.000157420276082, 0.000189181228052, 0.000213727413211, 0.000151232961798, 0.000130679545691, 0.000139688025229, 0.000121651159134, 0.000104462182207, 7.77892637416e-05, 5.4671538237e-05, 6.49781068205e-05, 9.11743336474e-05, 8.59904757817e-05, 5.16842264915e-05, 6.529714301e-05, 5.60203880013e-05, 4.96252578159e-05, 4.16186085204e-05, 1.63704480656e-05, 1.73659700522e-05, 2.09686222661e-05, 1.52449192683e-05, 6.47523665975e-06, 4.27683698945e-06, 5.60591297472e-06, 1.16040637295e-05, 5.47811987417e-06, 3.20033700518e-06, 5.79952438784e-06, 2.0012537334e-06, 1.5484921505e-06, 1.38801885896e-06, 1.22466576613e-06, 1.38206416977e-06]}, "barkbands_skewness": {"min": -2.2664835453, "max": 5.91517066956, "dvar2": 0.345941275358, "median": 0.634259641171, "dmean2": 0.611060321331, "dmean": 0.410522073507, "var": 0.970710158348, "dvar": 0.164902195334, "mean": 0.800311625004}, "spectral_entropy": {"min": 5.70692586899, "max": 9.7999753952, "dvar2": 0.0414083078504, "median": 7.62428045273, "dmean2": 0.205965772271, "dmean": 0.152369871736, "var": 0.155994430184, "dvar": 0.0241849627346, "mean": 7.63002681732}, "spectral_rolloff": {"min": 129.19921875, "max": 18755.4199219, "dvar2": 1815991.5, "median": 1981.0546875, "dmean2": 969.295959473, "dmean": 632.448303223, "var": 3006343.5, "dvar": 964097.4375, "mean": 2312.06567383}, "barkbands": {"min": [4.29590929789e-24, 3.45831950792e-23, 8.61055562001e-24, 3.3537941758e-23, 2.62023525994e-23, 4.5045421814e-23, 6.29626302276e-23, 3.12227580635e-23, 1.10971550027e-22, 3.05567196458e-23, 5.55032309276e-23, 6.04642446319e-23, 6.70928661136e-23, 2.57489248174e-23, 9.88337953514e-23, 1.27470594792e-22, 1.31542846246e-22, 1.40081034922e-22, 2.66784528749e-22, 3.87528411939e-22, 4.90436768529e-22, 6.05704114258e-22, 7.28777977018e-22, 8.83775942518e-22, 1.12068513496e-21, 1.8258772059e-21, 2.4072432068e-21], "max": [0.000270603457466, 0.0260747782886, 0.0339960865676, 0.0263961385936, 0.0234233438969, 0.0289465282112, 0.0377270877361, 0.0524745099247, 0.0258258841932, 0.0192149002105, 0.0328522548079, 0.0412561967969, 0.021128423512, 0.0194195099175, 0.0190974641591, 0.0239913500845, 0.0146142309532, 0.00783755723387, 0.0139503013343, 0.00776884146035, 0.00745874643326, 0.0148757873103, 0.00785073731095, 0.0071315956302, 0.00809912756085, 0.000607548456173, 4.67476274935e-05], "dvar2": [7.53611117954e-10, 7.2742463999e-06, 1.77805977728e-05, 7.25328118278e-06, 9.34165473154e-06, 3.67431812265e-06, 2.9500497476e-06, 7.2124498729e-06, 5.15225337949e-06, 2.41159796133e-06, 5.90692434344e-06, 6.73433078191e-06, 2.18946388486e-06, 2.05511491913e-06, 2.97442920782e-06, 1.47164359987e-06, 1.49771756242e-06, 7.34882007691e-07, 3.75810600417e-07, 2.90808287673e-07, 1.78394756745e-07, 1.65071128322e-06, 3.7455635038e-07, 1.8161090054e-07, 4.78158426631e-07, 1.82827075701e-09, 1.19763201092e-11], "median": [1.08812400867e-06, 0.00119464751333, 0.00250008120202, 0.0013352506794, 0.000703964498825, 0.000407550687669, 0.000260473287199, 0.000402816862334, 0.000622935476713, 0.000334417854901, 0.000209947611438, 0.000258427404333, 0.000265024136752, 0.000232391917962, 0.000533313024789, 0.000290046009468, 0.000528449949343, 0.000384647515602, 0.000273482291959, 0.000224168485147, 7.21655087546e-05, 0.000107412008219, 7.37925001886e-05, 3.46755914507e-05, 5.01349786646e-05, 2.30948080571e-06, 3.73177044821e-08], "dmean2": [1.24986754599e-05, 0.00199029128999, 0.00320729939267, 0.00191817607265, 0.00171927153133, 0.00091716228053, 0.000677065632772, 0.00126858125441, 0.00107208220288, 0.000762367271818, 0.000752301886678, 0.000783662486356, 0.00068212102633, 0.000709874206223, 0.000957292446401, 0.000602696032729, 0.000745155732147, 0.000578245439101, 0.000312844815198, 0.000328980764607, 0.000179514318006, 0.000453476794064, 0.000241010522586, 0.000117625182611, 0.000247981020948, 1.58585735335e-05, 6.82029167365e-07], "dmean": [1.03952697827e-05, 0.00121225230396, 0.0018809811445, 0.00112006254494, 0.00105227809399, 0.000588793482166, 0.000422550627263, 0.000787486438639, 0.000674933718983, 0.000489590223879, 0.000480291550048, 0.000490964506753, 0.000430283194873, 0.00044592373888, 0.000611946976278, 0.000393184658606, 0.000482082978124, 0.000374966009986, 0.00020567192405, 0.000225721043535, 0.000123793637613, 0.000303001812426, 0.000164319993928, 8.28453776194e-05, 0.000171942883753, 1.05681501736e-05, 3.90581675447e-07], "var": [1.34016120423e-09, 6.11216046309e-06, 2.42589194386e-05, 5.36659445061e-06, 6.43776047582e-06, 3.34797164214e-06, 2.29510123972e-06, 5.85995121583e-06, 3.19148625749e-06, 2.35976062868e-06, 5.16437285114e-06, 5.18055594512e-06, 1.8995034452e-06, 2.23222673412e-06, 3.1643148759e-06, 2.2520280254e-06, 1.62760932199e-06, 8.9490879418e-07, 3.66472278301e-07, 5.03203580138e-07, 1.52297118916e-07, 9.09525169845e-07, 2.61571130977e-07, 1.18392513571e-07, 2.97063252219e-07, 9.04177677175e-10, 3.06426802335e-12], "dvar": [5.34186805901e-10, 2.77923913927e-06, 6.71033149047e-06, 2.56332873505e-06, 3.67491929865e-06, 1.6438439161e-06, 1.17056799809e-06, 3.05970957015e-06, 2.07203243008e-06, 9.70235305431e-07, 2.38825168708e-06, 2.52563836511e-06, 8.52283392305e-07, 8.16251258584e-07, 1.24083032915e-06, 6.35947344563e-07, 6.36961146938e-07, 3.10057714614e-07, 1.59275614919e-07, 1.40797894232e-07, 8.94282123909e-08, 7.28988368337e-07, 1.72045432123e-07, 8.52254444794e-08, 2.20391456196e-07, 7.83216602684e-10, 4.4346423235e-12], "mean": [1.59051614901e-05, 0.0020942769479, 0.00429640244693, 0.00204565096647, 0.00160703482106, 0.00102146505378, 0.00070808728924, 0.00121488212608, 0.00114155118354, 0.000884920533281, 0.00082738493802, 0.000825649825856, 0.000733040971681, 0.000811338308267, 0.0011681400938, 0.000825354538392, 0.000984823214822, 0.000780606816988, 0.000452329870313, 0.000518770772032, 0.000195379077923, 0.000396257586544, 0.000241949353949, 0.000121536315419, 0.000229819401284, 1.22401779663e-05, 3.19063133247e-07]}, "melbands_flatness_db": {"min": 0.00514698587358, "max": 0.416126549244, "dvar2": 0.000964956183452, "median": 0.153525620699, "dmean2": 0.0339757725596, "dmean": 0.0241281688213, "var": 0.00396718224511, "dvar": 0.000534819148015, "mean": 0.163877651095}, "melbands_skewness": {"min": -1.47052097321, "max": 10.2560281754, "dvar2": 0.626115262508, "median": 1.67485785484, "dmean2": 0.820249974728, "dmean": 0.542505562305, "var": 1.8665715456, "dvar": 0.287673860788, "mean": 1.93763387203}, "silence_rate_60dB": {"min": 0, "max": 1, "dvar2": 0.0130223743618, "median": 0, "dmean2": 0.0109099922702, "dmean": 0.0054543199949, "var": 0.0551922209561, "dvar": 0.00542532280087, "mean": 0.0586266741157}, "spectral_energyband_low": {"min": 6.13645305623e-23, "max": 0.0456238128245, "dvar2": 3.55272459274e-05, "median": 0.00628028716892, "dmean2": 0.005088950973, "dmean": 0.00301095400937, "var": 4.34345456597e-05, "dvar": 1.29365480461e-05, "mean": 0.00771567923948}, "spectral_energyband_middle_low": {"min": 3.1407228453e-22, "max": 0.053333658725, "dvar2": 3.20592735079e-05, "median": 0.00659185834229, "dmean2": 0.00465678982437, "dmean": 0.00290121184662, "var": 3.38533391187e-05, "dvar": 1.30839016492e-05, "mean": 0.00793793331832}, "melbands_kurtosis": {"min": -1.78878343105, "max": 140.229492188, "dvar2": 74.3378219604, "median": 2.57976984978, "dmean2": 5.2647395134, "dmean": 3.42136359215, "var": 102.019020081, "dvar": 32.8127708435, "mean": 6.15134525299}, "spectral_decrease": {"min": -1.76522334527e-08, "max": 5.50892098513e-29, "dvar2": 4.66385191591e-18, "median": -5.79612002838e-09, "dmean2": 2.15694684336e-09, "dmean": 1.33717170669e-09, "var": 7.8248407359e-18, "dvar": 1.82962321932e-18, "mean": -5.6986020347e-09}, "erbbands_kurtosis": {"min": -1.68649804592, "max": 17.6197452545, "dvar2": 2.37515592575, "median": 0.0239319950342, "dmean2": 1.21029269695, "dmean": 0.780126750469, "var": 3.0459113121, "dvar": 1.02454912663, "mean": 0.532859742641}, "melbands_crest": {"min": 1.77984309196, "max": 31.2922649384, "dvar2": 18.2324810028, "median": 13.0686693192, "dmean2": 5.09100437164, "dmean": 3.15654420853, "var": 35.1232566833, "dvar": 7.9380979538, "mean": 14.0925445557}, "mfcc": {"mean": [-628.744567871, 108.546051025, -19.0081977844, 22.8035125732, 8.67959117889, 3.56410622597, -1.195353508, 9.31248474121, 3.4658434391, 2.94342780113, 0.533374845982, -6.08993053436, -0.361455082893], "icov": [[0.000128190295072, 2.79953346762e-05, -3.78250661015e-05, -0.000119369491586, 0.00011500067194, 1.89322672668e-05, 5.26093317603e-05, -0.00015767365403, -1.18833568195e-05, 7.1016685979e-05, 4.98917870573e-05, 0.00015172775602, 0.000123895559227], [2.79953346762e-05, 0.000971991394181, 0.000352392642526, -0.00023772745044, -0.000320371415, 6.350500189e-05, -0.000405162078096, -0.000844022957608, -2.91084461423e-06, -0.000281225366052, -0.000316735648084, -0.000144316218211, 0.000162822077982], [-3.78250661015e-05, 0.000352392642526, 0.0021100724116, -0.000269072741503, 3.62495302397e-05, -0.00127509515733, 0.000643400067929, -0.000830768083688, -0.000893103017006, 0.000925497966819, -0.000399719981942, -0.000631048402283, 1.57473259605e-05], [-0.000119369491586, -0.00023772745044, -0.000269072741503, 0.00545495934784, -0.00290558324195, 0.00132445839699, 0.000373384362319, -0.000672662630677, -0.000470619706903, -0.000486708828248, 0.00158761872444, -0.000612451520283, -0.00120427284855], [0.00011500067194, -0.000320371415, 3.62495302397e-05, -0.00290558324195, 0.0085334694013, -0.00119783426635, -0.00043563451618, 0.000878380611539, -0.00116901739966, -0.0005884168786, 0.00155826180708, 8.08353870525e-05, -0.00112132856157], [1.89322672668e-05, 6.350500189e-05, -0.00127509515733, 0.00132445839699, -0.00119783426635, 0.00719348620623, -0.00200827280059, -0.00163118273485, 0.000361156649888, 0.0012458418496, -0.00185480585787, 0.000546802359167, 0.00105021975469], [5.26093317603e-05, -0.000405162078096, 0.000643400067929, 0.000373384362319, -0.00043563451618, -0.00200827280059, 0.00835304055363, -0.00268264394253, 0.0013844295172, -0.00319913122803, 0.00151732715312, 2.32935653912e-05, 0.000367150176316], [-0.00015767365403, -0.000844022957608, -0.000830768083688, -0.000672662630677, 0.000878380611539, -0.00163118273485, -0.00268264394253, 0.014474584721, -0.00410145847127, -0.000920341233723, 0.000192283347133, 0.000653918716125, -0.00396912964061], [-1.18833568195e-05, -2.91084461423e-06, -0.000893103017006, -0.000470619706903, -0.00116901739966, 0.000361156649888, 0.0013844295172, -0.00410145847127, 0.0106796380132, -0.00285996054299, 0.00203816313297, -0.000488035235321, -5.03361043229e-05], [7.1016685979e-05, -0.000281225366052, 0.000925497966819, -0.000486708828248, -0.0005884168786, 0.0012458418496, -0.00319913122803, -0.000920341233723, -0.00285996054299, 0.0150388088077, -0.00521619757637, 0.000268344883807, 0.00198637112044], [4.98917870573e-05, -0.000316735648084, -0.000399719981942, 0.00158761872444, 0.00155826180708, -0.00185480585787, 0.00151732715312, 0.000192283347133, 0.00203816313297, -0.00521619757637, 0.0137232234702, -0.00148314284161, -0.00158657680731], [0.00015172775602, -0.000144316218211, -0.000631048402283, -0.000612451520283, 8.08353870525e-05, 0.000546802359167, 2.32935653912e-05, 0.000653918716125, -0.000488035235321, 0.000268344883807, -0.00148314284161, 0.0143403969705, -0.00417460314929], [0.000123895559227, 0.000162822077982, 1.57473259605e-05, -0.00120427284855, -0.00112132856157, 0.00105021975469, 0.000367150176316, -0.00396912964061, -5.03361043229e-05, 0.00198637112044, -0.00158657680731, -0.00417460314929, 0.015404175967]], "cov": [[8629.55273438, -385.612731934, 325.981719971, 172.106002808, -75.6184768677, -14.8291816711, -113.712432861, 84.9155426025, 72.4622039795, -93.5600662231, -96.1914901733, -98.3260650635, -56.3659973145], [-385.612731934, 1390.57946777, -253.488739014, 118.145889282, 106.105049133, -13.0453004837, 150.260742188, 112.860816956, 44.7985839844, 102.274963379, 17.1606311798, 15.0863447189, 24.8247890472], [325.981719971, -253.488739014, 701.225769043, 24.4764404297, 7.50816965103, 120.266540527, -57.9824829102, 54.4616203308, 70.63256073, -55.6165504456, 6.17697572708, 30.3259754181, 25.2733879089], [172.106002808, 118.145889282, 24.4764404297, 307.640045166, 118.876106262, -51.916229248, -4.08709192276, 39.684223175, 59.5032234192, 7.47977733612, -51.9015388489, 22.3744354248, 43.8561820984], [-75.6184768677, 106.105049133, 7.50816965103, 118.876106262, 176.804611206, 2.38807415962, 19.1999874115, 23.776971817, 41.2965126038, 11.6597595215, -30.6406116486, 10.5053329468, 25.4714202881], [-14.8291816711, -13.0453004837, 120.266540527, -51.916229248, 2.38807415962, 199.437530518, 44.7950210571, 31.9450149536, 1.32377147675, -3.1727244854, 27.5688610077, -5.54646635056, -8.43454456329], [-113.712432861, 150.260742188, -57.9824829102, -4.08709192276, 19.1999874115, 44.7950210571, 174.690643311, 42.7426376343, 0.533393740654, 45.1303367615, 2.80231285095, -5.39136886597, -2.73091244698], [84.9155426025, 112.860816956, 54.4616203308, 39.684223175, 23.776971817, 31.9450149536, 42.7426376343, 115.466049194, 52.7938461304, 19.5868415833, -1.69776499271, 7.31261777878, 28.9103221893], [72.4622039795, 44.7985839844, 70.63256073, 59.5032234192, 41.2965126038, 1.32377147675, 0.533393740654, 52.7938461304, 136.363525391, 19.6479721069, -18.8428440094, 10.448677063, 18.83253479], [-93.5600662231, 102.274963379, -55.6165504456, 7.47977733612, 11.6597595215, -3.1727244854, 45.1303367615, 19.5868415833, 19.6479721069, 97.6865921021, 26.7941303253, -0.755444765091, -4.62818813324], [-96.1914901733, 17.1606311798, 6.17697572708, -51.9015388489, -30.6406116486, 27.5688610077, 2.80231285095, -1.69776499271, -18.8428440094, 26.7941303253, 100.671356201, 7.97958421707, 0.928740382195], [-98.3260650635, 15.0863447189, 30.3259754181, 22.3744354248, 10.5053329468, -5.54646635056, -5.39136886597, 7.31261777878, 10.448677063, -0.755444765091, 7.97958421707, 82.6374206543, 28.8536987305], [-56.3659973145, 24.8247890472, 25.2733879089, 43.8561820984, 25.4714202881, -8.43454456329, -2.73091244698, 28.9103221893, 18.83253479, -4.62818813324, 0.928740382195, 28.8536987305, 87.0281677246]]}, "spectral_energy": {"min": 1.05370507343e-20, "max": 0.0718478187919, "dvar2": 7.72449930082e-05, "median": 0.0246616695076, "dmean2": 0.00881001818925, "dmean": 0.00556787010282, "var": 0.000139856580063, "dvar": 3.17336671287e-05, "mean": 0.0241551063955}, "melbands_spread": {"min": 1.95540773869, "max": 219.642425537, "dvar2": 248.70803833, "median": 35.1954956055, "dmean2": 13.8936891556, "dmean": 9.30261802673, "var": 487.42388916, "dvar": 128.077957153, "mean": 37.689414978}, "erbbands_flatness_db": {"min": 0.0425397902727, "max": 0.457097411156, "dvar2": 0.000414568436099, "median": 0.163289710879, "dmean2": 0.0222642812878, "dmean": 0.0154401594773, "var": 0.00207604654133, "dvar": 0.000208172205021, "mean": 0.165942639112}, "spectral_contrast_valleys": {"min": [-27.6470565796, -27.4087409973, -27.4985752106, -27.3772125244, -27.3193721771, -27.2386188507], "max": [-5.68370485306, -4.8096871376, -5.61448717117, -5.68927288055, -5.57604074478, -7.29989528656], "dvar2": [0.344451010227, 0.235776513815, 0.169098526239, 0.14726293087, 0.132438868284, 0.229975908995], "median": [-7.46621274948, -6.77111625671, -7.12849330902, -7.41954612732, -7.27738857269, -9.95300388336], "dmean2": [0.732544064522, 0.581215143204, 0.477358192205, 0.426201373339, 0.380359530449, 0.445336163044], "dmean": [0.441552489996, 0.35968837142, 0.30204731226, 0.281922370195, 0.277072459459, 0.357115834951], "var": [1.63313472271, 1.33915555477, 1.22598457336, 1.09048640728, 1.26994216442, 1.74118804932], "dvar": [0.147257700562, 0.118280619383, 0.0957322120667, 0.0912008807063, 0.0916368514299, 0.152727931738], "mean": [-7.6732006073, -6.94074869156, -7.30169725418, -7.55654191971, -7.46024274826, -10.1555967331]}, "barkbands_flatness_db": {"min": 0.0289033539593, "max": 0.374928832054, "dvar2": 0.00061600637855, "median": 0.117501072586, "dmean2": 0.026725595817, "dmean": 0.0179742835462, "var": 0.002140608849, "dvar": 0.000304783316096, "mean": 0.125881046057}, "zerocrossingrate": {"min": 0.0068359375, "max": 0.494140625, "dvar2": 0.000289697403787, "median": 0.0732421875, "dmean2": 0.0144682833925, "dmean": 0.0133547680452, "var": 0.00183063000441, "dvar": 0.000260811910266, "mean": 0.0791079774499}, "spectral_skewness": {"min": -0.0213726758957, "max": 4.11784219742, "dvar2": 0.139191359282, "median": 1.42948007584, "dmean2": 0.335839241743, "dmean": 0.211509212852, "var": 0.12574622035, "dvar": 0.0509886406362, "mean": 1.44786894321}, "hfc": {"min": 1.18463288381e-16, "