{"lowlevel": {"spectral_complexity": {"min": 0, "max": 55, "dvar2": 26.9344043732, "median": 23, "dmean2": 5.31654834747, "dmean": 3.73897099495, "var": 91.9243392944, "dvar": 15.1049823761, "mean": 23.0887088776}, "silence_rate_20dB": {"min": 1, "max": 1, "dvar2": 0, "median": 1, "dmean2": 0, "dmean": 0, "var": 0, "dvar": 0, "mean": 1}, "average_loudness": 0.939153373241, "erbbands_spread": {"min": 3.64992117882, "max": 116.903327942, "dvar2": 97.1952056885, "median": 29.0542201996, "dmean2": 9.29995441437, "dmean": 6.13005876541, "var": 190.347320557, "dvar": 43.8572044373, "mean": 31.0132846832}, "spectral_kurtosis": {"min": -1.28371953964, "max": 44.8605155945, "dvar2": 14.4352493286, "median": 4.23159456253, "dmean2": 2.99096107483, "dmean": 1.79129743576, "var": 10.8308115005, "dvar": 5.04352045059, "mean": 4.79959011078}, "barkbands_kurtosis": {"min": -1.88452899456, "max": 30.0558338165, "dvar2": 4.98854970932, "median": -0.417055845261, "dmean2": 1.44473731518, "dmean": 0.919752120972, "var": 5.47532129288, "dvar": 2.16974067688, "mean": 0.296458482742}, "spectral_strongpeak": {"min": 0, "max": 11.8811540604, "dvar2": 3.84587335587, "median": 0.498988121748, "dmean2": 1.31409668922, "dmean": 0.764679253101, "var": 2.92203402519, "dvar": 1.4927533865, "mean": 1.34324026108}, "spectral_spread": {"min": 1167260.125, "max": 42773272, "dvar2": 994667659264, "median": 3626179, "dmean2": 701312.1875, "dmean": 505827.59375, "var": 13528185438200.0, "dvar": 554437246976, "mean": 4212506}, "spectral_rms": {"min": 3.11924206083e-12, "max": 0.00801717210561, "dvar2": 5.31448790753e-07, "median": 0.00458957068622, "dmean2": 0.000753279251512, "dmean": 0.000498423469253, "var": 2.15274189941e-06, "dvar": 2.4727262371e-07, "mean": 0.00432159937918}, "dynamic_complexity": 3.24287652969, "erbbands": {"min": [1.0429537601e-22, 4.12918651169e-22, 1.66053357575e-21, 9.53493111574e-21, 1.27580573362e-20, 2.83215752681e-20, 2.64839531476e-20, 4.64480945565e-20, 1.68502481041e-19, 1.39998031003e-19, 3.34973251402e-19, 3.51303140862e-19, 5.11781918263e-19, 6.26304195192e-19, 7.95093656207e-19, 1.14974124338e-18, 1.44074896635e-18, 2.27950793613e-18, 2.30490713722e-18, 2.53887083078e-18, 3.92230848499e-18, 4.50124805981e-18, 5.48437372453e-18, 7.33574869203e-18, 6.84368748335e-18, 9.03803593465e-18, 1.05379923179e-17, 1.11033983907e-17, 9.30499276092e-18, 1.24938013193e-17, 1.17750789743e-17, 1.08037199538e-17, 9.72453545888e-18, 8.49636994541e-18, 6.76772417898e-18, 4.40589812342e-18, 2.32497619324e-18, 9.04946136686e-19, 2.47417295087e-19, 2.68115909872e-20], "max": [0.355160593987, 2.6878798008, 21.5106525421, 53.4177131653, 77.0259246826, 112.840209961, 190.366104126, 268.100769043, 595.135559082, 512.815551758, 817.606628418, 597.777160645, 634.610351563, 1091.54675293, 920.799743652, 1473.68383789, 1059.06640625, 564.614562988, 1580.41186523, 1291.59338379, 1643.36853027, 616.831848145, 523.520507813, 571.48248291, 498.54083252, 279.818908691, 289.408843994, 312.120513916, 538.922180176, 205.426757813, 165.375976563, 142.113754272, 95.9559555054, 34.9239006042, 58.3806114197, 2.18303370476, 0.41423484683, 0.0654512494802, 0.00258459500037, 0.000448809121735], "dvar2": [0.00195053021889, 0.176577493548, 6.2167224884, 23.0285339355, 29.6431922913, 146.043807983, 275.662719727, 232.840896606, 511.645019531, 991.481872559, 3586.94335938, 2676.03491211, 2042.38928223, 4494.390625, 7519.95849609, 6597.54931641, 3640.97094727, 3233.2578125, 7488.79150391, 6616.55419922, 5894.99121094, 3984.23925781, 2508.78735352, 653.29864502, 945.316711426, 544.048950195, 151.579421997, 358.173217773, 2823.06152344, 179.541030884, 240.553970337, 65.5353012085, 23.4516391754, 8.81484985352, 25.8302307129, 0.0470708981156, 0.00136771937832, 3.28385140165e-05, 8.31769426668e-08, 1.13558151771e-09], "median": [0.00706568732858, 0.218848690391, 1.49069857597, 3.22772884369, 2.13645648956, 2.03352928162, 3.04610490799, 3.27510261536, 4.25395536423, 6.8227148056, 10.6632652283, 13.4734077454, 14.8273010254, 13.2848119736, 12.3509254456, 14.2780094147, 13.0648031235, 13.3929758072, 26.4023418427, 28.9995117188, 23.1310997009, 32.5709915161, 28.1682624817, 14.4563808441, 14.7726106644, 9.56827259064, 3.73391628265, 2.75028514862, 3.63039159775, 1.84126508236, 1.56999731064, 0.570419788361, 0.367452204227, 0.333368420601, 0.193176075816, 0.0167650952935, 0.00172450090759, 0.000192661798792, 2.53496909863e-05, 2.99297025776e-05], "dmean2": [0.0221321154386, 0.327030003071, 1.89122700691, 3.64643096924, 3.2187962532, 6.10448169708, 8.23000907898, 7.15350151062, 9.55422687531, 15.1944990158, 27.6131858826, 24.3114414215, 21.8079051971, 31.4091529846, 31.191652298, 27.8473701477, 27.0279312134, 29.5173912048, 45.2575263977, 43.6512641907, 36.8196601868, 40.0099868774, 33.5053901672, 14.5684785843, 16.6959838867, 13.6470432281, 5.79234600067, 7.85207223892, 18.0554046631, 5.02587366104, 6.20071792603, 2.11330747604, 1.27579605579, 1.10974943638, 1.67362034321, 0.0836846381426, 0.0134860286489, 0.0018050794024, 8.81478918018e-05, 1.58175316756e-05], "dmean": [0.0153669156134, 0.192311108112, 1.1118863821, 2.14565753937, 1.91160285473, 3.68699884415, 5.18069505692, 4.57158088684, 6.0363368988, 9.42666816711, 17.3019485474, 15.4529533386, 13.8095636368, 20.2706928253, 20.1421947479, 17.6779403687, 17.3156261444, 18.5376815796, 28.7864379883, 28.3264846802, 24.7130661011, 25.9477672577, 21.863866806, 9.56988716125, 11.2231769562, 9.39153862, 4.01721334457, 5.45384788513, 11.8163118362, 3.53530907631, 4.1622672081, 1.4816865921, 0.889253258705, 0.784245252609, 1.13346719742, 0.059507291764, 0.00929093174636, 0.00116641074419, 5.56582963327e-05, 1.06232573671e-05], "var": [0.00211916072294, 0.158353969455, 9.76345348358, 18.2067432404, 17.8700523376, 84.5984802246, 213.998733521, 215.575912476, 621.348205566, 682.258483887, 2801.36889648, 1742.10253906, 1749.10864258, 4257.73291016, 6417.83398438, 6058.53808594, 3467.75830078, 3895.42504883, 8440.19628906, 7315.19042969, 10290.4326172, 5343.77832031, 3571.30444336, 740.216186523, 1197.9765625, 931.168823242, 165.926818848, 301.679412842, 1452.23400879, 141.107009888, 166.607803345, 41.4999809265, 12.5812597275, 6.29991483688, 14.0129146576, 0.0314529538155, 0.000748923455831, 1.3555323676e-05, 3.13984926947e-08, 7.33469229797e-10], "dvar": [0.0010931075085, 0.0632489472628, 2.31689238548, 8.21687602997, 10.9641666412, 57.2938232422, 113.374824524, 102.254707336, 226.988739014, 412.009399414, 1482.13366699, 1114.00793457, 778.710021973, 1879.22473145, 2845.48535156, 2570.15869141, 1447.51794434, 1296.63537598, 3137.3659668, 2969.421875, 2561.76000977, 1717.86254883, 1079.28161621, 275.8409729, 413.435119629, 258.474609375, 75.7338409424, 182.765548706, 1226.33874512, 89.6238250732, 109.480636597, 30.7516918182, 10.0781908035, 3.99873232841, 11.5488443375, 0.0222588870674, 0.000611317052972, 1.36382204801e-05, 3.28870832789e-08, 4.85619267021e-10], "mean": [0.0239105392247, 0.371412098408, 2.69215011597, 4.30602312088, 3.32764577866, 5.25367927551, 8.46369743347, 8.21518039703, 11.3335018158, 15.2159347534, 27.6041851044, 25.4883155823, 28.0868968964, 37.2406921387, 37.6357650757, 34.2844429016, 32.3375015259, 38.0837287903, 60.3147354126, 57.1275444031, 57.6208190918, 58.8605766296, 50.9646072388, 23.6290531158, 25.878900528, 22.4044113159, 8.08586406708, 8.32738208771, 14.8883571625, 5.47302055359, 5.93068599701, 2.04133892059, 1.35333204269, 1.18727481365, 1.36132919788, 0.0793159157038, 0.0109310876578, 0.00123971060384, 7.03922050889e-05, 3.30419643433e-05]}, "spectral_contrast_coeffs": {"min": [-0.979077458382, -0.978333711624, -0.984715282917, -0.98431289196, -0.981570839882, -0.978507459164], "max": [-0.342460095882, -0.381595999002, -0.44404694438, -0.483228892088, -0.526969790459, -0.618087828159], "dvar2": [0.00481991050765, 0.00353667931631, 0.00240718433633, 0.00180574227124, 0.0010091928998, 0.000686596729793], "median": [-0.617960035801, -0.74541836977, -0.755567193031, -0.745020031929, -0.745328307152, -0.749927639961], "dmean2": [0.085211083293, 0.0752825140953, 0.0605018958449, 0.052101906389, 0.0379449538887, 0.0298177562654], "dmean": [0.0508778803051, 0.046382393688, 0.0373719595373, 0.032909873873, 0.0251704603434, 0.0191575735807], "var": [0.00666789151728, 0.00588639033958, 0.00477447826415, 0.0043136854656, 0.00412188982591, 0.00190582661889], "dvar": [0.00176776770968, 0.00142875406891, 0.000963358732406, 0.000738398579415, 0.00048727952526, 0.000305663328618], "mean": [-0.622300446033, -0.740692913532, -0.750396966934, -0.741177260876, -0.740624606609, -0.749851107597]}, "dissonance": {"min": 0.336153715849, "max": 0.499999910593, "dvar2": 0.000483077252284, "median": 0.477178692818, "dmean2": 0.0223698355258, "dmean": 0.0133310873061, "var": 0.000368149194401, "dvar": 0.000179228154593, "mean": 0.473054766655}, "spectral_energyband_high": {"min": 7.08292140309e-21, "max": 0.018766598776, "dvar2": 3.8833918552e-06, "median": 0.000488787074573, "dmean2": 0.000890109862667, "dmean": 0.000649314082693, "var": 3.69721055904e-06, "dvar": 2.03544891519e-06, "mean": 0.00112377561163}, "gfcc": {"mean": [-15.7195482254, 90.8718719482, -148.59425354, 38.0159111023, -55.5552215576, 16.7776985168, -41.4480667114, 13.304265976, -22.265504837, -4.95615673065, -18.6427707672, -8.34112262726, -9.59697437286], "icov": [[0.000143792276504, -0.0002644151391, 0.000367835484212, -0.000434079935076, 0.00050465593813, -0.000257106381468, 0.000212715152884, -0.00034188121208, 0.000361320271622, -0.000133909255965, 0.000342074548826, -0.000242604102823, 0.000193057188881], [-0.0002644151391, 0.00196690671146, -0.000673878588714, 0.00110249989666, -0.00178755552042, 0.000491835991852, -0.000269556156127, 0.00037803282612, -0.00123343535233, 0.0019363516476, -0.00136429013219, 0.0017753521679, 6.29154965281e-05], [0.000367835484212, -0.000673878588714, 0.00251432298683, -0.0015607222449, 0.000946777814534, -0.00104124913923, 0.000188394027646, -0.000921062543057, 0.000471044273581, -0.000667255255394, 0.00223880796693, -0.00187987007666, 0.00114529533312], [-0.000434079935076, 0.00110249989666, -0.0015607222449, 0.00553396530449, -0.0020768281538, 0.000220948888455, 0.00131774600595, -0.000535932893399, -0.00133224308956, 0.00188061199151, -0.00109509588219, 0.0015077162534, -0.0022922588978], [0.00050465593813, -0.00178755552042, 0.000946777814534, -0.0020768281538, 0.0076213683933, -0.000514585291967, -0.0020000950899, -0.000643249950372, -0.000594160403125, -8.67026974447e-05, -0.000472489278764, -0.000378312688554, -0.00123665120918], [-0.000257106381468, 0.000491835991852, -0.00104124913923, 0.000220948888455, -0.000514585291967, 0.00608538463712, -0.00260186265223, 0.000528575328644, 0.0020652608946, -0.00159262691159, 0.000987618113868, -0.000287779432256, 0.000583941000514], [0.000212715152884, -0.000269556156127, 0.000188394027646, 0.00131774600595, -0.0020000950899, -0.00260186265223, 0.00974933244288, -0.00184195407201, -0.000337937352015, 0.00184909300879, -0.00210255198181, 0.00172697543167, 0.00182698469143], [-0.00034188121208, 0.00037803282612, -0.000921062543057, -0.000535932893399, -0.000643249950372, 0.000528575328644, -0.00184195407201, 0.0102410828695, -0.00343822780997, -0.00122564437333, 0.000987960258499, 0.00128450419288, -0.0016703606816], [0.000361320271622, -0.00123343535233, 0.000471044273581, -0.00133224308956, -0.000594160403125, 0.0020652608946, -0.000337937352015, -0.00343822780997, 0.0151136321947, -0.00415535457432, 0.0021890765056, -0.000718980794773, 0.000668043736368], [-0.000133909255965, 0.0019363516476, -0.000667255255394, 0.00188061199151, -8.67026974447e-05, -0.00159262691159, 0.00184909300879, -0.00122564437333, -0.00415535457432, 0.0178879331797, -0.0045676114969, -0.00263468525372, 0.0038423887454], [0.000342074548826, -0.00136429013219, 0.00223880796693, -0.00109509588219, -0.000472489278764, 0.000987618113868, -0.00210255198181, 0.000987960258499, 0.0021890765056, -0.0045676114969, 0.0133855286986, -0.00221063150093, -0.00163106492255], [-0.000242604102823, 0.0017753521679, -0.00187987007666, 0.0015077162534, -0.000378312688554, -0.000287779432256, 0.00172697543167, 0.00128450419288, -0.000718980794773, -0.00263468525372, -0.00221063150093, 0.015239585191, -0.00382469361648], [0.000193057188881, 6.29154965281e-05, 0.00114529533312, -0.0022922588978, -0.00123665120918, 0.000583941000514, 0.00182698469143, -0.0016703606816, 0.000668043736368, 0.0038423887454, -0.00163106492255, -0.00382469361648, 0.0148235959932]], "cov": [[22652.890625, 135.398269653, -1442.11669922, 873.957092285, -1262.35119629, 408.602874756, -759.242431641, 318.032043457, -407.914764404, -50.0183334351, -424.446014404, 13.3542890549, -52.9359169006], [135.398269653, 1294.25036621, -192.251052856, -60.755241394, 343.849487305, -120.937171936, 171.161071777, 16.3342437744, 74.0893783569, -150.019973755, 110.186653137, -184.151123047, 12.5547857285], [-1442.11669922, -192.251052856, 884.595336914, 92.8922271729, -32.3460769653, 122.102729797, -9.07171535492, 42.0801773071, 25.7259292603, 43.9708633423, -118.843421936, 79.6063995361, -41.1258125305], [873.957092285, -60.755241394, 92.8922271729, 332.208557129, 0.402437657118, 3.24604249001, -69.5932235718, 54.9250793457, 7.39540529251, -24.1389598846, -34.0564575195, 7.13636398315, 51.7598609924], [-1262.35119629, 343.849487305, -32.3460769653, 0.402437657118, 341.27432251, -55.3600311279, 125.018882751, 8.00913333893, 56.3682518005, -46.8943977356, 77.9460220337, -56.3697967529, 37.3353118896], [408.602874756, -120.937171936, 122.102729797, 3.24604249001, -55.3600311279, 252.586914063, 27.697479248, 2.82147407532, -41.2673301697, 30.6387767792, -42.7018661499, 23.4394950867, -36.1371879578], [-759.242431641, 171.161071777, -9.07171535492, -69.5932235718, 125.018882751, 27.697479248, 193.526992798, 7.96051931381, 19.9389667511, -20.5875988007, 44.9834060669, -45.5662612915, -16.8846263885], [318.032043457, 16.3342437744, 42.0801773071, 54.9250793457, 8.00913333893, 2.82147407532, 7.96051931381, 131.225296021, 30.5204544067, 3.48776197433, -21.3599185944, -7.64287805557, 8.79189872742], [-407.914764404, 74.0893783569, 25.7259292603, 7.39540529251, 56.3682518005, -41.2673301697, 19.9389667511, 30.5204544067, 97.8013763428, 7.85794305801, 5.74488592148, -9.27105903625, 3.25952601433], [-50.0183334351, -150.019973755, 43.9708633423, -24.1389598846, -46.8943977356, 30.6387767792, -20.5875988007, 3.48776197433, 7.85794305801, 93.887550354, 3.40365242958, 37.3423118591, -22.7116985321], [-424.446014404, 110.186653137, -118.843421936, -34.0564575195, 77.9460220337, -42.7018661499, 44.9834060669, -21.3599185944, 5.74488592148, 3.40365242958, 129.732391357, -8.30437088013, 20.200460434], [13.3542890549, -184.151123047, 79.6063995361, 7.13636398315, -56.3697967529, 23.4394950867, -45.5662612915, -7.64287805557, -9.27105903625, 37.3423118591, -8.30437088013, 109.250762939, 12.7023382187], [-52.9359169006, 12.5547857285, -41.1258125305, 51.7598609924, 37.3353118896, -36.1371879578, -16.8846263885, 8.79189872742, 3.25952601433, -22.7116985321, 20.200460434, 12.7023382187, 98.1276626587]]}, "spectral_flux": {"min": 6.35422409134e-11, "max": 0.195055648685, "dvar2": 0.000616680074017, "median": 0.075176641345, "dmean2": 0.0263773035258, "dmean": 0.0174682065845, "var": 0.00132786575705, "dvar": 0.000293911522022, "mean": 0.0756293535233}, "silence_rate_30dB": {"min": 1, "max": 1, "dvar2": 0, "median": 1, "dmean2": 0, "dmean": 0, "var": 0, "dvar": 0, "mean": 1}, "spectral_energyband_middle_high": {"min": 1.03219861984e-21, "max": 0.0505345389247, "dvar2": 2.53981306741e-05, "median": 0.00681013148278, "dmean2": 0.00353583018295, "dmean": 0.00248201587237, "var": 6.07256806688e-05, "dvar": 1.10300479719e-05, "mean": 0.00904360413551}, "barkbands_spread": {"min": 2.71401429176, "max": 91.9326629639, "dvar2": 88.1154327393, "median": 27.4684391022, "dmean2": 8.67566776276, "dmean": 5.71025753021, "var": 154.017486572, "dvar": 43.6580619812, "mean": 28.7017555237}, "spectral_centroid": {"min": 258.417999268, "max": 11795.2958984, "dvar2": 189926.296875, "median": 1843.12939453, "dmean2": 374.062744141, "dmean": 252.065841675, "var": 1092166.125, "dvar": 97209.1484375, "mean": 1897.6270752}, "pitch_salience": {"min": 0.165117412806, "max": 0.848766982555, "dvar2": 0.00656183483079, "median": 0.565557897091, "dmean2": 0.0951862186193, "dmean": 0.0601838752627, "var": 0.010186935775, "dvar": 0.00286427675746, "mean": 0.5641258955}, "erbbands_skewness": {"min": -2.77555561066, "max": 2.75552940369, "dvar2": 0.18387234211, "median": -0.18104827404, "dmean2": 0.470876604319, "dmean": 0.312121063471, "var": 0.495088011026, "dvar": 0.0793504193425, "mean": -0.266673266888}, "erbbands_crest": {"min": 2.3807451725, "max": 27.5751857758, "dvar2": 10.8287734985, "median": 7.75311279297, "dmean2": 3.63351774216, "dmean": 2.25101590157, "var": 12.5063304901, "dvar": 4.35059690475, "mean": 8.46708202362}, "melbands": {"min": [1.07247661521e-24, 9.77908660144e-25, 2.0932721915e-24, 1.77933059756e-24, 1.46329408487e-24, 1.41464365234e-24, 2.50802744812e-24, 1.69054627483e-24, 2.77807504636e-24, 2.03624030907e-24, 2.59766650164e-24, 2.53403422001e-24, 1.52164859122e-24, 3.46688472297e-24, 2.86146395493e-24, 2.12068510796e-24, 3.32150830776e-24, 3.75997060952e-24, 2.8132836835e-24, 3.59358998385e-24, 4.30447632732e-24, 4.15505897213e-24, 4.29847704014e-24, 5.0029570442e-24, 4.93280048846e-24, 3.90586136204e-24, 4.91680396702e-24, 5.52905548164e-24, 5.43065849435e-24, 5.19886946672e-24, 6.20319747301e-24, 4.62091920198e-24, 4.96494459819e-24, 6.18480518101e-24, 5.00738768148e-24, 6.09162414202e-24, 6.36915803025e-24, 6.07599089103e-24, 6.20966139927e-24, 6.63775018012e-24], "max": [0.00308615528047, 0.00831883121282, 0.007501041051, 0.00669467868283, 0.00525148678571, 0.00528595317155, 0.00837504677474, 0.00815512239933, 0.00602667406201, 0.00415273196995, 0.00329404720105, 0.00401641707867, 0.00408215587959, 0.0064708054997, 0.00398315023631, 0.00226542004384, 0.0012370692566, 0.00316210859455, 0.00174189452082, 0.00111511547584, 0.00193161237985, 0.000801985617727, 0.000589994655456, 0.000558700354304, 0.000508600962348, 0.000580755178817, 0.000339500140399, 0.000189719183254, 0.0001855296141, 0.000150029096403, 0.000204119744012, 0.000373591348762, 0.000159721035743, 0.000109382119263, 0.000115916496725, 0.000119129937957, 8.54680911289e-05, 8.27350158943e-05, 3.66467902495e-05, 2.79067808151e-05], "dvar2": [1.52780430085e-07, 9.76220007942e-07, 5.79088862196e-07, 3.25961224235e-07, 2.96984552506e-07, 1.13617524278e-07, 1.00815057635e-07, 2.00081771595e-07, 2.18797325147e-07, 9.95714586338e-08, 5.53949597304e-08, 7.44681685205e-08, 1.19806557564e-07, 1.3637273355e-07, 3.90074887946e-08, 1.53591148688e-08, 1.54974326705e-08, 2.45106210883e-08, 2.21981970583e-08, 6.77165612473e-09, 1.02417256898e-08, 4.79798023534e-09, 3.56372975574e-09, 2.5486950328e-09, 5.18744491806e-10, 6.07675132436e-10, 6.56822096712e-10, 2.51424270292e-10, 6.76699321578e-11, 9.5047969495e-11, 1.45408657337e-10, 1.40226863454e-09, 1.60502736102e-10, 5.03250531525e-11, 1.49708356822e-10, 3.40377344366e-11, 2.43845083014e-11, 1.62615095001e-11, 5.2020696778e-12, 7.11272490558e-12], "median": [0.000127695093397, 0.000669707311317, 0.000562795728911, 0.000150085485075, 0.000114843409392, 7.3689079727e-05, 6.05145614827e-05, 7.9880352132e-05, 9.05463966774e-05, 8.80923471414e-05, 7.12961336831e-05, 5.17925000167e-05, 3.90909553971e-05, 3.05980611301e-05, 3.32327763317e-05, 1.94705098693e-05, 2.23414499487e-05, 3.62407081411e-05, 4.1442715883e-05, 2.42753885686e-05, 2.56008061115e-05, 3.19884020428e-05, 2.87285201921e-05, 1.77097936103e-05, 9.01439852896e-06, 9.85318547464e-06, 8.61170792632e-06, 5.35368144483e-06, 2.17844012695e-06, 1.16476246603e-06, 1.48236188124e-06, 2.19833509618e-06, 1.13581938876e-06, 8.75609259765e-07, 1.04303637727e-06, 3.81000035077e-07, 2.68999940545e-07, 2.44169939378e-07, 2.2268065436e-07, 2.29781804251e-07], "dmean2": [0.000250620272709, 0.00076728395652, 0.000578378327191, 0.000299755280139, 0.00029171424103, 0.000162056443514, 0.000140055199154, 0.000211556034628, 0.000218457964365, 0.000154456953169, 0.000113028960186, 0.00013310428767, 0.000111534813186, 0.000103176709672, 7.68608806538e-05, 5.39879729331e-05, 6.27989938948e-05, 8.15430248622e-05, 7.82036513556e-05, 4.21968761657e-05, 4.78262045362e-05, 4.36921000073e-05, 3.71814749087e-05, 3.09979295707e-05, 1.23153213281e-05, 1.22259425552e-05, 1.39927851706e-05, 9.15354303288e-06, 4.19381467509e-06, 3.83355973099e-06, 4.83258418171e-06, 1.25441865748e-05, 4.6500776989e-06, 2.52980566984e-06, 4.90906040795e-06, 1.52193263148e-06, 1.22931555779e-06, 1.01000000541e-06, 7.10797678494e-07, 9.90140620161e-07], "dmean": [0.000161263218615, 0.000450529332738, 0.000341291975928, 0.000179949653102, 0.000184055301361, 0.000103519319964, 8.80696607055e-05, 0.000130745625938, 0.00013769340876, 9.82529163593e-05, 7.14013949619e-05, 8.57782142702e-05, 7.20772150089e-05, 6.52818853268e-05, 4.88179575768e-05, 3.42637613358e-05, 3.93730406358e-05, 5.18343804288e-05, 4.98156477988e-05, 2.80351632682e-05, 3.21334046021e-05, 2.84509387711e-05, 2.40045392275e-05, 1.99544483621e-05, 7.8721814134e-06, 8.00857105787e-06, 9.33045794227e-06, 6.19987986283e-06, 2.82593987322e-06, 2.56626890405e-06, 3.30519173986e-06, 8.1142406998e-06, 3.08868152388e-06, 1.73153421201e-06, 3.22479195347e-06, 1.04590571937e-06, 8.52836365084e-07, 6.87702481628e-07, 4.90695185817e-07, 6.82641655203e-07], "var": [1.52597252168e-07, 1.3833059711e-06, 4.40377050381e-07, 1.86648264844e-07, 2.60944347019e-07, 1.08201440696e-07, 1.20841605167e-07, 1.44372577893e-07, 1.66657500245e-07, 6.64129160555e-08, 4.836010703e-08, 7.13278325293e-08, 9.81258452271e-08, 1.21980477275e-07, 3.10429513206e-08, 1.40999727449e-08, 1.90066575811e-08, 2.74741349671e-08, 2.36597887948e-08, 7.92131160665e-09, 1.71789764636e-08, 5.8698392813e-09, 4.11333189732e-09, 3.02178371214e-09, 4.45370351709e-10, 6.08025962912e-10, 9.16249909277e-10, 4.05103894874e-10, 8.13763084695e-11, 6.44986911102e-11, 1.12626942494e-10, 7.0917477446e-10, 9.82016343243e-11, 3.40027762891e-11, 9.72003311173e-11, 2.04326607717e-11, 1.4430105548e-11, 7.70461125454e-12, 3.41499636729e-12, 4.88477270785e-12], "dvar": [7.41080796729e-08, 3.49956678747e-07, 2.058192905e-07, 1.25144708818e-07, 1.23501948224e-07, 5.01906853856e-08, 4.47544294957e-08, 8.33677731293e-08, 8.88240307972e-08, 4.13894198914e-08, 2.10567367986e-08, 3.12227221855e-08, 4.59675284503e-08, 5.34459907442e-08, 1.49659573623e-08, 6.26945340088e-09, 6.29342800096e-09, 1.04430952774e-08, 9.25520460271e-09, 3.064728471e-09, 4.46707382196e-09, 2.10310435733e-09, 1.54766444105e-09, 1.0543410589e-09, 2.11514222803e-10, 2.60202887015e-10, 2.91918988982e-10, 1.18021051265e-10, 3.34411109915e-11, 4.34267170835e-11, 7.19094922497e-11, 6.05311412105e-10, 7.3634577602e-11, 2.3711239569e-11, 6.61105753474e-11, 1.56024845821e-11, 1.12032015609e-11, 6.76705653319e-12, 2.27467372195e-12, 3.17153790209e-12], "mean": [0.000273762794677, 0.00108615681529, 0.000722311902791, 0.000279735628283, 0.000304010114633, 0.000188201462151, 0.00016183849948, 0.000204465774004, 0.000222475413466, 0.00016270436754, 0.000142625052831, 0.000153251283336, 0.000130627275212, 0.000113051013614, 8.61246007844e-05, 5.90558920521e-05, 7.41678668419e-05, 9.99952098937e-05, 9.38812954701e-05, 5.53171412321e-05, 7.00758246239e-05, 5.93629374634e-05, 5.08142766193e-05, 4.0977520257e-05, 1.59274277394e-05, 1.70805524249e-05, 1.99543737835e-05, 1.38336545206e-05, 5.47664831174e-06, 3.70797783944e-06, 4.82922496303e-06, 9.98083578452e-06, 4.11221981267e-06, 2.61457466877e-06, 4.43068392997e-06, 1.405049602e-06, 1.11222072974e-06, 9.66408038039e-07, 8.15948567379e-07, 9.8344048638e-07]}, "barkbands_skewness": {"min": -2.28423976898, "max": 5.15848684311, "dvar2": 0.269616991282, "median": 0.452879905701, "dmean2": 0.542907655239, "dmean": 0.361648023129, "var": 0.75684016943, "dvar": 0.12435901165, "mean": 0.540398597717}, "spectral_entropy": {"min": 5.55758714676, "max": 9.82214927673, "dvar2": 0.0417785644531, "median": 7.5850276947, "dmean2": 0.20041616261, "dmean": 0.148802340031, "var": 0.184781134129, "dvar": 0.0232066810131, "mean": 7.60509634018}, "spectral_rolloff": {"min": 129.19921875, "max": 19422.9492188, "dvar2": 1477432.75, "median": 2110.25390625, "dmean2": 853.332519531, "dmean": 541.597839355, "var": 4033700.5, "dvar": 764060.125, "mean": 2419.6472168}, "barkbands": {"min": [8.21751671803e-25, 3.53195154816e-24, 1.60312687868e-24, 1.25406145015e-24, 1.37147554672e-23, 5.27126954288e-24, 1.08554612742e-23, 1.28459371984e-23, 1.42200603201e-23, 1.94007418097e-23, 1.16628083459e-23, 2.36241043034e-23, 2.59766216291e-23, 4.21540572697e-23, 3.68326224841e-23, 6.55527761238e-23, 6.34188505772e-23, 1.11218368827e-22, 1.33508839084e-22, 2.18622210213e-22, 2.2895997363e-22, 2.83892157614e-22, 4.65177164665e-22, 5.97782284695e-22, 9.01469246963e-22, 1.35274312314e-21, 2.05866614628e-21], "max": [0.000518087879755, 0.0110392514616, 0.0197815708816, 0.0186353884637, 0.0245513021946, 0.0277501270175, 0.0350201576948, 0.0534602403641, 0.0228111576289, 0.0187611114234, 0.0348872952163, 0.0431455560029, 0.0296400301158, 0.0187472105026, 0.0206614583731, 0.0240208078176, 0.0125293284655, 0.00830838084221, 0.0143665764481, 0.00674657197669, 0.00612868461758, 0.00986359640956, 0.00581994280219, 0.00547160487622, 0.00481511745602, 0.000191261235159, 1.83500960702e-05], "dvar2": [2.52841880766e-09, 2.49276445174e-06, 6.67062840876e-06, 3.73144871446e-06, 7.25604559193e-06, 3.74732098862e-06, 2.18845366362e-06, 8.93405103852e-06, 5.07912500325e-06, 2.90449975182e-06, 7.04557351128e-06, 6.80452012602e-06, 2.717424195e-06, 2.32941692957e-06, 3.47703212356e-06, 1.72353236394e-06, 1.40506040225e-06, 7.18724322724e-07, 3.41288853178e-07, 2.6631852279e-07, 1.33228397203e-07, 1.08508913854e-06, 2.19192273221e-07, 1.07475024436e-07, 2.12540314237e-07, 4.0011136071e-10, 3.83413873567e-12], "median": [2.54870192293e-05, 0.000694924267009, 0.00159137754235, 0.000936073483899, 0.000606123241596, 0.000387974549085, 0.000269489479251, 0.000411942979554, 0.000699329655617, 0.00034653392504, 0.000228957869695, 0.000290971453069, 0.00029205827741, 0.00026354304282, 0.000577559112571, 0.000318679085467, 0.000553765683435, 0.000367924978491, 0.000267736089882, 0.000199278336368, 5.85840389249e-05, 8.54329628055e-05, 5.56801751372e-05, 2.27700056712e-05, 3.15355791827e-05, 1.20302206597e-06, 2.40924258321e-08], "dmean2": [3.0615603464e-05, 0.00117557204794, 0.00195879070088, 0.00137308030389, 0.0015107053332, 0.000898802652955, 0.000675280520227, 0.00137517577969, 0.00113536044955, 0.000830289965961, 0.000806608411949, 0.000816572050098, 0.000732834101655, 0.000787645461969, 0.00102200801484, 0.000637958873995, 0.000751499901526, 0.000566640228499, 0.000296212936519, 0.000301618565572, 0.000151623506099, 0.000371071801055, 0.000186049903277, 8.49196512718e-05, 0.000163585078553, 7.45965371607e-06, 5.6401808024e-07], "dmean": [1.93611303985e-05, 0.000717573217116, 0.00115208758507, 0.000804291223176, 0.00092646968551, 0.000573364901356, 0.000424245808972, 0.000852683733683, 0.000721760676242, 0.000527156167664, 0.000522398680914, 0.000516060215887, 0.000464600132545, 0.000493781117257, 0.000654005503748, 0.000416093418607, 0.000491219805554, 0.000366679189028, 0.000194954904146, 0.000206563578104, 0.000104699669464, 0.000247121352004, 0.000126846309286, 5.95154342591e-05, 0.000112459834781, 5.09952224093e-06, 3.2165939956e-07], "var": [2.12968309654e-09, 2.30349451158e-06, 8.6301133706e-06, 2.70467739938e-06, 5.3733324421e-06, 3.25754149344e-06, 2.37298559114e-06, 6.81162509863e-06, 3.56246209776e-06, 2.83810254587e-06, 6.07551146459e-06, 6.08514710621e-06, 2.28156886806e-06, 2.79439336737e-06, 3.69805729861e-06, 2.63064293904e-06, 1.75696720817e-06, 9.09045866138e-07, 3.55379000894e-07, 4.45558470119e-07, 1.16539283113e-07, 6.29372834737e-07, 1.58342729151e-07, 6.28654746038e-08, 1.27515136228e-07, 2.21891283125e-10, 1.09552829048e-12], "dvar": [1.169712327e-09, 1.01200942026e-06, 2.45910723606e-06, 1.31161823447e-06, 2.88453657049e-06, 1.61984928582e-06, 9.72626708062e-07, 3.72494650946e-06, 2.11207793654e-06, 1.16208786949e-06, 2.78929951492e-06, 2.67491464001e-06, 1.05674973838e-06, 9.47711043864e-07, 1.45747026181e-06, 7.2412552754e-07, 6.26680616733e-07, 3.04535632267e-07, 1.47019946439e-07, 1.26283424606e-07, 6.72822579872e-08, 4.89412741445e-07, 1.02190988116e-07, 4.85578368625e-08, 9.65383648577e-08, 1.78214276669e-10, 1.42253602561e-12], "mean": [4.01895631512e-05, 0.00128137331922, 0.0026102787815, 0.00144988670945, 0.00143549323548, 0.00100072077475, 0.000733617460355, 0.00128059450071, 0.00124091946054, 0.000949983950704, 0.000905540247913, 0.000897677033208, 0.000799882342108, 0.000922205741517, 0.00125935557298, 0.000892803189345, 0.00103086221498, 0.000774323765654, 0.000443324242951, 0.000479000882478, 0.000167327336385, 0.000327930989442, 0.000186636461876, 8.52163066156e-05, 0.000148075268953, 6.21848994342e-06, 2.70382031431e-07]}, "melbands_flatness_db": {"min": 0.00308155966923, "max": 0.384996801615, "dvar2": 0.000855724618305, "median": 0.147186785936, "dmean2": 0.0309119615704, "dmean": 0.021717172116, "var": 0.00334325386211, "dvar": 0.000462781928945, "mean": 0.155373737216}, "melbands_skewness": {"min": -1.49751031399, "max": 8.83041000366, "dvar2": 0.436714738607, "median": 1.33527183533, "dmean2": 0.680013716221, "dmean": 0.449442863464, "var": 1.25970804691, "dvar": 0.196256607771, "mean": 1.51008212566}, "silence_rate_60dB": {"min": 0, "max": 1, "dvar2": 0.0140394652262, "median": 0, "dmean2": 0.0117330728099, "dmean": 0.00586581928656, "var": 0.0640585198998, "dvar": 0.00583133893088, "mean": 0.0687927678227}, "spectral_energyband_low": {"min": 1.94447839141e-23, "max": 0.0278996024281, "dvar2": 1.28174769998e-05, "median": 0.00393778225407, "dmean2": 0.00303261145018, "dmean": 0.0018046903424, "var": 1.65792171174e-05, "dvar": 4.68977259516e-06, "mean": 0.0048342263326}, "spectral_energyband_middle_low": {"min": 1.04595073734e-22, "max": 0.0544124320149, "dvar2": 2.82682321995e-05, "median": 0.00597090553492, "dmean2": 0.00421095080674, "dmean": 0.00264539057389, "var": 3.15534343827e-05, "dvar": 1.18318812383e-05, "mean": 0.00734161259606}, "melbands_kurtosis": {"min": -1.79880309105, "max": 96.8882827759, "dvar2": 31.9941310883, "median": 1.4744143486, "dmean2": 3.53631949425, "dmean": 2.27277708054, "var": 40.906917572, "dvar": 13.7694416046, "mean": 3.63277077675}, "spectral_decrease": {"min": -1.57926347555e-08, "max": 1.53077774953e-28, "dvar2": 3.44729526194e-18, "median": -5.06663289102e-09, "dmean2": 1.76674297414e-09, "dmean": 1.12922482476e-09, "var": 6.75943127975e-18, "dvar": 1.44722217163e-18, "mean": -4.99848784585e-09}, "erbbands_kurtosis": {"min": -1.60760784149, "max": 16.2277812958, "dvar2": 2.37026238441, "median": 0.117309756577, "dmean2": 1.20906400681, "dmean": 0.778084993362, "var": 3.03154373169, "dvar": 1.00798916817, "mean": 0.598206698895}, "melbands_crest": {"min": 1.67661058903, "max": 30.7195262909, "dvar2": 16.6980934143, "median": 11.4710578918, "dmean2": 4.69882392883, "dmean": 2.89923167229, "var": 29.7252616882, "dvar": 7.14499187469, "mean": 12.4916505814}, "mfcc": {"mean": [-637.543701172, 111.555015564, -26.1119289398, 20.1960124969, 6.21847391129, 1.78555214405, -3.0658018589, 8.36125946045, 2.6581788063, 2.34725141525, 0.436406940222, -6.45461797714, -0.0895406231284], "icov": [[0.000107967833173, -1.72845502675e-05, 1.77555411938e-05, -0.000137287512189, 0.000157307556947, -1.63833374245e-05, 0.000128106912598, -0.000133338966407, -3.05681533064e-06, 8.48571944516e-05, 6.36593613308e-05, 0.000178300077096, 0.000104610408016], [-1.72845502675e-05, 0.000928405788727, 0.000354725401849, -0.000125982478494, -0.000421726028435, 7.73919018684e-05, -0.000310868286761, -0.000872919685207, 6.656433834e-05, -0.000282220193185, -0.000318843405694, -0.000146938211401, 9.73926507868e-05], [1.77555411938e-05, 0.000354725401849, 0.00215848581865, -0.000276160164503, 0.000185256794794, -0.00123078550678, 0.00072025944246, -0.000728836341295, -0.000868958304636, 0.00091610988602, -0.000199462272576, -0.000513461185619, 3.52528732037e-05], [-0.000137287512189, -0.000125982478494, -0.000276160164503, 0.00558506930247, -0.00298781995662, 0.0012891641818, 0.000425739999628, -0.000602486135904, -0.000437214504927, -0.000512423517648, 0.00147442775778, -0.000411898596212, -0.00134224700741], [0.000157307556947, -0.000421726028435, 0.000185256794794, -0.00298781995662, 0.00866991933435, -0.00096091220621, -0.000346731219906, 0.000911965034902, -0.0010205124272, -0.00072117667878, 0.00169436191209, 0.000100181874586, -0.000976284674834], [-1.63833374245e-05, 7.73919018684e-05, -0.00123078550678, 0.0012891641818, -0.00096091220621, 0.00741324340925, -0.00195548636839, -0.00144136033487, 0.000284597685095, 0.00162184867077, -0.00191523181275, 0.000717158371117, 0.00112779799383], [0.000128106912598, -0.000310868286761, 0.00072025944246, 0.000425739999628, -0.000346731219906, -0.00195548636839, 0.0086533613503, -0.00301618338563, 0.00160456646699, -0.00328985718079, 0.00154556834605, 7.19253803254e-05, 0.000517005857546], [-0.000133338966407, -0.000872919685207, -0.000728836341295, -0.000602486135904, 0.000911965034902, -0.00144136033487, -0.00301618338563, 0.0148355877027, -0.00399698503315, -0.00102535216138, 0.000367742875824, 0.000897711375728, -0.00388180860318], [-3.05681533064e-06, 6.656433834e-05, -0.000868958304636, -0.000437214504927, -0.0010205124272, 0.000284597685095, 0.00160456646699, -0.00399698503315, 0.0106689762324, -0.00261059612967, 0.00182272330858, -0.000230436169659, -0.000340628816048], [8.48571944516e-05, -0.000282220193185, 0.00091610988602, -0.000512423517648, -0.00072117667878, 0.00162184867077, -0.00328985718079, -0.00102535216138, -0.00261059612967, 0.014828809537, -0.00465091178194, -0.000141066353535, 0.00252256519161], [6.36593613308e-05, -0.000318843405694, -0.000199462272576, 0.00147442775778, 0.00169436191209, -0.00191523181275, 0.00154556834605, 0.000367742875824, 0.00182272330858, -0.00465091178194, 0.0127784069628, -0.000684952712618, -0.00214452156797], [0.000178300077096, -0.000146938211401, -0.000513461185619, -0.000411898596212, 0.000100181874586, 0.000717158371117, 7.19253803254e-05, 0.000897711375728, -0.000230436169659, -0.000141066353535, -0.000684952712618, 0.014137012884, -0.00340887298808], [0.000104610408016, 9.73926507868e-05, 3.52528732037e-05, -0.00134224700741, -0.000976284674834, 0.00112779799383, 0.000517005857546, -0.00388180860318, -0.000340628816048, 0.00252256519161, -0.00214452156797, -0.00340887298808, 0.0147203775123]], "cov": [[10478.0410156, 99.4258651733, 13.6631717682, 230.298080444, -112.950431824, -45.8077392578, -174.462997437, 78.0276412964, 47.7462120056, -101.977958679, -111.384414673, -145.635269165, -62.8035545349], [99.4258651733, 1439.42407227, -287.591125488, 101.124160767, 109.944458008, -31.1671333313, 134.638931274, 112.414581299, 27.6064224243, 101.175689697, 17.3758220673, 6.71121025085, 21.660692215], [13.6631717682, -287.591125488, 658.859741211, 5.76882839203, -17.4051113129, 103.395988464, -69.956451416, 27.2124233246, 57.1261558533, -64.6190719604, 0.265171915293, 19.1240520477, 18.1734733582], [230.298080444, 101.124160767, 5.76882839203, 294.928833008, 113.254592896, -58.4490470886, -12.6979160309, 30.0332164764, 49.8960113525, 7.12157821655, -52.5224380493, 15.4437093735, 40.7870445251], [-112.950431824, 109.944458008, -17.4051113129, 113.254592896, 173.60269165, -11.0762434006, 15.2756052017, 16.5578231812, 33.1433372498, 13.8423719406, -32.5948905945, 7.86651611328, 22.1039276123], [-45.8077392578, -31.1671333313, 103.395988464, -58.4490470886, -11.0762434006, 186.95942688, 35.9588356018, 21.1632118225, -5.12079906464, -10.8442497253, 26.4340248108, -10.5869054794, -12.6468296051], [-174.462997437, 134.638931274, -69.956451416, -12.6979160309, 15.2756052017, 35.9588356018, 170.506881714, 39.3026046753, -7.15722894669, 45.3807640076, 2.26638936996, -5.84195566177, -6.97241973877], [78.0276412964, 112.414581299, 27.2124233246, 30.0332164764, 16.5578231812, 21.1632118225, 39.3026046753, 105.771209717, 43.2123718262, 18.0517578125, -2.79969525337, 0.724666774273, 25.0300636292], [47.7462120056, 27.6064224243, 57.1261558533, 49.8960113525, 33.1433372498, -5.12079906464, -7.15722894669, 43.2123718262, 128.682388306, 15.7581415176, -19.4117794037, 5.93237018585, 16.9510765076], [-101.977958679, 101.175689697, -64.6190719604, 7.12157821655, 13.8423719406, -10.8442497253, 45.3807640076, 18.0517578125, 15.7581415176, 98.9918136597, 24.2860202789, -0.0661839619279, -7.30162334442], [-111.384414673, 17.3758220673, 0.265171915293, -52.5224380493, -32.5948905945, 26.4340248108, 2.26638936996, -2.79969525337, -19.4117794037, 24.2860202789, 105.737503052, 4.84447288513, 2.79706048965], [-145.635269165, 6.71121025085, 19.1240520477, 15.4437093735, 7.86651611328, -10.5869054794, -5.84195566177, 0.724666774273, 5.93237018585, -0.0661839619279, 4.84447288513, 80.2549591064, 23.5214996338], [-62.8035545349, 21.660692215, 18.1734733582, 40.7870445251, 22.1039276123, -12.6468296051, -6.97241973877, 25.0300636292, 16.9510765076, -7.30162334442, 2.79706048965, 23.5214996338, 88.6898727417]]}, "spectral_energy": {"min": 9.97291274877e-21, "max": 0.0658819228411, "dvar2": 5.9119087382e-05, "median": 0.0215907655656, "dmean2": 0.00731046870351, "dmean": 0.00476712826639, "var": 0.000125685881358, "dvar": 2.59340213233e-05, "mean": 0.0213496945798}, "melbands_spread": {"min": 2.40532970428, "max": 205.086624146, "dvar2": 250.753295898, "median": 37.0968704224, "dmean2": 13.5227870941, "dmean": 8.93929672241, "var": 497.07220459, "dvar": 121.845344543, "mean": 40.1097145081}, "erbbands_flatness_db": {"min": 0.0595832727849, "max": 0.441833645105, "dvar2": 0.000434931949712, "median": 0.175616651773, "dmean2": 0.0225360002369, "dmean": 0.0156079279259, "var": 0.00200065807439, "dvar": 0.000220707035623, "mean": 0.176818862557}, "spectral_contrast_valleys": {"min": [-28.3615341187, -27.9931259155, -27.6519088745, -27.7263660431, -27.5714893341, -27.397403717], "max": [-5.89997434616, -4.97683668137, -5.52763080597, -5.52193450928, -5.59721326828, -7.4222445488], "dvar2": [0.349428355694, 0.238652601838, 0.184050962329, 0.172511950135, 0.170660182834, 0.251886993647], "median": [-7.61775588989, -6.74707698822, -7.10035514832, -7.38487625122, -7.34164190292, -10.1749706268], "dmean2": [0.727797031403, 0.574578523636, 0.481156289577, 0.425846934319, 0.387543171644, 0.446254909039], "dmean": [0.438062697649, 0.357037931681, 0.305986851454, 0.279441535473, 0.279339373112, 0.353894263506], "var": [4.72629022598, 4.81263971329, 4.59922742844, 4.41189575195, 4.60593748093, 4.14659500122], "dvar": [0.144029274583, 0.110835410655, 0.0908858180046, 0.091430336237, 0.098783172667, 0.154470309615], "mean": [-7.98512458801, -7.08612298965, -7.44140815735, -7.69665575027, -7.69144105911, -10.4882249832]}, "barkbands_flatness_db": {"min": 0.0258130189031, "max": 0.349653303623, "dvar2": 0.000556420243811, "median": 0.109911218286, "dmean2": 0.0250384919345, "dmean": 0.0167123600841, "var": 0.0017581905704, "dvar": 0.000271326949587, "mean": 0.115778900683}, "zerocrossingrate": {"min": 0.0078125, "max": 0.52490234375, "dvar2": 0.0002892097109, "median": 0.07373046875, "dmean2": 0.013172195293, "dmean": 0.0119126783684, "var": 0.00275477441028, "dvar": 0.000221625319682, "mean": 0.0811721011996}, "spectral_skewness": {"min": -0.0848087146878, "max": 4.12372493744, "dvar2": 0.125671461225, "median": 1.45605254173, "dmean2": 0.349010109901, "dmean": 0.215562433004, "va