{"lowlevel": {"spectral_complexity": {"min": 0, "max": 56, "dvar2": 27.0997962952, "median": 23, "dmean2": 5.28052806854, "dmean": 3.70398426056, "var": 91.1461486816, "dvar": 15.4425935745, "mean": 22.9494075775}, "silence_rate_20dB": {"min": 1, "max": 1, "dvar2": 0, "median": 1, "dmean2": 0, "dmean": 0, "var": 0, "dvar": 0, "mean": 1}, "average_loudness": 0.954891443253, "erbbands_spread": {"min": 3.62512254715, "max": 118.139190674, "dvar2": 97.8712539673, "median": 28.9753398895, "dmean2": 9.35659503937, "dmean": 6.17118930817, "var": 192.299026489, "dvar": 44.3602409363, "mean": 31.0288696289}, "spectral_kurtosis": {"min": -1.24654746056, "max": 42.7066802979, "dvar2": 16.0293369293, "median": 4.18011808395, "dmean2": 2.9617061615, "dmean": 1.77141869068, "var": 10.4386558533, "dvar": 5.52734565735, "mean": 4.77794599533}, "barkbands_kurtosis": {"min": -1.86494350433, "max": 30.297088623, "dvar2": 5.48006677628, "median": -0.403829723597, "dmean2": 1.46948301792, "dmean": 0.929562985897, "var": 6.11129045486, "dvar": 2.36792516708, "mean": 0.33412578702}, "spectral_strongpeak": {"min": 0, "max": 13.2766990662, "dvar2": 3.7687664032, "median": 0.486335366964, "dmean2": 1.28827667236, "dmean": 0.751496732235, "var": 2.89424800873, "dvar": 1.47128283978, "mean": 1.32844817638}, "spectral_spread": {"min": 1187499.25, "max": 41726452, "dvar2": 1056645709820.0, "median": 3615089.75, "dmean2": 697074.125, "dmean": 502061.0625, "var": 8788021084160.0, "dvar": 586206478336, "mean": 4084142.25}, "spectral_rms": {"min": 3.12371439479e-12, "max": 0.00793631840497, "dvar2": 5.08162031565e-07, "median": 0.0045703058131, "dmean2": 0.000745253870264, "dmean": 0.000493660569191, "var": 2.13451903619e-06, "dvar": 2.44045082809e-07, "mean": 0.00430417386815}, "dynamic_complexity": 3.23257708549, "erbbands": {"min": [5.78646892028e-23, 2.99170891357e-22, 2.95209350536e-21, 7.95236092831e-21, 1.09418368985e-20, 2.28742758949e-20, 1.58403277846e-20, 9.95364784155e-20, 1.16774224447e-19, 1.79685135742e-19, 3.92775288439e-19, 2.73728333559e-19, 5.96204126676e-19, 9.4968657826e-19, 8.96433517604e-19, 1.32612251636e-18, 1.87524367767e-18, 2.08217242047e-18, 1.9513837919e-18, 3.71536278498e-18, 4.86596398601e-18, 4.6280258964e-18, 7.29952645301e-18, 6.82127461107e-18, 5.89726423601e-18, 9.36297812186e-18, 1.08029184158e-17, 1.12410139477e-17, 1.06109893526e-17, 1.06272004382e-17, 1.22873271122e-17, 1.16208304695e-17, 1.03786963571e-17, 8.90814872614e-18, 6.47620298365e-18, 4.58440121807e-18, 2.17612752356e-18, 9.43395249316e-19, 2.49980805354e-19, 2.76680347295e-20], "max": [0.35794532299, 3.23037910461, 22.7872180939, 49.9279251099, 78.2763824463, 125.059448242, 184.970397949, 281.565734863, 675.059265137, 487.68939209, 809.213378906, 707.688659668, 634.318969727, 1009.1776123, 914.413146973, 1597.63317871, 915.049194336, 604.390869141, 1407.15332031, 1309.38720703, 1485.06665039, 842.406188965, 585.618713379, 577.004455566, 524.322509766, 253.548965454, 274.961883545, 498.217895508, 670.269775391, 185.024810791, 193.510513306, 169.611480713, 74.3365783691, 33.4782524109, 57.151386261, 2.73887658119, 0.343642294407, 0.0632871836424, 0.00200567836873, 0.000902533240151], "dvar2": [0.00192208040971, 0.159896299243, 5.47371053696, 22.8981189728, 28.1347103119, 150.116668701, 273.923950195, 239.033554077, 727.289245605, 887.611206055, 3467.12402344, 2695.69677734, 1936.72387695, 4102.07763672, 7024.64697266, 6677.18994141, 3957.80004883, 3480.94702148, 6510.20458984, 6273.09570313, 5517.83300781, 4296.99707031, 2413.69262695, 617.866821289, 892.664611816, 536.922180176, 158.472061157, 429.940551758, 2986.23217773, 196.321136475, 276.592590332, 81.0486831665, 20.2156028748, 8.80343914032, 26.5047092438, 0.0502525307238, 0.00135815073736, 3.17897756759e-05, 2.74290172797e-08, 9.04717245565e-10], "median": [0.00705163227394, 0.217940434813, 1.48070299625, 3.20709180832, 2.14098906517, 2.01863074303, 3.05918192863, 3.25780558586, 4.237449646, 6.70864295959, 10.5848865509, 13.3309030533, 14.5372867584, 13.1496953964, 12.2738437653, 14.063788414, 12.8039417267, 13.0407390594, 26.2405490875, 28.5716590881, 22.7991199493, 31.9860553741, 27.4979724884, 14.3389520645, 14.5599632263, 9.32320308685, 3.66973471642, 2.72951436043, 3.60709357262, 1.84843742847, 1.54943680763, 0.573495328426, 0.377144575119, 0.32863086462, 0.191481992602, 0.0165504086763, 0.00174565881025, 0.000191653409274, 2.3759139367e-05, 2.93588163913e-05], "dmean2": [0.0219683032483, 0.318842828274, 1.84284591675, 3.63077545166, 3.15949249268, 6.08246469498, 8.18689346313, 7.11690425873, 9.5791015625, 14.9547920227, 27.4090080261, 23.8294200897, 21.8113193512, 30.8391551971, 31.0736160278, 27.5332489014, 27.3771152496, 29.7242279053, 43.9373092651, 42.7049942017, 36.1876754761, 39.9412193298, 33.1771736145, 14.4228496552, 16.4802036285, 13.4965219498, 5.85336208344, 7.918612957, 18.1658573151, 5.14095497131, 6.27152204514, 2.16689324379, 1.25515627861, 1.10973846912, 1.66911149025, 0.0833610445261, 0.0132598327473, 0.00172920629848, 5.3172600019e-05, 1.31236411107e-05], "dmean": [0.015255369246, 0.188453778625, 1.08386683464, 2.13286495209, 1.87734472752, 3.67316555977, 5.17041921616, 4.57760667801, 6.06057691574, 9.28378486633, 17.1601772308, 15.2096309662, 13.7175273895, 19.8874835968, 19.9150867462, 17.5037536621, 17.422914505, 18.6362018585, 28.3666992188, 27.8872203827, 24.1167945862, 26.063123703, 21.5913105011, 9.48692321777, 11.1198062897, 9.30661582947, 4.0446395874, 5.5338973999, 11.879699707, 3.57308340073, 4.19874620438, 1.50843083858, 0.875560462475, 0.778015077114, 1.12675881386, 0.0590971671045, 0.00902739632875, 0.00112991593778, 3.61634629371e-05, 8.97650079423e-06], "var": [0.00211191130802, 0.154688730836, 9.5667886734, 18.1541748047, 17.0558643341, 82.5293579102, 211.490829468, 215.051956177, 633.843383789, 650.853393555, 2796.50170898, 1722.85876465, 1719.34558105, 4119.98291016, 6455.515625, 5861.46679688, 3503.07666016, 3895.4152832, 8179.05517578, 7191.85742188, 9965.12207031, 5393.57275391, 3519.90161133, 724.516113281, 1186.20507813, 926.291442871, 164.909927368, 324.861236572, 1493.31359863, 143.721603394, 173.343200684, 43.6499710083, 12.1472568512, 6.28168296814, 13.7124862671, 0.030619636178, 0.000680099939927, 1.25135165945e-05, 1.29491413148e-08, 5.62676516491e-10], "dvar": [0.00108663644642, 0.0580976232886, 2.13153982162, 8.20959663391, 10.5672645569, 58.2130050659, 113.091339111, 104.752586365, 291.610321045, 375.246704102, 1450.02355957, 1113.53515625, 741.354248047, 1719.74255371, 2771.73999023, 2584.31567383, 1529.62646484, 1357.16125488, 2809.66967773, 2883.55712891, 2424.41259766, 1811.61791992, 1051.9987793, 261.650939941, 403.53225708, 258.720855713, 77.8300170898, 211.224807739, 1284.85388184, 95.128364563, 121.44720459, 35.6531944275, 9.07434654236, 3.9762878418, 11.5931119919, 0.0227229837328, 0.000585853122175, 1.29870231831e-05, 1.15967608849e-08, 3.73814035282e-10], "mean": [0.0237650461495, 0.368574947119, 2.673402071, 4.27912282944, 3.29062318802, 5.19767379761, 8.43167877197, 8.12181854248, 11.161611557, 15.02090168, 27.4157333374, 25.2668647766, 27.8344955444, 36.8303833008, 37.4674224854, 33.865814209, 32.1018295288, 37.7861404419, 59.7046279907, 56.5473632813, 57.0105018616, 58.5555801392, 50.5693664551, 23.4647293091, 25.7476634979, 22.2597770691, 8.02493476868, 8.31567955017, 14.8861474991, 5.47053861618, 5.9478764534, 2.04528975487, 1.34437811375, 1.18238425255, 1.35007762909, 0.0780238881707, 0.0104246372357, 0.00118935317732, 5.30931938556e-05, 3.13605160045e-05]}, "spectral_contrast_coeffs": {"min": [-0.982128560543, -0.991781353951, -0.987636268139, -0.97440713644, -0.965821683407, -0.96385550499], "max": [-0.331279426813, -0.379450827837, -0.435183405876, -0.489264637232, -0.530875623226, -0.60702931881], "dvar2": [0.00473716948181, 0.00373205984943, 0.00240800902247, 0.00180932541844, 0.00104377605021, 0.000692784029525], "median": [-0.619465947151, -0.744134664536, -0.755548298359, -0.745558977127, -0.745119571686, -0.749702334404], "dmean2": [0.0853090360761, 0.0756081193686, 0.0599201917648, 0.052642531693, 0.0383638143539, 0.0299720913172], "dmean": [0.0507831834257, 0.0463390238583, 0.0372693426907, 0.0326582454145, 0.025359256193, 0.0193102695048], "var": [0.00638759648427, 0.00581554416567, 0.00471338676289, 0.00425752950832, 0.00407297210768, 0.00178643094841], "dvar": [0.0017316294834, 0.00149060285185, 0.000943646242376, 0.000760141934734, 0.000498266657814, 0.00031019403832], "mean": [-0.62247633934, -0.740219414234, -0.750053226948, -0.741019010544, -0.74027967453, -0.749298393726]}, "dissonance": {"min": 0, "max": 0.500000119209, "dvar2": 0.000652608461678, "median": 0.477189272642, "dmean2": 0.0226740445942, "dmean": 0.0134715493768, "var": 0.000400322896894, "dvar": 0.000234517632634, "mean": 0.472919970751}, "spectral_energyband_high": {"min": 6.94006634195e-21, "max": 0.022214403376, "dvar2": 4.23407209382e-06, "median": 0.00048615646665, "dmean2": 0.00090416072635, "dmean": 0.000656643067487, "var": 3.76213347408e-06, "dvar": 2.15055820263e-06, "mean": 0.00112025113776}, "gfcc": {"mean": [-15.7978191376, 91.5064086914, -149.395141602, 38.5807418823, -56.0173301697, 17.0935459137, -41.6725654602, 13.3874034882, -22.3439254761, -5.03584384918, -18.6375274658, -8.48297119141, -9.49226760864], "icov": [[0.000141050288221, -0.000276065984508, 0.000370263849618, -0.000424829806434, 0.00044957161299, -0.000234371371334, 0.000232251710258, -0.000396135350456, 0.000460540584754, -0.000175924869836, 0.000381296005799, -0.000285394082312, 0.000237418906181], [-0.000276065984508, 0.00214083027095, -0.000883966393303, 0.00123831874225, -0.001828025328, 0.000566839007661, -0.000404723949032, 0.000553325982764, -0.00146742002107, 0.00207418669015, -0.00160953227896, 0.00199133693241, -0.000183687821846], [0.000370263849618, -0.000883966393303, 0.00274403789081, -0.00169703201391, 0.000947959139012, -0.0010750151705, 0.00032621336868, -0.00114402058534, 0.000815699691884, -0.000921904167626, 0.00255190138705, -0.00220068288036, 0.00144524662755], [-0.000424829806434, 0.00123831874225, -0.00169703201391, 0.00560661591589, -0.00206196447834, 0.000263661699137, 0.00120563071687, -0.000366129068425, -0.00157656974625, 0.00197314145043, -0.00124486873392, 0.00167810008861, -0.00247016805224], [0.00044957161299, -0.001828025328, 0.000947959139012, -0.00206196447834, 0.00740179046988, -0.000509059347678, -0.00192375411279, -0.000752820284106, -0.000405714294175, -6.83095786371e-05, -0.000317694590194, -0.00048451978364, -0.00110427977052], [-0.000234371371334, 0.000566839007661, -0.0010750151705, 0.000263661699137, -0.000509059347678, 0.00610305089504, -0.00262811384164, 0.000594591198023, 0.00198494782671, -0.00158603489399, 0.000873828073964, -0.000193331608898, 0.000536598847248], [0.000232251710258, -0.000404723949032, 0.00032621336868, 0.00120563071687, -0.00192375411279, -0.00262811384164, 0.00969306658953, -0.00192180206068, -0.000143254641443, 0.00175551348366, -0.00183528894559, 0.00150567817036, 0.00194730213843], [-0.000396135350456, 0.000553325982764, -0.00114402058534, -0.000366129068425, -0.000752820284106, 0.000594591198023, -0.00192180206068, 0.0103500969708, -0.00366963702254, -0.00107745989226, 0.00076109659858, 0.00146438495722, -0.00181171041913], [0.000460540584754, -0.00146742002107, 0.000815699691884, -0.00157656974625, -0.000405714294175, 0.00198494782671, -0.000143254641443, -0.00366963702254, 0.0154381673783, -0.00437217997387, 0.00248303939588, -0.000879143190105, 0.000960519071668], [-0.000175924869836, 0.00207418669015, -0.000921904167626, 0.00197314145043, -6.83095786371e-05, -0.00158603489399, 0.00175551348366, -0.00107745989226, -0.00437217997387, 0.0180523395538, -0.004835548345, -0.00240275613032, 0.00353708351031], [0.000381296005799, -0.00160953227896, 0.00255190138705, -0.00124486873392, -0.000317694590194, 0.000873828073964, -0.00183528894559, 0.00076109659858, 0.00248303939588, -0.004835548345, 0.0135370399803, -0.00235973717645, -0.00135116826277], [-0.000285394082312, 0.00199133693241, -0.00220068288036, 0.00167810008861, -0.00048451978364, -0.000193331608898, 0.00150567817036, 0.00146438495722, -0.000879143190105, -0.00240275613032, -0.00235973717645, 0.0153829753399, -0.00413400540128], [0.000237418906181, -0.000183687821846, 0.00144524662755, -0.00247016805224, -0.00110427977052, 0.000536598847248, 0.00194730213843, -0.00181171041913, 0.000960519071668, 0.00353708351031, -0.00135116826277, -0.00413400540128, 0.0150653384626]], "cov": [[21145.2089844, -184.274963379, -992.841674805, 804.51550293, -1149.83862305, 391.859954834, -724.95111084, 353.088806152, -435.218719482, 12.1123905182, -433.566101074, 86.6311721802, -60.6058273315], [-184.274963379, 1268.29748535, -153.205322266, -72.9742660522, 363.120666504, -129.939910889, 186.580688477, 8.59345626831, 82.7324981689, -151.378158569, 120.099189758, -186.163452148, 19.2148857117], [-992.841674805, -153.205322266, 829.898620605, 107.641197205, -52.4255371094, 129.241638184, -24.673871994, 50.3046264648, 17.1651535034, 44.5619316101, -130.510910034, 80.8933258057, -48.4577789307], [804.51550293, -72.9742660522, 107.641197205, 328.513275146, 5.55026197433, 1.2308703661, -68.9655303955, 55.9912452698, 7.07995986938, -20.1665306091, -35.4896430969, 10.8049468994, 50.0456008911], [-1149.83862305, 363.120666504, -52.4255371094, 5.55026197433, 339.925201416, -54.8700332642, 124.624435425, 6.76409053802, 57.5998916626, -52.5014076233, 77.7551803589, -61.8446273804, 38.7201004028], [391.859954834, -129.939910889, 129.241638184, 1.2308703661, -54.8700332642, 253.973464966, 27.8411598206, 3.87737512589, -43.1902351379, 33.5461654663, -44.1015014648, 26.6290435791, -37.9272994995], [-724.95111084, 186.580688477, -24.673871994, -68.9655303955, 124.624435425, 27.8411598206, 195.560638428, 6.44079494476, 20.7844944, -23.9641685486, 45.5872344971, -49.137260437, -16.6947002411], [353.088806152, 8.59345626831, 50.3046264648, 55.9912452698, 6.76409053802, 3.87737512589, 6.44079494476, 133.480834961, 29.2629852295, 5.06701850891, -23.7508888245, -5.64890480042, 7.73662471771], [-435.218719482, 82.7324981689, 17.1651535034, 7.07995986938, 57.5998916626, -43.1902351379, 20.7844944, 29.2629852295, 99.3634185791, 6.17685842514, 7.0702457428, -11.9705858231, 3.53856015205], [12.1123905182, -151.378158569, 44.5619316101, -20.1665306091, -52.5014076233, 33.5461654663, -23.9641685486, 5.06701850891, 6.17685842514, 94.184425354, 1.35212755203, 38.1522789001, -22.870634079], [-433.566101074, 120.099189758, -130.510910034, -35.4896430969, 77.7551803589, -44.1015014648, 45.5872344971, -23.7508888245, 7.0702457428, 1.35212755203, 133.140594482, -11.8990335464, 21.4273338318], [86.6311721802, -186.163452148, 80.8933258057, 10.8049468994, -61.8446273804, 26.6290435791, -49.137260437, -5.64890480042, -11.9705858231, 38.1522789001, -11.8990335464, 111.488342285, 11.8981342316], [-60.6058273315, 19.2148857117, -48.4577789307, 50.0456008911, 38.7201004028, -37.9272994995, -16.6947002411, 7.73662471771, 3.53856015205, -22.870634079, 21.4273338318, 11.8981342316, 98.0292663574]]}, "spectral_flux": {"min": 6.51157461284e-11, "max": 0.206457734108, "dvar2": 0.000604152563028, "median": 0.074419721961, "dmean2": 0.02626648359, "dmean": 0.0174655485898, "var": 0.00131762342062, "dvar": 0.000284310488496, "mean": 0.0752886980772}, "silence_rate_30dB": {"min": 1, "max": 1, "dvar2": 0, "median": 1, "dmean2": 0, "dmean": 0, "var": 0, "dvar": 0, "mean": 1}, "spectral_energyband_middle_high": {"min": 1.20964239178e-21, "max": 0.0516346693039, "dvar2": 2.41418492806e-05, "median": 0.00669631594792, "dmean2": 0.00349006685428, "dmean": 0.00243697874248, "var": 5.98018341407e-05, "dvar": 1.07224686872e-05, "mean": 0.0089675206691}, "barkbands_spread": {"min": 2.60225462914, "max": 97.457901001, "dvar2": 88.9783706665, "median": 27.5285396576, "dmean2": 8.64947605133, "dmean": 5.70858383179, "var": 153.509475708, "dvar": 43.756729126, "mean": 28.6245288849}, "spectral_centroid": {"min": 259.469390869, "max": 11560.3427734, "dvar2": 182231.90625, "median": 1833.03564453, "dmean2": 370.142456055, "dmean": 252.362213135, "var": 806685.4375, "dvar": 93198.8203125, "mean": 1866.14929199}, "pitch_salience": {"min": 0.150122269988, "max": 0.965402960777, "dvar2": 0.00661814305931, "median": 0.5638884902, "dmean2": 0.0958172902465, "dmean": 0.0610685572028, "var": 0.0103197013959, "dvar": 0.00282908463851, "mean": 0.561878919601}, "erbbands_skewness": {"min": -2.8930618763, "max": 2.83940505981, "dvar2": 0.181564584374, "median": -0.175923585892, "dmean2": 0.471556395292, "dmean": 0.310490727425, "var": 0.498146981001, "dvar": 0.0797635987401, "mean": -0.263585150242}, "erbbands_crest": {"min": 2.66853451729, "max": 27.8632717133, "dvar2": 11.128405571, "median": 7.67549324036, "dmean2": 3.68284845352, "dmean": 2.26577568054, "var": 12.522851944, "dvar": 4.47394275665, "mean": 8.48198604584}, "melbands": {"min": [5.98185878162e-25, 1.39902233287e-24, 1.59737016622e-24, 1.43732754489e-24, 6.08428398851e-25, 2.45893663399e-24, 2.14717604323e-24, 1.28704480928e-24, 3.14341447816e-24, 1.47796699632e-24, 2.98347963494e-24, 3.81506307742e-24, 2.24615580152e-24, 2.8155360786e-24, 3.27655822452e-24, 3.01574680698e-24, 2.74649221116e-24, 2.53235355186e-24, 4.10777228288e-24, 4.78603843907e-24, 5.18332693474e-24, 3.43849953545e-24, 4.56321126575e-24, 5.09774065412e-24, 3.84907126547e-24, 4.54271665944e-24, 3.99865507032e-24, 5.78225261652e-24, 5.73349982928e-24, 6.360538936e-24, 5.75798607178e-24, 5.43801738331e-24, 5.87486528122e-24, 5.76925258323e-24, 5.70270782714e-24, 4.53226385801e-24, 6.1606076616e-24, 6.35306171791e-24, 5.72053963347e-24, 6.61919301619e-24], "max": [0.00323724048212, 0.00860440917313, 0.00694903312251, 0.00712996302173, 0.00517187779769, 0.00552925234661, 0.0093179680407, 0.00843857694417, 0.00564849283546, 0.00470218341798, 0.00331270345487, 0.00371082942002, 0.00429314887151, 0.00663383770734, 0.00351303373463, 0.00279071461409, 0.00141120573971, 0.00284328171983, 0.0017506016884, 0.00114143278915, 0.00182859180495, 0.000959191878792, 0.00062528741546, 0.000619830738287, 0.000510011857841, 0.000597742269747, 0.00029655979597, 0.000212723753066, 0.000185875891475, 0.000156439593411, 0.00032075503259, 0.000450548395747, 0.000163851786056, 0.000106797509943, 0.000118899726658, 0.000130550411996, 9.68022504821e-05, 6.00849925831e-05, 3.35095646733e-05, 2.7307527489e-05], "dvar2": [1.43787318052e-07, 8.5792265736e-07, 5.63444416457e-07, 3.30497783807e-07, 3.11512025064e-07, 1.14044517829e-07, 1.35976961246e-07, 1.80953506401e-07, 2.09736910506e-07, 9.69574429632e-08, 5.23778247441e-08, 6.94389612477e-08, 1.04623133268e-07, 1.40532236514e-07, 3.84188574287e-08, 1.84723596419e-08, 1.65622378034e-08, 2.20549818408e-08, 1.984849618e-08, 6.60471144442e-09, 9.58542401008e-09, 5.27800247951e-09, 3.6558609473e-09, 2.39537745195e-09, 4.80877004883e-10, 6.11053929678e-10, 6.17371098688e-10, 2.61131199997e-10, 7.79494524483e-11, 9.05437599896e-11, 1.79332410033e-10, 1.4879910637e-09, 1.70991179549e-10, 5.40295030937e-11, 1.66001545843e-10, 4.31435512316e-11, 2.77429815232e-11, 1.32634970715e-11, 4.97385336043e-12, 7.21882883331e-12], "median": [0.000126626488054, 0.00066217686981, 0.000557343882974, 0.000148459439515, 0.000114845133794, 7.33971464797e-05, 6.01603242103e-05, 7.91180646047e-05, 8.93254691618e-05, 8.67438211571e-05, 7.04359699739e-05, 5.12821752636e-05, 3.88349435525e-05, 3.04538752971e-05, 3.26637527905e-05, 1.93389478227e-05, 2.19353842112e-05, 3.59393234248e-05, 4.0586139221e-05, 2.37723997998e-05, 2.52782319876e-05, 3.13599630317e-05, 2.80609820038e-05, 1.73127464222e-05, 8.84484597918e-06, 9.69773918769e-06, 8.41515247885e-06, 5.22351865584e-06, 2.1858868422e-06, 1.14378792659e-06, 1.4697137658e-06, 2.18405421037e-06, 1.12865711799e-06, 8.7882290245e-07, 1.0437495348e-06, 3.87538563018e-07, 2.67967095624e-07, 2.45967925139e-07, 2.25089678452e-07, 2.29050314715e-07], "dmean2": [0.000246569426963, 0.000749614613596, 0.000569516734686, 0.000298734958051, 0.000291866133921, 0.000160928728292, 0.000139309137012, 0.000207960561966, 0.000217058171984, 0.000151019805344, 0.000113296955533, 0.00013130941079, 0.000109004307888, 0.000102872647403, 7.71491686464e-05, 5.46367591596e-05, 6.31688308204e-05, 7.96908861957e-05, 7.62467170716e-05, 4.22006160079e-05, 4.72026767966e-05, 4.39107971033e-05, 3.69264525943e-05, 3.04095738102e-05, 1.21435286928e-05, 1.20499544209e-05, 1.36814178404e-05, 9.03920863493e-06, 4.24416703027e-06, 3.76883940589e-06, 4.90158754474e-06, 1.26597415147e-05, 4.67922563985e-06, 2.56956514022e-06, 4.95873655382e-06, 1.56121632244e-06, 1.2584328033e-06, 9.87990915746e-07, 7.01077908616e-07, 9.88742954178e-07], "dmean": [0.000159310133313, 0.000439943920355, 0.000336068711476, 0.000178591275471, 0.000183475800441, 0.000103489874164, 8.79994477145e-05, 0.000128480474814, 0.000136552829645, 9.64319260675e-05, 7.11245957064e-05, 8.43527013785e-05, 7.02860270394e-05, 6.45603140583e-05, 4.88485275127e-05, 3.44649160979e-05, 3.96082687075e-05, 5.11488287884e-05, 4.93915176776e-05, 2.78843563137e-05, 3.15433426294e-05, 2.85554269794e-05, 2.3914333724e-05, 1.95017782971e-05, 7.78458525019e-06, 7.95748474047e-06, 9.2250184025e-06, 6.15479439148e-06, 2.86958083962e-06, 2.53565008279e-06, 3.3602439089e-06, 8.19038268673e-06, 3.09078723149e-06, 1.74121623786e-06, 3.23723020301e-06, 1.06375171072e-06, 8.63927539285e-07, 6.75608816891e-07, 4.79556831579e-07, 6.79595075326e-07], "var": [1.51203124688e-07, 1.35425125336e-06, 4.35923823261e-07, 1.81375099828e-07, 2.59539149283e-07, 1.07467712951e-07, 1.22766451227e-07, 1.38816162121e-07, 1.66115299294e-07, 6.52021370229e-08, 4.7471150566e-08, 6.91632493499e-08, 9.81336967243e-08, 1.18847424346e-07, 3.07206100558e-08, 1.43827385557e-08, 1.89787012772e-08, 2.6553333754e-08, 2.31496475323e-08, 7.80132758393e-09, 1.66534324109e-08, 5.98485438985e-09, 4.08882527836e-09, 2.96117752541e-09, 4.33186070348e-10, 6.08864236806e-10, 8.96961172003e-10, 4.06487066229e-10, 8.1801780627e-11, 6.43222419772e-11, 1.22777316092e-10, 7.29924121146e-10, 9.94649848596e-11, 3.4401044513e-11, 1.00186810237e-10, 2.24678418231e-11, 1.46969277026e-11, 7.20189186065e-12, 3.43184053224e-12, 4.90750799373e-12], "dvar": [7.1439757221e-08, 3.19927181636e-07, 2.02236492441e-07, 1.26787554677e-07, 1.2850277642e-07, 5.0553580877e-08, 5.54952563903e-08, 7.66371570649e-08, 8.62879616648e-08, 4.02772997177e-08, 1.99664054179e-08, 2.90668342728e-08, 4.27058886032e-08, 5.42935900683e-08, 1.46249456989e-08, 7.09369407659e-09, 6.54377041442e-09, 9.56206314129e-09, 8.62163673787e-09, 2.99914382218e-09, 4.24108659303e-09, 2.26845031648e-09, 1.56256463324e-09, 1.01298569533e-09, 1.96977698042e-10, 2.63663979538e-10, 2.78675527099e-10, 1.22427235016e-10, 3.65844438077e-11, 4.24320266423e-11, 8.49617945442e-11, 6.35512475977e-10, 7.6610627564e-11, 2.49094859323e-11, 7.14112519118e-11, 1.88375755966e-11, 1.21866275751e-11, 5.79645836538e-12, 2.21303075691e-12, 3.19758022144e-12], "mean": [0.000271784432698, 0.00107861089054, 0.000717023154721, 0.000276527105598, 0.000302428758005, 0.000186117977137, 0.00015934217663, 0.000202294206247, 0.000220920759602, 0.00016123833484, 0.000141320837429, 0.00015152785636, 0.00013004662469, 0.000111833003757, 8.53287929203e-05, 5.86741916777e-05, 7.36178335501e-05, 9.89871987258e-05, 9.28972149268e-05, 5.47688869119e-05, 6.93567781127e-05, 5.91121024627e-05, 5.04914132762e-05, 4.06262006436e-05, 1.58228031069e-05, 1.69980521605e-05, 1.9836015781e-05, 1.37442111736e-05, 5.43981241208e-06, 3.67485336028e-06, 4.83277335661e-06, 9.98120231088e-06, 4.11087876273e-06, 2.60801493823e-06, 4.44248735221e-06, 1.41401972087e-06, 1.1105488511e-06, 9.57868451223e-07, 8.12164216768e-07, 9.81144694379e-07]}, "barkbands_skewness": {"min": -2.37569761276, "max": 4.96343517303, "dvar2": 0.263883084059, "median": 0.455873459578, "dmean2": 0.544889509678, "dmean": 0.36288267374, "var": 0.769273281097, "dvar": 0.124537289143, "mean": 0.559455752373}, "spectral_entropy": {"min": 5.57704687119, "max": 9.81669139862, "dvar2": 0.0428091175854, "median": 7.58083581924, "dmean2": 0.202371567488, "dmean": 0.149223357439, "var": 0.168722569942, "dvar": 0.0237826276571, "mean": 7.59763097763}, "spectral_rolloff": {"min": 21.533203125, "max": 19573.6816406, "dvar2": 1496561.625, "median": 2110.25390625, "dmean2": 853.760986328, "dmean": 543.16583252, "var": 3107498.25, "dvar": 764431.375, "mean": 2348.86083984}, "barkbands": {"min": [8.32200331708e-25, 1.13138618381e-24, 1.41624888568e-24, 3.30534375896e-24, 5.43123830712e-24, 8.96502711232e-24, 1.0492447996e-23, 1.07188565978e-23, 1.32203353171e-23, 2.27791474992e-23, 1.57092246053e-23, 2.04786681719e-23, 2.65117091365e-23, 3.03386122273e-23, 5.19025731445e-23, 7.63093552613e-23, 8.39237183975e-23, 1.33793523207e-22, 1.35107121765e-22, 1.84468319549e-22, 2.719005126e-22, 3.40273952399e-22, 4.28158257411e-22, 5.72714481316e-22, 9.24605767385e-22, 1.3332505595e-21, 1.80943335615e-21], "max": [0.00042621337343, 0.0133704971522, 0.0212731771171, 0.0171303451061, 0.0265812184662, 0.0306695215404, 0.0392435453832, 0.0542985349894, 0.0261827614158, 0.0192460808903, 0.0330632477999, 0.0439761914313, 0.0256613362581, 0.0143847325817, 0.0219549424946, 0.0213767234236, 0.0144750624895, 0.00948470458388, 0.014825662598, 0.00602257065475, 0.00761088915169, 0.0123622240499, 0.0069228396751, 0.00571965985, 0.00466155959293, 0.000249117380008, 2.93370230793e-05], "dvar2": [2.34664776499e-09, 2.2907750008e-06, 5.96776135353e-06, 3.61186130249e-06, 7.77981585998e-06, 3.53824952981e-06, 2.8057606869e-06, 8.44249734655e-06, 4.86715589432e-06, 2.82355949821e-06, 6.03899752605e-06, 6.90836986905e-06, 2.89366471407e-06, 2.37386939261e-06, 3.10204950438e-06, 1.57954707447e-06, 1.52432608047e-06, 7.00640498508e-07, 3.19978397556e-07, 2.61058801243e-07, 1.52267176645e-07, 1.15362411179e-06, 2.5257196512e-07, 1.12486688408e-07, 2.15708638507e-07, 4.10961237263e-10, 1.51519703902e-12], "median": [2.41820507654e-05, 0.000694304937497, 0.00158490112517, 0.000930533162318, 0.000598541577347, 0.000390932837036, 0.000266621646006, 0.000409890431911, 0.000691036402714, 0.000341545644915, 0.000223596201977, 0.000283713685349, 0.000285818823613, 0.00026143604191, 0.000571458775084, 0.000313779164571, 0.000546725466847, 0.000357323850039, 0.000266054208623, 0.000192655061255, 5.80192245252e-05, 8.61819426063e-05, 5.55596234335e-05, 2.31877493206e-05, 3.08153175865e-05, 1.19856804304e-06, 2.06373602651e-08], "dmean2": [2.99857219943e-05, 0.0011509967735, 0.00191232014913, 0.00135930767283, 0.001524436404, 0.000884330889676, 0.000672613503411, 0.00135553639848, 0.00111183873378, 0.0008381048101, 0.000778412504587, 0.000816881889477, 0.00074398930883, 0.000785317679401, 0.000997171853669, 0.000631083908956, 0.000752550142352, 0.000558574742172, 0.000287812901661, 0.000300393876387, 0.000152695109136, 0.000373865070287, 0.000187786194147, 8.56228725752e-05, 0.000162865995662, 7.37975005904e-06, 2.7380107781e-07], "dmean": [1.91643339349e-05, 0.000707291590516, 0.00112490297761, 0.000792814942542, 0.000929530884605, 0.000568635179661, 0.000423576071626, 0.000837721629068, 0.000711302564014, 0.000528421194758, 0.000502880429849, 0.000513874809258, 0.000469374761451, 0.000493563420605, 0.000648614601232, 0.000408439722378, 0.000493357016239, 0.000361011741916, 0.000193146071979, 0.000205436284887, 0.000105821854959, 0.000249165052082, 0.000127494466142, 5.96685604251e-05, 0.000111819092126, 5.00191163155e-06, 1.67043467059e-07], "var": [2.06220596155e-09, 2.26589963859e-06, 8.46713646752e-06, 2.65847688752e-06, 5.30809620614e-06, 3.20750041283e-06, 2.40047211264e-06, 6.70814461046e-06, 3.48139747075e-06, 2.77815047411e-06, 5.99917802901e-06, 5.91795787841e-06, 2.29334091273e-06, 2.76901550933e-06, 3.61633010471e-06, 2.54582164416e-06, 1.78627726655e-06, 8.97590268778e-07, 3.4977966834e-07, 4.40190859763e-07, 1.2099413027e-07, 6.48253319468e-07, 1.64713682693e-07, 6.33950207884e-08, 1.25084781644e-07, 2.07246511619e-10, 4.44792369169e-13], "dvar": [1.08649234054e-09, 9.47437740706e-07, 2.28800354307e-06, 1.27857447296e-06, 3.04947275254e-06, 1.56367150339e-06, 1.16218393487e-06, 3.57488852387e-06, 2.02347700906e-06, 1.12167151656e-06, 2.52327367889e-06, 2.6885081752e-06, 1.10190251235e-06, 9.56615281211e-07, 1.34562617404e-06, 6.72219925946e-07, 6.65524680699e-07, 2.99849943985e-07, 1.40035623986e-07, 1.24593896089e-07, 7.43335917264e-08, 5.14488647241e-07, 1.13581577921e-07, 5.01056192093e-08, 9.62625676948e-08, 1.76118578055e-10, 5.70134488665e-13], "mean": [3.90761379094e-05, 0.00127197569236, 0.00259390776046, 0.00143810524605, 0.0014226497151, 0.0009920229204, 0.000722211843822, 0.00127081770916, 0.00122981099412, 0.000940262456425, 0.000899994687643, 0.00088787561981, 0.000794261693954, 0.000914087984711, 0.00124544487335, 0.000883423956111, 0.00102604518179, 0.000768639787566, 0.000440835632617, 0.000475916807773, 0.000166509940755, 0.000327927205944, 0.000186894467333, 8.49934804137e-05, 0.000147102604387, 5.99408576818e-06, 1.60221645729e-07]}, "melbands_flatness_db": {"min": 0.00368696544319, "max": 0.376264840364, "dvar2": 0.000864205649123, "median": 0.147928312421, "dmean2": 0.0309957377613, "dmean": 0.0218213628978, "var": 0.00327593018301, "dvar": 0.000466612982564, "mean": 0.156145319343}, "melbands_skewness": {"min": -1.51033389568, "max": 8.31287670135, "dvar2": 0.429406285286, "median": 1.34126424789, "dmean2": 0.683030128479, "dmean": 0.452040404081, "var": 1.27294075489, "dvar": 0.195904508233, "mean": 1.52191007137}, "silence_rate_60dB": {"min": 0, "max": 1, "dvar2": 0.0130747584626, "median": 0, "dmean2": 0.0112455692142, "dmean": 0.00562209729105, "var": 0.0639608278871, "dvar": 0.00559105724096, "mean": 0.0686789676547}, "spectral_energyband_low": {"min": 1.35488027986e-23, "max": 0.0271053873003, "dvar2": 1.15479751912e-05, "median": 0.00392118608579, "dmean2": 0.00298836291768, "dmean": 0.00177964626346, "var": 1.63240019901e-05, "dvar": 4.36240816271e-06, "mean": 0.00480248592794}, "spectral_energyband_middle_low": {"min": 9.67164548164e-23, "max": 0.0552527159452, "dvar2": 2.7922769732e-05, "median": 0.00591113651171, "dmean2": 0.00417747162282, "dmean": 0.00264393817633, "var": 3.11295007123e-05, "dvar": 1.17163845061e-05, "mean": 0.00727417692542}, "melbands_kurtosis": {"min": -1.7978707552, "max": 86.1058959961, "dvar2": 31.8762130737, "median": 1.52110826969, "dmean2": 3.55937790871, "dmean": 2.29896998405, "var": 41.9803199768, "dvar": 13.8808135986, "mean": 3.6954240799}, "spectral_decrease": {"min": -1.49913077507e-08, "max": 1.34059216752e-28, "dvar2": 3.29698062142e-18, "median": -5.00848384988e-09, "dmean2": 1.73703329498e-09, "dmean": 1.10903952688e-09, "var": 6.6640879608e-18, "dvar": 1.42857369491e-18, "mean": -4.95727903171e-09}, "erbbands_kurtosis": {"min": -1.6005012989, "max": 15.6855144501, "dvar2": 2.4075460434, "median": 0.110987961292, "dmean2": 1.23588085175, "dmean": 0.78680306673, "var": 3.09621357918, "dvar": 1.02722609043, "mean": 0.605440020561}, "melbands_crest": {"min": 1.61001110077, "max": 30.5042114258, "dvar2": 16.7398433685, "median": 11.4733695984, "dmean2": 4.78288030624, "dmean": 2.95896792412, "var": 29.6912059784, "dvar": 7.14996671677, "mean": 12.5598125458}, "mfcc": {"mean": [-638.008850098, 111.388656616, -26.0515632629, 20.259853363, 6.21176624298, 1.8136664629, -3.053794384, 8.38426589966, 2.66198706627, 2.32722759247, 0.411043852568, -6.48453569412, -0.134593129158], "icov": [[0.000108542997623, -1.6614480046e-05, 1.66015252034e-05, -0.000136218644911, 0.000154167006258, -1.32738086904e-05, 0.000127117265947, -0.000134952948429, -9.20950981254e-07, 8.76806661836e-05, 6.15073440713e-05, 0.000179724083864, 0.000106565363239], [-1.6614480046e-05, 0.000928820634726, 0.000357180746505, -0.000134535774123, -0.00040861722664, 7.23188568372e-05, -0.000315908633638, -0.00086378888227, 5.91008611082e-05, -0.000276122184005, -0.000322915613651, -0.000162056632689, 0.000102401914774], [1.66015252034e-05, 0.000357180746505, 0.0021535733249, -0.000273843033938, 0.000182427596883, -0.00122853252105, 0.000720733194612, -0.000730348750949, -0.000878270191606, 0.000934588955715, -0.000227883210755, -0.000520240922924, 2.8717369787e-05], [-0.000136218644911, -0.000134535774123, -0.000273843033938, 0.00557170668617, -0.00297501031309, 0.00128553796094, 0.000453680288047, -0.000625457498245, -0.000437762530055, -0.000565995869692, 0.00151371455286, -0.000419486459577, -0.00130895769689], [0.000154167006258, -0.00040861722664, 0.000182427596883, -0.00297501031309, 0.00857097841799, -0.000950277841184, -0.000370984256733, 0.000933026429266, -0.0010438200552, -0.000643110775854, 0.00160221301485, 0.000107473999378, -0.000973235466518], [-1.32738086904e-05, 7.23188568372e-05, -0.00122853252105, 0.00128553796094, -0.000950277841184, 0.00738254981115, -0.00195906334557, -0.00144519365858, 0.000304127839627, 0.00157347857021, -0.00182385428343, 0.000697820505593, 0.00114720489364], [0.000127117265947, -0.000315908633638, 0.000720733194612, 0.000453680288047, -0.000370984256733, -0.00195906334557, 0.00864803232253, -0.00304339034483, 0.00160138774663, -0.00329242949374, 0.0015089479275, 9.88448082353e-05, 0.000509774137754], [-0.000134952948429, -0.00086378888227, -0.000730348750949, -0.000625457498245, 0.000933026429266, -0.00144519365858, -0.00304339034483, 0.0147761804983, -0.00400339765474, -0.00105376599822, 0.000377129908884, 0.000909215479624, -0.00383397145197], [-9.20950981254e-07, 5.91008611082e-05, -0.000878270191606, -0.000437762530055, -0.0010438200552, 0.000304127839627, 0.00160138774663, -0.00400339765474, 0.0106445718557, -0.00262039108202, 0.00179764861241, -0.00019035366131, -0.000343352003256], [8.76806661836e-05, -0.000276122184005, 0.000934588955715, -0.000565995869692, -0.000643110775854, 0.00157347857021, -0.00329242949374, -0.00105376599822, -0.00262039108202, 0.0148573219776, -0.0046253381297, -0.000146911435877, 0.00252255192026], [6.15073440713e-05, -0.000322915613651, -0.000227883210755, 0.00151371455286, 0.00160221301485, -0.00182385428343, 0.0015089479275, 0.000377129908884, 0.00179764861241, -0.0046253381297, 0.0127017963678, -0.000674588780385, -0.00208537024446], [0.000179724083864, -0.000162056632689, -0.000520240922924, -0.000419486459577, 0.000107473999378, 0.000697820505593, 9.88448082353e-05, 0.000909215479624, -0.00019035366131, -0.000146911435877, -0.000674588780385, 0.0141397258267, -0.00343067734502], [0.000106565363239, 0.000102401914774, 2.8717369787e-05, -0.00130895769689, -0.000973235466518, 0.00114720489364, 0.000509774137754, -0.00383397145197, -0.000343352003256, 0.00252255192026, -0.00208537024446, -0.00343067734502, 0.0145753826946]], "cov": [[10417.0820313, 90.0429992676, 17.1682891846, 229.412033081, -111.879653931, -48.535358429, -174.155273438, 77.6036911011, 46.1101303101, -102.002990723, -111.751609802, -146.002578735, -64.9869384766], [90.0429992676, 1439.72119141, -289.124481201, 102.769470215, 109.208450317, -29.97423172, 136.525848389, 112.887786865, 28.6787014008, 101.620491028, 17.8837585449, 7.60151720047, 21.032585144], [17.1682891846, -289.124481201, 662.633239746, 5.61482143402, -16.9118785858, 103.440055847, -70.8210678101, 27.528169632, 57.7514648438, -64.9875946045, 0.65573066473, 19.4668941498, 18.8353443146], [229.412033081, 102.769470215, 5.61482143402, 296.994354248, 114.443572998, -58.7915763855, -13.1802949905, 30.6504955292, 50.9576225281, 7.66589784622, -52.8648796082, 15.6342201233, 41.0439414978], [-111.879653931, 109.208450317, -16.9118785858, 114.443572998, 175.256607056, -10.6860876083, 15.111954689, 16.6690807343, 33.8372077942, 13.5378808975, -32.3020706177, 7.97141695023, 22.4701213837], [-48.535358429, -29.97423172, 103.440055847, -58.7915763855, -10.6860876083, 187.650665283, 37.1274642944, 21.5555210114, -5.1268029213, -10.3336935043, 25.8128204346, -10.6308269501, -13.1712827682], [-174.155273438, 136.525848389, -70.8210678101, -13.1802949905, 15.111954689, 37.1274642944, 171.799468994, 40.2177314758, -6.93894481659, 45.9285812378, 2.61900854111, -6.20818758011, -7.2716627121], [77.6036911011, 112.887786865, 27.528169632, 30.6504955292, 16.6690807343, 21.5555210114, 40.2177314758, 106.716468811, 43.9043006897, 18.5955448151, -2.93185329437, 0.595061838627, 24.9553661346], [46.1101303101, 28.6787014008, 57.7514648438, 50.9576225281, 33.8372077942, -5.1268029213, -6.93894481659, 43.9043006897, 129.563766479, 16.1122436523, -19.3485221863, 5.76981210709, 17.2316665649], [-102.002990723, 101.620491028, -64.9875946045, 7.66589784622, 13.5378808975, -10.3336935043, 45.9285812378, 18.5955448151, 16.1122436523, 99.0430374146, 24.3444480896, -0.219523027539, -7.47963190079], [-111.751609802, 17.8837585449, 0.65573066473, -52.8648796082, -32.3020706177, 25.8128204346, 2.61900854111, -2.93185329437, -19.3485221863, 24.3444480896, 105.869293213, 4.87710571289, 2.51725149155], [-146.002578735, 7.60151720047, 19.4668941498, 15.6342201233, 7.97141695023, -10.6308269501, -6.20818758011, 0.595061838627, 5.76981210709, -0.219523027539, 4.87710571289, 80.4277648926, 23.9247951508], [-64.9869384766, 21.032585144, 18.8353443146, 41.0439414978, 22.4701213837, -13.1712827682, -7.2716627121, 24.9553661346, 17.2316665649, -7.47963190079, 2.51725149155, 23.9247951508, 89.6327285767]]}, "spectral_energy": {"min": 1.00015312593e-20, "max": 0.0645597800612, "dvar2": 5.7067911257e-05, "median": 0.0214098859578, "dmean2": 0.00720317242667, "dmean": 0.00470293918625, "var": 0.000123937134049, "dvar": 2.5628864023e-05, "mean": 0.0211769454181}, "melbands_spread": {"min": 2.37384128571, "max": 186.003036499, "dvar2": 248.505462646, "median": 36.7342834473, "dmean2": 13.5497846603, "dmean": 8.98120975494, "var": 469.662567139, "dvar": 121.37020874, "mean": 39.7280769348}, "erbbands_flatness_db": {"min": 0.0705612823367, "max": 0.44477853179, "dvar2": 0.000430127052823, "median": 0.176066845655, "dmean2": 0.0224957168102, "dmean": 0.0156015539542, "var": 0.00200661155395, "dvar": 0.00021858313994, "mean": 0.177473574877}, "spectral_contrast_valleys": {"min": [-28.2403392792, -27.9002075195, -27.7545871735, -27.6497974396, -27.5148468018, -27.4101753235], "max": [-5.91600942612, -4.83874082565, -5.46947002411, -5.44912815094, -5.5441737175, -7.50648593903], "dvar2": [0.349985122681, 0.245460361242, 0.17804184556, 0.163064882159, 0.160011664033, 0.246469736099], "median": [-7.63088321686, -6.75706195831, -7.10876369476, -7.39379405975, -7.35295963287, -10.1808509827], "dmean2": [0.722145617008, 0.58845102787, 0.473839193583, 0.429292559624, 0.387187361717, 0.447963356972], "dmean": [0.434415280819, 0.361751288176, 0.302255690098, 0.279628664255, 0.280301719904, 0.356035500765], "var": [3.63609981537, 3.61278939247, 3.44982862473, 3.29913973808, 3.51274299622, 3.427713871], "dvar": [0.144812390208, 0.112629532814, 0.0896213650703, 0.0889654532075, 0.0947802886367, 0.152658209205], "mean": [-7.94592142105, -7.05400133133, -7.40825080872, -7.66353130341, -7.65804481506, -10.4641008377]}, "barkbands_flatness_db": {"min": 0.0338779464364, "max": 0.3593493402, "dvar2": 0.000546694151126, "median": 0.111178278923, "dmean2": 0.0247902274132, "dmean": 0.0167489405721, "var": 0.00178811198566, "dvar": 0.000272051955108, "mean": 0.117289140821}, "zerocrossingrate": {"min": 0.0078125, "max": 0.5263671875, "dvar2": 0.000267112016445, "median": 0.07373046875, "dmean2": 0.0130642838776, "dmean": 0.0118514131755, "var": 0.00211692694575, "dvar": 0.000219386638491, "mean": 0.0797410458326}, "spectral_skewness": {"min": -0.0730421245098, "max": 3.97334694862, "dvar2": 0.134943053126, "median": 1.45605909824, "dmean2": 0.347153812647, "dmean": 0.215043112636, "var": 0.133838459849, "dvar": 0.05067