{"lowlevel": {"spectral_complexity": {"min": 0, "max": 57, "dvar2": 27.6102428436, "median": 23, "dmean2": 5.31572580338, "dmean": 3.72458696365, "var": 98.4356307983, "dvar": 15.4851932526, "mean": 22.8230037689}, "silence_rate_20dB": {"min": 1, "max": 1, "dvar2": 0, "median": 1, "dmean2": 0, "dmean": 0, "var": 0, "dvar": 0, "mean": 1}, "average_loudness": 0.93660992384, "erbbands_spread": {"min": 3.67867732048, "max": 108.944297791, "dvar2": 90.5149688721, "median": 29.2745361328, "dmean2": 9.12155914307, "dmean": 6.06691837311, "var": 186.182342529, "dvar": 41.2638816833, "mean": 31.167263031}, "spectral_kurtosis": {"min": -1.30652058125, "max": 46.2420501709, "dvar2": 15.3869686127, "median": 4.15019226074, "dmean2": 2.94299411774, "dmean": 1.75589418411, "var": 10.2366399765, "dvar": 5.19966602325, "mean": 4.64688396454}, "barkbands_kurtosis": {"min": -1.87117302418, "max": 25.7092475891, "dvar2": 4.88899326324, "median": -0.406787991524, "dmean2": 1.44788336754, "dmean": 0.918850064278, "var": 5.5140504837, "dvar": 2.14015460014, "mean": 0.34211140871}, "spectral_strongpeak": {"min": 0, "max": 11.2114448547, "dvar2": 3.74534463882, "median": 0.473560035229, "dmean2": 1.27961564064, "dmean": 0.748749792576, "var": 2.85024094582, "dvar": 1.43748152256, "mean": 1.30605256557}, "spectral_spread": {"min": 1127183.125, "max": 43649840, "dvar2": 2804879196160.0, "median": 3653522, "dmean2": 742665.0625, "dmean": 522029.28125, "var": 27425765326800.0, "dvar": 1256426438660.0, "mean": 4598075}, "spectral_rms": {"min": 3.10178098484e-12, "max": 0.0078403390944, "dvar2": 5.0654620054e-07, "median": 0.0045343474485, "dmean2": 0.000721911375877, "dmean": 0.000483093870571, "var": 2.34439357882e-06, "dvar": 2.40180838773e-07, "mean": 0.00424342183396}, "dynamic_complexity": 3.23720359802, "erbbands": {"min": [5.05315676011e-23, 5.43213607816e-22, 2.23843878707e-21, 1.91145404859e-21, 1.02185207672e-20, 2.58299634758e-20, 2.59629586087e-20, 3.31015289106e-20, 8.02748023704e-20, 1.87222935397e-19, 2.15760252939e-19, 6.41642501893e-19, 4.98281865377e-19, 6.13360162774e-19, 7.7308480995e-19, 8.78989829449e-19, 1.07759361978e-18, 1.78127906201e-18, 2.08197369033e-18, 2.55284708121e-18, 3.31770190935e-18, 4.29533674916e-18, 5.54841735628e-18, 5.69870986972e-18, 5.86437263972e-18, 7.70709736597e-18, 7.93026655933e-18, 9.54719289863e-18, 1.04608618617e-17, 1.02067751386e-17, 9.84928339424e-18, 1.16060925926e-17, 9.31687438324e-18, 7.82449414722e-18, 6.28580006871e-18, 3.55278043558e-18, 2.30460149398e-18, 9.69577997245e-19, 2.5333703899e-19, 2.77064113863e-20], "max": [0.3277130723, 2.50915646553, 24.7119255066, 45.7910346985, 65.2909011841, 95.5812072754, 200.697509766, 203.081329346, 651.484313965, 484.562225342, 794.686279297, 687.597290039, 603.791381836, 893.488891602, 1048.15075684, 1557.32775879, 938.594421387, 674.80090332, 1092.62341309, 1294.31567383, 1987.94274902, 866.190185547, 487.711853027, 597.803039551, 538.262207031, 236.323669434, 227.383270264, 488.761138916, 678.05847168, 227.38180542, 206.036849976, 185.126464844, 71.400604248, 45.876373291, 53.1919136047, 3.1648235321, 0.363688290119, 0.083574578166, 0.00284320884384, 0.000401717668865], "dvar2": [0.00183212442789, 0.149629548192, 5.80670547485, 21.5252914429, 27.0694999695, 143.901489258, 270.40133667, 230.086608887, 794.487304688, 858.22088623, 3286.57177734, 2924.71044922, 1903.63830566, 4260.46484375, 7618.46533203, 5561.55957031, 3838.64306641, 3556.20019531, 6840.38623047, 7409.47363281, 6049.34765625, 4600.60498047, 2495.59008789, 600.118530273, 1007.02429199, 509.770019531, 147.098556519, 463.929962158, 3163.55517578, 193.557266235, 232.045715332, 71.5760955811, 19.1175251007, 8.99843120575, 25.0150260925, 0.0517499744892, 0.00163030496333, 3.79350058211e-05, 3.23918634137e-08, 5.94864324466e-10], "median": [0.00693981163204, 0.214666590095, 1.41393196583, 3.10815382004, 2.11587095261, 2.00471687317, 2.91215848923, 3.23981428146, 4.14951276779, 6.5858707428, 10.57072258, 13.1105947495, 14.3051776886, 13.0242538452, 12.061252594, 13.927110672, 12.6239337921, 12.7390937805, 25.7881374359, 27.790851593, 22.3609580994, 31.6034755707, 26.8583641052, 14.2584056854, 14.4671421051, 9.25861930847, 3.71964693069, 2.73762178421, 3.56165289879, 1.82723903656, 1.58467781544, 0.572895765305, 0.370847970247, 0.328883320093, 0.187409520149, 0.0163495466113, 0.0016245986335, 0.000179306720383, 2.34523686231e-05, 2.92096774501e-05], "dmean2": [0.0215795170516, 0.308481931686, 1.82015311718, 3.50544476509, 3.11865377426, 6.08723306656, 7.98346853256, 7.19199848175, 9.49795055389, 14.3266506195, 26.4673786163, 23.5735778809, 21.1092071533, 30.7147769928, 31.059337616, 26.8844928741, 27.05519104, 29.2283573151, 44.516166687, 43.7362937927, 36.402130127, 40.8748092651, 33.1292304993, 14.4578313828, 16.7065811157, 13.4097995758, 5.74073791504, 8.10495662689, 18.4468231201, 5.12239837646, 6.09881448746, 2.10518884659, 1.24270451069, 1.10422229767, 1.64006710052, 0.0823573544621, 0.0139311840758, 0.001783169806, 5.13955383212e-05, 1.27908115246e-05], "dmean": [0.0147797837853, 0.183687880635, 1.06969749928, 2.0612142086, 1.84325456619, 3.65504169464, 5.05412578583, 4.5836815834, 6.00519704819, 8.98278045654, 16.7906913757, 14.9482870102, 13.4470033646, 19.4662342072, 19.8268489838, 17.286190033, 17.0657424927, 18.4183769226, 28.4563598633, 28.2494907379, 24.3565654755, 26.2632732391, 21.5374927521, 9.51612949371, 11.2666339874, 9.22874736786, 4.02985048294, 5.61956453323, 11.8575954437, 3.59027004242, 4.1235332489, 1.46389329433, 0.869278430939, 0.776324987411, 1.1052980423, 0.0573834776878, 0.00932686682791, 0.00113734055776, 3.44515465258e-05, 8.77618640516e-06], "var": [0.00205568224192, 0.151683047414, 9.44042301178, 17.7654418945, 16.7557487488, 80.0013427734, 208.389816284, 207.811950684, 610.502807617, 636.852294922, 2733.90258789, 1740.45324707, 1673.3861084, 4040.96362305, 6435.20166016, 5971.33154297, 3359.50488281, 3804.24121094, 7994.93994141, 7300.79199219, 9917.95410156, 5349.31738281, 3444.54980469, 735.994018555, 1230.91772461, 915.936889648, 164.20085144, 333.522003174, 1469.76538086, 147.467773438, 170.272232056, 42.2330169678, 11.7161626816, 6.50150966644, 13.7273273468, 0.0298014637083, 0.000742520322092, 1.28798938022e-05, 1.24401235979e-08, 4.91642615508e-10], "dvar": [0.00105253607035, 0.054532893002, 2.22441911697, 7.88910961151, 10.138502121, 55.5504760742, 111.888473511, 100.838287354, 294.383850098, 366.357116699, 1385.55200195, 1174.52368164, 740.759399414, 1745.49328613, 2949.86181641, 2280.67651367, 1465.05444336, 1357.63500977, 2807.62109375, 3179.74755859, 2623.92114258, 1891.13659668, 1051.10852051, 259.221557617, 438.976867676, 247.476974487, 73.8208694458, 224.03225708, 1319.34484863, 94.9312744141, 108.045700073, 32.3309631348, 8.5380487442, 4.11299085617, 11.1564340591, 0.0229219272733, 0.000681914447341, 1.48279104906e-05, 1.28504451524e-08, 2.56633908569e-10], "mean": [0.0232861600816, 0.361577481031, 2.61463046074, 4.19101476669, 3.2421810627, 5.14249277115, 8.31645870209, 8.00816631317, 10.9740800858, 14.783780098, 27.0907688141, 24.9607448578, 27.2242660522, 36.1615753174, 36.8628883362, 33.6250038147, 31.5693855286, 37.1084289551, 58.7984733582, 55.8788833618, 56.1115112305, 57.7757835388, 49.7948989868, 23.3556728363, 25.7469596863, 22.16822052, 8.04149150848, 8.34821605682, 14.700712204, 5.50218343735, 5.97484493256, 2.05443835258, 1.35086858273, 1.19316327572, 1.35512280464, 0.0764075890183, 0.0104380482808, 0.00114213349298, 5.05728676217e-05, 3.08774542646e-05]}, "spectral_contrast_coeffs": {"min": [-0.978348553181, -0.997290372849, -0.997768700123, -0.996008753777, -0.981722831726, -0.965003669262], "max": [-0.307242751122, -0.395980149508, -0.443216323853, -0.468234241009, -0.5532553792, -0.552997231483], "dvar2": [0.00481375772506, 0.00366259599105, 0.00240911147557, 0.00174595101271, 0.00100315839518, 0.000725194462575], "median": [-0.620493888855, -0.746184587479, -0.758536040783, -0.748551487923, -0.746323108673, -0.74956381321], "dmean2": [0.0854592546821, 0.0753627642989, 0.059940777719, 0.051771722734, 0.0382413007319, 0.0306305605918], "dmean": [0.0510220341384, 0.0461958199739, 0.0369228087366, 0.0322576574981, 0.0250419992954, 0.019703315571], "var": [0.00792459305376, 0.00640297634527, 0.00507168192416, 0.00469890283421, 0.00457443669438, 0.00246902392246], "dvar": [0.00175718637183, 0.00146028201561, 0.000946521642618, 0.000724093522877, 0.000484178832266, 0.000328428606736], "mean": [-0.627015590668, -0.744468450546, -0.755556166172, -0.745724976063, -0.744274735451, -0.751013875008]}, "dissonance": {"min": 0, "max": 0.500000178814, "dvar2": 0.000694891437888, "median": 0.477600514889, "dmean2": 0.0228529889137, "dmean": 0.0135665638372, "var": 0.000401249155402, "dvar": 0.000244295719313, "mean": 0.473207294941}, "spectral_energyband_high": {"min": 6.81878663919e-21, "max": 0.0222107619047, "dvar2": 4.26666247222e-06, "median": 0.000481514493003, "dmean2": 0.000901047256775, "dmean": 0.000650300178677, "var": 3.77537912755e-06, "dvar": 2.15081900024e-06, "mean": 0.00111975264736}, "gfcc": {"mean": [-30.9820404053, 90.0684661865, -147.34677124, 38.1848602295, -55.576499939, 16.9213485718, -41.1691322327, 13.1646089554, -22.0519294739, -5.01966428757, -18.2028636932, -8.46227550507, -9.24874591827], "icov": [[0.000152986744069, -0.000289485818939, 0.000400680175517, -0.000461225805338, 0.000497146567795, -0.000281481072307, 0.000267509254627, -0.000423548568506, 0.000466201105155, -0.00015191998682, 0.000370149849914, -0.000270723714493, 0.000237854022998], [-0.000289485818939, 0.0018697574269, -0.000495363259688, 0.000951220223214, -0.00163583178073, 0.000411015906138, -0.000265555543592, 0.000414700887632, -0.00127113854978, 0.00181107933167, -0.00117114605382, 0.00167524826247, 0.00016007720842], [0.000400680175517, -0.000495363259688, 0.00232670013793, -0.00135710358154, 0.00066282087937, -0.000898705562577, 0.000135927737574, -0.00105048855767, 0.000609371054452, -0.000568743969779, 0.00209955614991, -0.00183901179116, 0.00108026422095], [-0.000461225805338, 0.000951220223214, -0.00135710358154, 0.00544909806922, -0.00193316326477, 0.000142285090988, 0.00131296773907, -0.000480406131828, -0.00138454057742, 0.00160232954659, -0.000813058111817, 0.0012987247901, -0.00216243835166], [0.000497146567795, -0.00163583178073, 0.00066282087937, -0.00193316326477, 0.00747177097946, -0.000482480128994, -0.00198441161774, -0.000665643252432, -0.000526668154635, 0.0002093945659, -0.000708270759787, -8.28701886348e-05, -0.00148100114893], [-0.000281481072307, 0.000411015906138, -0.000898705562577, 0.000142285090988, -0.000482480128994, 0.00616174004972, -0.00261309626512, 0.000557857332751, 0.00213123904541, -0.00182112085167, 0.00108969153371, -0.000405090890126, 0.000730635831133], [0.000267509254627, -0.000265555543592, 0.000135927737574, 0.00131296773907, -0.00198441161774, -0.00261309626512, 0.00984439905733, -0.00189257937018, -0.000404189573601, 0.00185180373956, -0.00215491256677, 0.00178110261913, 0.00176262564491], [-0.000423548568506, 0.000414700887632, -0.00105048855767, -0.000480406131828, -0.000665643252432, 0.000557857332751, -0.00189257937018, 0.0105473166332, -0.00361695489846, -0.00125400314573, 0.000970877648797, 0.00131459464319, -0.00173139490653], [0.000466201105155, -0.00127113854978, 0.000609371054452, -0.00138454057742, -0.000526668154635, 0.00213123904541, -0.000404189573601, -0.00361695489846, 0.0154955005273, -0.00424545118585, 0.0021333345212, -0.000646251195576, 0.000686056388076], [-0.00015191998682, 0.00181107933167, -0.000568743969779, 0.00160232954659, 0.0002093945659, -0.00182112085167, 0.00185180373956, -0.00125400314573, -0.00424545118585, 0.0181618146598, -0.00437721656635, -0.0028311253991, 0.00386738684028], [0.000370149849914, -0.00117114605382, 0.00209955614991, -0.000813058111817, -0.000708270759787, 0.00108969153371, -0.00215491256677, 0.000970877648797, 0.0021333345212, -0.00437721656635, 0.0131438365206, -0.00205468409695, -0.00170713313855], [-0.000270723714493, 0.00167524826247, -0.00183901179116, 0.0012987247901, -8.28701886348e-05, -0.000405090890126, 0.00178110261913, 0.00131459464319, -0.000646251195576, -0.0028311253991, -0.00205468409695, 0.0155464364216, -0.00403914647177], [0.000237854022998, 0.00016007720842, 0.00108026422095, -0.00216243835166, -0.00148100114893, 0.000730635831133, 0.00176262564491, -0.00173139490653, 0.000686056388076, 0.00386738684028, -0.00170713313855, -0.00403914647177, 0.015121136792]], "cov": [[38689.2265625, 1177.64428711, -3430.3918457, 1495.35693359, -2065.63696289, 743.330749512, -1408.68066406, 571.151428223, -788.496826172, -74.43409729, -724.177062988, -59.9985237122, -213.727035522], [1177.64428711, 1344.41821289, -340.361633301, -24.5592060089, 286.458404541, -102.565254211, 133.264511108, 23.7868938446, 55.7049636841, -153.624328613, 93.6074829102, -193.25994873, 3.95670485497], [-3430.3918457, -340.361633301, 1141.07653809, 15.4875469208, 72.2264328003, 84.0078964233, 66.6572647095, 21.788766861, 62.1450653076, 55.8088264465, -88.1270217896, 98.3863296509, -24.763502121], [1495.35693359, -24.5592060089, 15.4875469208, 346.427093506, -30.5284500122, 17.5100650787, -92.6617660522, 63.8930587769, -8.15437889099, -20.092048645, -47.1003723145, 7.69692707062, 41.7017440796], [-2065.63696289, 286.458404541, 72.2264328003, -30.5284500122, 380.310119629, -70.5106964111, 157.440765381, -6.37443828583, 75.3492965698, -47.2315635681, 92.4258804321, -54.332157135, 46.0900039673], [743.330749512, -102.565254211, 84.0078964233, 17.5100650787, -70.5106964111, 255.314880371, 12.8860139847, 9.4393119812, -49.3134651184, 32.0098304749, -48.6348304749, 23.7259864807, -38.8705406189], [-1408.68066406, 133.264511108, 66.6572647095, -92.6617660522, 157.440765381, 12.8860139847, 217.11126709, -2.59217858315, 36.227809906, -20.0176868439, 57.7035560608, -43.7991218567, -9.78204536438], [571.151428223, 23.7868938446, 21.788766861, 63.8930587769, -6.37443828583, 9.4393119812, -2.59217858315, 133.492996216, 23.7270259857, 4.64462804794, -27.4703922272, -6.45825481415, 5.76064872742], [-788.496826172, 55.7049636841, 62.1450653076, -8.15437889099, 75.3492965698, -49.3134651184, 36.227809906, 23.7270259857, 104.95451355, 7.64232349396, 14.0066080093, -9.36132240295, 6.82817983627], [-74.43409729, -153.624328613, 55.8088264465, -20.092048645, -47.2315635681, 32.0098304749, -20.0176868439, 4.64462804794, 7.64232349396, 92.0383758545, 2.05543327332, 37.9440078735, -20.8894882202], [-724.177062988, 93.6074829102, -88.1270217896, -47.1003723145, 92.4258804321, -48.6348304749, 57.7035560608, -27.4703922272, 14.0066080093, 2.05543327332, 136.476486206, -9.20851612091, 23.2779216766], [-59.9985237122, -193.25994873, 98.3863296509, 7.69692707062, -54.332157135, 23.7259864807, -43.7991218567, -6.45825481415, -9.36132240295, 37.9440078735, -9.20851612091, 109.934402466, 14.0059671402], [-213.727035522, 3.95670485497, -24.763502121, 41.7017440796, 46.0900039673, -38.8705406189, -9.78204536438, 5.76064872742, 6.82817983627, -20.8894882202, 23.2779216766, 14.0059671402, 96.7797927856]]}, "spectral_flux": {"min": 6.37857683339e-11, "max": 0.211688071489, "dvar2": 0.000582272536121, "median": 0.073682487011, "dmean2": 0.0253367945552, "dmean": 0.0171043965966, "var": 0.00136679806747, "dvar": 0.000277177954558, "mean": 0.0743009746075}, "silence_rate_30dB": {"min": 1, "max": 1, "dvar2": 0, "median": 1, "dmean2": 0, "dmean": 0, "var": 0, "dvar": 0, "mean": 1}, "spectral_energyband_middle_high": {"min": 1.00699515763e-21, "max": 0.0538216158748, "dvar2": 2.4113965992e-05, "median": 0.00658502662554, "dmean2": 0.0035311174579, "dmean": 0.00242166244425, "var": 5.98823135078e-05, "dvar": 1.06424422484e-05, "mean": 0.00884099677205}, "barkbands_spread": {"min": 2.61295032501, "max": 93.7281799316, "dvar2": 84.8762359619, "median": 27.6105651855, "dmean2": 8.48198699951, "dmean": 5.62076282501, "var": 150.670547485, "dvar": 42.4849243164, "mean": 28.6695861816}, "spectral_centroid": {"min": 290.686431885, "max": 11905.9296875, "dvar2": 312963.03125, "median": 1853.19750977, "dmean2": 378.670562744, "dmean": 256.996704102, "var": 1948916.125, "dvar": 141044.234375, "mean": 1996.3951416}, "pitch_salience": {"min": 0.172256454825, "max": 0.985833644867, "dvar2": 0.00680744089186, "median": 0.567691206932, "dmean2": 0.0957714244723, "dmean": 0.060585629195, "var": 0.0109340604395, "dvar": 0.0028834012337, "mean": 0.568686783314}, "erbbands_skewness": {"min": -3.08474683762, "max": 2.82373952866, "dvar2": 0.179346323013, "median": -0.185044974089, "dmean2": 0.469884902239, "dmean": 0.307922512293, "var": 0.488837450743, "dvar": 0.0790919661522, "mean": -0.264711499214}, "erbbands_crest": {"min": 2.68482875824, "max": 27.5798854828, "dvar2": 11.9184923172, "median": 7.57574510574, "dmean2": 3.70534229279, "dmean": 2.27833819389, "var": 12.7227449417, "dvar": 4.6671423912, "mean": 8.34135055542}, "melbands": {"min": [8.70893071641e-25, 1.13643489361e-24, 6.43380804106e-25, 1.35217237675e-24, 1.28867666667e-24, 9.71257083599e-25, 1.26222902014e-24, 2.37637524051e-24, 1.26773773444e-24, 3.3160403184e-24, 1.95606581147e-24, 1.75375158549e-24, 1.52435083425e-24, 2.2071342052e-24, 1.82018235118e-24, 1.3758446134e-24, 1.65205400417e-24, 2.42627818694e-24, 3.03964377038e-24, 3.8879167486e-24, 2.66461614059e-24, 3.22887276609e-24, 3.78656074405e-24, 4.17313769192e-24, 3.34399044913e-24, 4.07569128202e-24, 3.85776411822e-24, 4.05055462371e-24, 4.34639718469e-24, 4.28628243384e-24, 5.1351957699e-24, 4.60163628602e-24, 5.12860404817e-24, 4.92474819077e-24, 4.87082718131e-24, 5.47474122503e-24, 5.47670430539e-24, 5.03013527454e-24, 5.795563461e-24, 5.94389179372e-24], "max": [0.00284090684727, 0.00925016961992, 0.00643062032759, 0.00549791380763, 0.00552063807845, 0.00517507875338, 0.00927596073598, 0.00831941049546, 0.00522675085813, 0.00382915278897, 0.00311686098576, 0.00330219231546, 0.00415586633608, 0.00656781578436, 0.00316554238088, 0.0018211962888, 0.00156820216216, 0.00230967393145, 0.00181841966696, 0.00122987327632, 0.0023930054158, 0.00106624257751, 0.000736257235985, 0.000516823376529, 0.000537763000466, 0.000551967241336, 0.000322179665091, 0.000199770831387, 0.000152128297486, 0.000152045729919, 0.000306202535285, 0.000494931533467, 0.000199719186639, 0.000114996844786, 0.000118762000056, 0.000125731326989, 0.000113471469376, 5.38332787983e-05, 4.32783454016e-05, 3.87321342714e-05], "dvar2": [1.38036924113e-07, 8.81098969785e-07, 5.34601213076e-07, 3.15258176897e-07, 3.18982017689e-07, 1.14306267562e-07, 1.4947717375e-07, 1.73333361886e-07, 2.00723448529e-07, 1.01051526258e-07, 5.11919147073e-08, 7.05890244035e-08, 1.23379066963e-07, 1.25835370568e-07, 3.9732540813e-08, 1.65301585753e-08, 1.77401879853e-08, 2.28693686211e-08, 2.57926071612e-08, 6.82555922893e-09, 1.05815400886e-08, 6.02684568918e-09, 3.56476514973e-09, 2.32093610997e-09, 4.54671134076e-10, 7.12148451321e-10, 6.32903562892e-10, 2.47325854241e-10, 7.08092195989e-11, 7.9934753261e-11, 1.94814595011e-10, 1.50760670614e-09, 1.82146742134e-10, 4.84421912306e-11, 1.4084680644e-10, 3.45530166979e-11, 2.53116711618e-11, 1.12939275987e-11, 5.56208855015e-12, 7.48358233021e-12], "median": [0.000124124344438, 0.00064743263647, 0.000544890412129, 0.000146557198605, 0.000111665212899, 7.30290776119e-05, 5.86692731304e-05, 7.72773928475e-05, 8.99048463907e-05, 8.53121455293e-05, 6.89005973982e-05, 5.06170181325e-05, 3.83989026886e-05, 3.05965877487e-05, 3.23872409353e-05, 1.89889487956e-05, 2.15158142964e-05, 3.58430479537e-05, 4.00388162234e-05, 2.31238518609e-05, 2.52659992839e-05, 3.11432086164e-05, 2.75367710856e-05, 1.70224047906e-05, 8.83281609276e-06, 9.65659637586e-06, 8.28398242447e-06, 5.23139260622e-06, 2.18289460463e-06, 1.14714464416e-06, 1.47776506765e-06, 2.13232556234e-06, 1.14072281576e-06, 8.7870751031e-07, 1.05548292595e-06, 3.89603144413e-07, 2.69222624638e-07, 2.4323838943e-07, 2.22315605924e-07, 2.26778311685e-07], "dmean2": [0.000242840309511, 0.000736101064831, 0.000556791725103, 0.000294927507639, 0.000288146722596, 0.000162783544511, 0.000138567222166, 0.000197428569663, 0.000211197562749, 0.000148842242197, 0.000110072702228, 0.000130016196636, 0.000111415123683, 9.88885367406e-05, 7.85210067988e-05, 5.2066421631e-05, 6.23992891633e-05, 7.99940389697e-05, 7.80705522629e-05, 4.25846337748e-05, 4.76451132272e-05, 4.54112378065e-05, 3.6737863411e-05, 2.99662351608e-05, 1.21605944514e-05, 1.24258467622e-05, 1.38054356285e-05, 9.05944034457e-06, 4.20465948991e-06, 3.70407474293e-06, 5.00666419612e-06, 1.26932518469e-05, 4.70121631224e-06, 2.54059295912e-06, 4.77813682664e-06, 1.55439454375e-06, 1.20907679957e-06, 9.56157350629e-07, 7.22427330402e-07, 9.82415372164e-07], "dmean": [0.000156504596816, 0.000431258667959, 0.000327374931658, 0.000176851390279, 0.000181763549335, 0.00010362471221, 8.72962918947e-05, 0.000124083977425, 0.000134050758788, 9.45668798522e-05, 6.98216172168e-05, 8.232719847e-05, 7.1342663432e-05, 6.31185321254e-05, 4.88585646963e-05, 3.33982497978e-05, 3.92818474211e-05, 5.09286801389e-05, 4.97890432598e-05, 2.82134951703e-05, 3.19086648233e-05, 2.89872896246e-05, 2.37214189838e-05, 1.9237444576e-05, 7.79466336098e-06, 8.17719410406e-06, 9.20947331906e-06, 6.14068767391e-06, 2.84596126221e-06, 2.5163672035e-06, 3.41350778399e-06, 8.08066033642e-06, 3.11405960929e-06, 1.746535645e-06, 3.1736578876e-06, 1.05669755612e-06, 8.31414865843e-07, 6.58554199617e-07, 4.94400865136e-07, 6.74984505622e-07], "var": [1.48174152059e-07, 1.3371213754e-06, 4.26543863341e-07, 1.7785748696e-07, 2.57069132203e-07, 1.04412464452e-07, 1.18594229548e-07, 1.34857174316e-07, 1.63254895824e-07, 6.46491500333e-08, 4.60481253128e-08, 6.72807729529e-08, 9.89349899783e-08, 1.18017723594e-07, 3.10846850482e-08, 1.32019239985e-08, 1.85993158652e-08, 2.56902286111e-08, 2.34237500507e-08, 7.77254438589e-09, 1.66753952868e-08, 5.93087889911e-09, 4.0218202102e-09, 2.86041879072e-09, 4.40027292381e-10, 6.45950126721e-10, 8.95261587086e-10, 4.01563643448e-10, 8.09783629041e-11, 6.22571369457e-11, 1.28297372726e-10, 7.04387159711e-10, 1.0264160355e-10, 3.43361068744e-11, 9.81623810015e-11, 2.14753059086e-11, 1.41759373337e-11, 6.71354985493e-12, 3.55494041322e-12, 5.11478706611e-12], "dvar": [6.92523869361e-08, 3.26927391825e-07, 1.95021542027e-07, 1.20616761023e-07, 1.30370580109e-07, 5.00915824375e-08, 5.64028361794e-08, 7.41105736779e-08, 8.301954324e-08, 4.0957125691e-08, 1.98726510803e-08, 2.90385582247e-08, 4.8012630316e-08, 5.0111392369e-08, 1.49834100682e-08, 6.33184438215e-09, 6.77718503539e-09, 9.4608907375e-09, 1.01166328648e-08, 3.05079406182e-09, 4.66031480073e-09, 2.46639819679e-09, 1.52376855578e-09, 9.66735469454e-10, 1.92405300026e-10, 2.94904711762e-10, 2.84519602323e-10, 1.16238123293e-10, 3.39163939989e-11, 3.90094380409e-11, 9.14556139153e-11, 6.29970631216e-10, 8.0622584997e-11, 2.3147657402e-11, 6.36529856601e-11, 1.60372964908e-11, 1.12637295324e-11, 5.04738698753e-12, 2.40725928774e-12, 3.34889364503e-12], "mean": [0.000266714632744, 0.00105530722067, 0.000702640216332, 0.000273375597317, 0.000298575294437, 0.000183508062037, 0.000156688736752, 0.00019900323241, 0.000218577755732, 0.000158954033395, 0.000138042407343, 0.000148575636558, 0.000128124811454, 0.000110425971798, 8.46264738357e-05, 5.74550322199e-05, 7.23017001292e-05, 9.73289643298e-05, 9.17703437153e-05, 5.41236913705e-05, 6.82251120452e-05, 5.82464308536e-05, 4.98592708027e-05, 3.99533601012e-05, 1.58107413881e-05, 1.70444636751e-05, 1.97501685761e-05, 1.36944308906e-05, 5.44475506103e-06, 3.6920760067e-06, 4.86884482598e-06, 9.82574692898e-06, 4.10763959735e-06, 2.63302604253e-06, 4.45554724138e-06, 1.42802491609e-06, 1.11324186491e-06, 9.59349335972e-07, 8.21601020107e-07, 9.91218598756e-07]}, "barkbands_skewness": {"min": -2.46003198624, "max": 4.63781166077, "dvar2": 0.260899394751, "median": 0.429438710213, "dmean2": 0.537686169147, "dmean": 0.358278900385, "var": 0.813750445843, "dvar": 0.124228589237, "mean": 0.5175370574}, "spectral_entropy": {"min": 5.58538103104, "max": 9.83055686951, "dvar2": 0.0422800816596, "median": 7.59157419205, "dmean2": 0.199449956417, "dmean": 0.14669765532, "var": 0.22831222415, "dvar": 0.0233116429299, "mean": 7.63546133041}, "spectral_rolloff": {"min": 129.19921875, "max": 19681.3476563, "dvar2": 1860272.75, "median": 2153.3203125, "dmean2": 872.316101074, "dmean": 550.15234375, "var": 6843640, "dvar": 910364.6875, "mean": 2598.55883789}, "barkbands": {"min": [1.68744632264e-25, 2.39571732105e-24, 1.64505966756e-24, 4.76095453583e-25, 4.30628912968e-24, 3.94561442964e-24, 3.24044653887e-24, 6.25689917914e-24, 2.24719019538e-23, 1.32917650944e-23, 4.61675164982e-24, 1.9313151428e-23, 1.2216273157e-23, 2.12214690666e-23, 3.95591087883e-23, 5.34424422533e-23, 5.01929885006e-23, 1.02935701665e-22, 1.14133569592e-22, 1.3981328922e-22, 2.34950671696e-22, 3.3552352038e-22, 3.0041986643e-22, 5.83138804862e-22, 8.63925728275e-22, 1.19510069394e-21, 1.92246589049e-21], "max": [0.000534183986019, 0.0107026938349, 0.0230976119637, 0.0162695255131, 0.023772738874, 0.0343409180641, 0.0388810783625, 0.0534198954701, 0.0276168007404, 0.0196195561439, 0.033372040838, 0.0439692996442, 0.0238388869911, 0.0209561660886, 0.0224048476666, 0.0287844315171, 0.0156388226897, 0.00777389155701, 0.014527130872, 0.00585502572358, 0.00738368555903, 0.0126108666882, 0.00726995244622, 0.00596970273182, 0.004621907603, 0.000317609985359, 1.96733290068e-05], "dvar2": [2.36813191279e-09, 2.17000410885e-06, 6.56977226754e-06, 3.37988080901e-06, 7.82943152444e-06, 3.55853126166e-06, 3.00224132843e-06, 8.03589682619e-06, 5.15116744282e-06, 2.7502148896e-06, 7.24144047126e-06, 6.16660599917e-06, 2.73171713161e-06, 2.56505222751e-06, 3.63247772839e-06, 1.62731532782e-06, 1.60865022281e-06, 7.14608916041e-07, 3.48488100599e-07, 2.51308335919e-07, 1.50043121039e-07, 1.199046892e-06, 2.14114692199e-07, 9.89953505837e-08, 2.11548695006e-07, 4.89659646163e-10, 1.24356937508e-12], "median": [2.47234056587e-05, 0.000670301553328, 0.00152516295202, 0.000906181638129, 0.000584405381233, 0.000384201353882, 0.00026176252868, 0.000405238533858, 0.000674425042234, 0.000334204058163, 0.000223780807573, 0.000282290158793, 0.000277892599115, 0.000255742925219, 0.000558531144634, 0.000310748291668, 0.000532919424586, 0.000347289256752, 0.000262932386249, 0.000192218692973, 5.77771206736e-05, 8.50383075885e-05, 5.58654064662e-05, 2.29607794608e-05, 3.05940557155e-05, 1.06480672457e-06, 1.89583069243e-08], "dmean2": [2.87149214273e-05, 0.00112288398668, 0.00190039793961, 0.00130479107611, 0.0015171058476, 0.000884257780854, 0.000666733249091, 0.00129029282834, 0.00109894678462, 0.000806563301012, 0.00081086345017, 0.000784333213232, 0.000728820101358, 0.000775061082095, 0.00102100672666, 0.000627365021501, 0.000764465949032, 0.000560465385206, 0.00029508251464, 0.000298823899357, 0.000154722118168, 0.000377503834898, 0.000182801086339, 8.29833297757e-05, 0.00016067973047, 7.77947207098e-06, 2.39088137732e-07], "dmean": [1.8363860363e-05, 0.000694751564879, 0.00111875904258, 0.000764159893151, 0.000922721170355, 0.000567938492168, 0.000419318355853, 0.000812582497019, 0.000698113522958, 0.000510062731337, 0.000516198633704, 0.000501109811012, 0.000458320748294, 0.000487847428303, 0.000652667193208, 0.000408684951253, 0.000493084720802, 0.000360290956451, 0.000196726527065, 0.000203833726118, 0.000106580584543, 0.000248729105806, 0.000125306105474, 5.81825588597e-05, 0.000110271663289, 5.11599364472e-06, 1.41755492677e-07], "var": [2.04493977307e-09, 2.22320113608e-06, 8.39491713123e-06, 2.58247609963e-06, 5.25776431459e-06, 3.13024042953e-06, 2.3173399768e-06, 6.5161875682e-06, 3.44949125974e-06, 2.65216567641e-06, 6.06234152656e-06, 5.86387659496e-06, 2.194653689e-06, 2.70350392384e-06, 3.62915125152e-06, 2.53099688052e-06, 1.75255456725e-06, 8.78137484506e-07, 3.68787851812e-07, 4.32986013266e-07, 1.21950620269e-07, 6.38566177713e-07, 1.61717565561e-07, 6.04648491276e-08, 1.27194255128e-07, 2.16950055143e-10, 3.05674891865e-13], "dvar": [1.11331144304e-09, 9.03426723653e-07, 2.45744740823e-06, 1.20543813864e-06, 3.04978084387e-06, 1.55918746714e-06, 1.16453531973e-06, 3.42510816154e-06, 2.07994344237e-06, 1.09673908355e-06, 2.84957877739e-06, 2.47342995863e-06, 1.03286038211e-06, 9.95447180685e-07, 1.46906086229e-06, 6.94828827363e-07, 6.81078404341e-07, 2.98975521673e-07, 1.50130915699e-07, 1.19467870263e-07, 7.44920214402e-08, 5.20467153819e-07, 1.01705452948e-07, 4.4995069004e-08, 9.57067740615e-08, 2.01360039753e-10, 4.4903243992e-13], "mean": [3.87196851079e-05, 0.00124786165543, 0.00253527075984, 0.00141052075196, 0.00140656088479, 0.000978741561994, 0.000709980551619, 0.00125327135902, 0.00121216336265, 0.000916988530662, 0.00089051789837, 0.000877428334206, 0.000779552443419, 0.000897480058484, 0.00123002869077, 0.000871565542184, 0.00101046438795, 0.000757683883421, 0.000441944255726, 0.000473317748401, 0.000167590391356, 0.000324940949213, 0.0001879659103, 8.52731827763e-05, 0.000148016144522, 5.80226742386e-06, 1.29044607888e-07]}, "melbands_flatness_db": {"min": 0.00282573304139, "max": 0.375149399042, "dvar2": 0.000833643192891, "median": 0.145737141371, "dmean2": 0.030269715935, "dmean": 0.0214656013995, "var": 0.00353411328979, "dvar": 0.00045281770872, "mean": 0.15302965045}, "melbands_skewness": {"min": -1.40793049335, "max": 7.91961336136, "dvar2": 0.422634869814, "median": 1.31759405136, "dmean2": 0.670986771584, "dmean": 0.444659054279, "var": 1.26787960529, "dvar": 0.192744612694, "mean": 1.49681794643}, "silence_rate_60dB": {"min": 0, "max": 1, "dvar2": 0.0129005061463, "median": 0, "dmean2": 0.0110950311646, "dmean": 0.00554684689268, "var": 0.0743568316102, "dvar": 0.00551583431661, "mean": 0.0809018537402}, "spectral_energyband_low": {"min": 1.03741803914e-23, "max": 0.0322189889848, "dvar2": 1.16891014841e-05, "median": 0.00381174194627, "dmean2": 0.00290010892786, "dmean": 0.00172893970739, "var": 1.61799889611e-05, "dvar": 4.42371992904e-06, "mean": 0.00470146490261}, "spectral_energyband_middle_low": {"min": 1.75356117814e-22, "max": 0.0541771538556, "dvar2": 2.86137164949e-05, "median": 0.00579671235755, "dmean2": 0.00410500727594, "dmean": 0.00261729047634, "var": 3.11725016218e-05, "dvar": 1.17992922242e-05, "mean": 0.0071656582877}, "melbands_kurtosis": {"min": -1.76455712318, "max": 76.2752380371, "dvar2": 29.4033184052, "median": 1.47644901276, "dmean2": 3.45379900932, "dmean": 2.23808026314, "var": 39.8571205139, "dvar": 12.8769664764, "mean": 3.60087037086}, "spectral_decrease": {"min": -1.45544731822e-08, "max": 2.01722889414e-28, "dvar2": 3.33620614645e-18, "median": -4.956230093e-09, "dmean2": 1.69075742296e-09, "dmean": 1.08753528405e-09, "var": 6.86904387785e-18, "dvar": 1.42341725777e-18, "mean": -4.8795261165e-09}, "erbbands_kurtosis": {"min": -1.59689080715, "max": 21.3757781982, "dvar2": 2.13104104996, "median": 0.104437306523, "dmean2": 1.20477557182, "dmean": 0.76977545023, "var": 2.95752024651, "dvar": 0.925635695457, "mean": 0.583438873291}, "melbands_crest": {"min": 1.58257257938, "max": 30.4638175964, "dvar2": 17.2639255524, "median": 11.2912569046, "dmean2": 4.73364496231, "dmean": 2.93996334076, "var": 30.5444545746, "dvar": 7.22948265076, "mean": 12.3442420959}, "mfcc": {"mean": [-644.003417969, 109.357719421, -25.5068778992, 19.8681602478, 6.02990674973, 1.77410721779, -3.00547099113, 8.22308826447, 2.50063848495, 2.28900790215, 0.372882843018, -6.32856035233, -0.13279055059], "icov": [[8.84265828063e-05, -5.14575694979e-05, 2.55139093497e-05, -0.000145948812133, 0.000148823004565, -4.0165057726e-05, 0.000146855978528, -0.000118042793474, 2.93408493235e-06, 8.67253402248e-05, 5.07812510477e-05, 0.000183483061846, 0.00010060769273], [-5.14575694979e-05, 0.000901992549188, 0.000383788021281, -0.000147584476508, -0.000440485775471, 2.82050223177e-05, -0.000290306197712, -0.000875733210705, 4.68009020551e-05, -0.000291819189442, -0.000363252736861, -0.000162777869264, 9.30086898734e-05], [2.55139093497e-05, 0.000383788021281, 0.00222551380284, -0.000291847623885, 0.000213056031498, -0.00124535430223, 0.000702834047843, -0.000755111803301, -0.000933401286602, 0.00098688097205, -0.000216851345613, -0.000539041357115, 6.74313268973e-05], [-0.000145948812133, -0.000147584476508, -0.000291847623885, 0.00569478981197, -0.00302396691404, 0.00124265009072, 0.000511514605023, -0.000679165532347, -0.000459284579847, -0.000591485237237, 0.00146494887304, -0.000418548384914, -0.00144230457954], [0.000148823004565, -0.000440485775471, 0.000213056031498, -0.00302396691404, 0.00875952001661, -0.000929367321078, -0.000454271183116, 0.00100966263562, -0.00101971882395, -0.000622182211373, 0.00170214253012, 0.00011930684559, -0.00091408775188], [-4.0165057726e-05, 2.82050223177e-05, -0.00124535430223, 0.00124265009072, -0.000929367321078, 0.00742854550481, -0.00195795018226, -0.00143061869312, 0.000281495333184, 0.00156956515275, -0.00189590186346, 0.00071842293255, 0.00110146065708], [0.000146855978528, -0.000290306197712, 0.000702834047843, 0.000511514605023, -0.000454271183116, -0.00195795018226, 0.00887225847691, -0.0031378113199, 0.00170421635266, -0.00343723129481, 0.00155341613572, 9.1605259513e-05, 0.000511169258971], [-0.000118042793474, -0.000875733210705, -0.000755111803301, -0.000679165532347, 0.00100966263562, -0.00143061869312, -0.0031378113199, 0.0152708115056, -0.00408025737852, -0.00102758605499, 0.00039192798431, 0.000910527131055, -0.00393544044346], [2.93408493235e-06, 4.68009020551e-05, -0.000933401286602, -0.000459284579847, -0.00101971882395, 0.000281495333184, 0.00170421635266, -0.00408025737852, 0.0108923846856, -0.00279335188679, 0.00191282085143, -0.000235421044636, -0.000399038603064], [8.67253402248e-05, -0.000291819189442, 0.00098688097205, -0.000591485237237, -0.000622182211373, 0.00156956515275, -0.00343723129481, -0.00102758605499, -0.00279335188679, 0.0153042254969, -0.00477459374815, -0.000152595923282, 0.00264805182815], [5.07812510477e-05, -0.000363252736861, -0.000216851345613, 0.00146494887304, 0.00170214253012, -0.00189590186346, 0.00155341613572, 0.00039192798431, 0.00191282085143, -0.00477459374815, 0.0129612721503, -0.000707803294063, -0.00221004965715], [0.000183483061846, -0.000162777869264, -0.000539041357115, -0.000418548384914, 0.00011930684559, 0.00071842293255, 9.1605259513e-05, 0.000910527131055, -0.000235421044636, -0.000152595923282, -0.000707803294063, 0.0142950136214, -0.00342969223857], [0.00010060769273, 9.30086898734e-05, 6.74313268973e-05, -0.00144230457954, -0.00091408775188, 0.00110146065708, 0.000511169258971, -0.00393544044346, -0.000399038603064, 0.00264805182815, -0.00221004965715, -0.00342969223857, 0.0151157639921]], "cov": [[13634.6806641, 828.684204102, -149.83795166, 359.584716797, -72.6026611328, -34.0543365479, -192.024642944, 131.190353394, 59.4010353088, -86.384803772, -111.417472839, -186.314834595, -63.9919281006], [828.684204102, 1568.99523926, -318.733978271, 129.702835083, 116.70274353, -25.3930454254, 128.780502319, 123.366264343, 32.7727661133, 103.801963806, 19.3013420105, -1.88059401512, 20.3754863739], [-149.83795166, -318.733978271, 650.456115723, 1.49051845074, -20.6243591309, 100.094703674, -67.0237884521, 23.930059433, 56.897441864, -64.4085617065, -0.920490801334, 21.3505744934, 17.6500892639], [359.584716797, 129.702835083, 1.49051845074, 293.42376709, 111.564796448, -54.2719764709, -13.8089361191, 32.9795188904, 50.7202949524, 7.75612592697, -49.8721504211, 13.4071464539, 40.2847480774], [-72.6026611328, 116.70274353, -20.6243591309, 111.564796448, 171.075561523, -10.1021184921, 15.8065652847, 16.3394126892, 32.2838935852, 13.4177932739, -31.6529121399, 6.76436519623, 20.7118854523], [-34.0543365479, -25.3930454254, 100.094703674, -54.2719764709, -10.1021184921, 184.078720093, 36.0685005188, 21.1288337708, -4.55688619614, -9.65122795105, 25.0188484192, -10.248626709, -12.0822229385], [-192.024642944, 128.780502319, -67.0237884521, -13.8089361191, 15.8065652847, 36.0685005188, 167.33682251, 38.2232704163, -7.47350406647, 45.1398468018, 3.05015850067, -5.58301210403, -6.8384976387], [131.190353394, 123.366264343, 23.930059433, 32.9795188904, 16.3394126892, 21.1288337708, 38.2232704163, 103.947914124, 42.8408088684, 18.2090873718, -2.64527487755, 0.10067743808, 24.2039337158], [59.4010353088, 32.7727661133, 56.897441864, 50.7202949524, 32.2838935852, -4.55688619614, -7.47350406647, 42.8408088684, 127.215377808, 15.9702425003, -19.1115016937, 5.86433601379, 16.7765007019], [-86.384803772, 103.801963806, -64.4085617065, 7.75612592697, 13.4177932739, -9.65122795105, 45.1398468018, 18.2090873718, 15.9702425003, 96.9069900513, 24.227558136, -0.260264515877, -7.37918519974], [-111.417472839, 19.3013420105, -0.920490801334, -49.8721504211, -31.6529121399, 25.0188484192, 3.05015850067, -2.64527487755, -19.1115016937, 24.227558136, 103.804725647, 5.09582662582, 2.92369365692], [-186.314834595, -1.88059401512, 21.3505744934, 13.4071464539, 6.76436519623, -10.248626709, -5.58301210403, 0.10067743808, 5.86433601379, -0.260264515877, 5.09582662582, 79.8427429199, 22.8679294586], [-63.9919281006, 20.3754863739, 17.6500892639, 40.2847480774, 20.7118854523, -12.0822229385, -6.8384976387, 24.2039337158, 16.7765007019, -7.37918519974, 2.92369365692, 22.8679294586, 86.2392044067]]}, "spectral_energy": {"min": 9.86157052247e-21, "max": 0.0630076825619, "dvar2": 5.84061090194e-05, "median": 0.021074315533, "dmean2": 0.00703004747629, "dmean": 0.00461594806984, "var": 0.000128004263388, "dvar": 2.58210729953e-05, "mean": 0.0208597593009}, "melbands_spread": {"min": 3.18793296814, "max": 200.032928467, "dvar2": 243.485214233, "median": 37.2963409424, "dmean2": 13.5624237061, "dmean": 8.99022769928, "var": 588.619506836, "dvar": 121.086364746, "mean": 41.164478302}, "erbbands_flatness_db": {"min": 0.0695542320609, "max": 0.450415581465, "dvar2": 0.000417683040723, "median": 0.174613699317, "dmean2": 0.0222714375705, "dmean": 0.0154797788709, "var": 0.00204484374262, "dvar": 0.000212089100387, "mean": 0.175939381123}, "spectral_contrast_valleys": {"min": [-28.3009414673, -28.409910202, -27.9912433624, -27.7739906311, -27.4748668671, -27.4325714111], "max": [-5.95572853088, -4.78229665756, -5.48451566696, -5.63740730286, -5.4591293335, -7.36614942551], "dvar2": [0.446552157402, 0.380305588245, 0.294812589884, 0.268893480301, 0.261693894863, 0.303563058376], "median": [-7.64262104034, -6.75518274307, -7.09786987305, -7.38279819489, -7.34440612793, -10.190908432], "dmean2": [0.74322861433, 0.5958583951, 0.488387286663, 0.439381957054, 0.396634340286, 0.45921432972], "dmean": [0.447850704193, 0.368107259274, 0.307892262936, 0.288297444582, 0.285817027092, 0.359477579594], "var": [8.76084041595, 9.23954582214, 8.89433383942, 8.60862350464, 8.84939193726, 7.38433074951], "dvar": [0.182271689177, 0.167569726706, 0.138020291924, 0.129615977407, 0.134677141905, 0.174598008394], "mean": [-8.21720123291, -7.32302427292, -7.66117954254, -7.92026615143, -7.91776990891, -10.7022418976]}, "barkbands_flatness_db": {"min": 0.0167636349797, "max": 0.375470012426, "dvar2": 0.000508849800099, "median": 0.109931230545, "dmean2": 0.0241902377456, "dmean": 0.0164789166301, "var": 0.00175862491596, "dvar": 0.000254011101788, "mean": 0.115876875818}, "zerocrossingrate": {"min": 0.00732421875, "max": 0.5400390625, "dvar2": 0.0002696281299, "median": 0.07421875, "dmean2": 0.0132846422493, "dmean": 0.0118199037388, "var": 0.00503105297685, "dvar": 0.000215806183405, "mean": 0.087226614356}, "spectral_skewness": {"min": -0.0861887931824, "max": 4.17932701111, "dvar2": 0.132922858, "median": 1.44349646568, "dmean2": 0.34574380517, "dmean": 0.214077830315, "var": 0.159712836146, "dvar": 0.04973231628