{"lowlevel": {"spectral_complexity": {"min": 0, "max": 47, "dvar2": 25.5347957611, "median": 16, "dmean2": 4.94548225403, "dmean": 3.43595647812, "var": 62.7986183167, "dvar": 13.8023500443, "mean": 16.5926303864}, "silence_rate_20dB": {"min": 1, "max": 1, "dvar2": 0, "median": 1, "dmean2": 0, "dmean": 0, "var": 0, "dvar": 0, "mean": 1}, "average_loudness": 0.913894593716, "erbbands_spread": {"min": 2.1401693821, "max": 152.820739746, "dvar2": 293.323760986, "median": 23.0831451416, "dmean2": 12.8666582108, "dmean": 8.16611480713, "var": 369.161804199, "dvar": 119.850257874, "mean": 28.6269721985}, "spectral_kurtosis": {"min": -1.22928476334, "max": 28.70520401, "dvar2": 12.8479003906, "median": 4.69777393341, "dmean2": 3.66525149345, "dmean": 2.12669181824, "var": 11.8300361633, "dvar": 4.34512329102, "mean": 5.37856054306}, "barkbands_kurtosis": {"min": -1.9195984602, "max": 71.1186065674, "dvar2": 31.1805267334, "median": -0.728585600853, "dmean2": 2.78038525581, "dmean": 1.65464735031, "var": 19.1420707703, "dvar": 11.5417289734, "mean": 0.729801416397}, "spectral_strongpeak": {"min": 0, "max": 19.2858085632, "dvar2": 5.9773144722, "median": 0.369501650333, "dmean2": 1.50879096985, "dmean": 0.874046802521, "var": 4.64600324631, "dvar": 2.43521690369, "mean": 1.41139101982}, "spectral_spread": {"min": 1363433.125, "max": 41214884, "dvar2": 467060686848, "median": 2931923, "dmean2": 470668.0625, "dmean": 311269.53125, "var": 927036276736, "dvar": 255546949632, "mean": 3076909.75}, "spectral_rms": {"min": 3.21941822159e-12, "max": 0.0129419285804, "dvar2": 1.74690728727e-06, "median": 0.00325764319859, "dmean2": 0.000944784609601, "dmean": 0.000615606957581, "var": 1.81355142104e-06, "dvar": 7.0780254191e-07, "mean": 0.0033526297193}, "dynamic_complexity": 2.74258780479, "erbbands": {"min": [2.79944748132e-22, 1.80760754074e-21, 6.57958684712e-21, 5.25115998651e-20, 1.30772705351e-19, 4.57924440611e-20, 9.90395755119e-20, 1.73237237018e-19, 6.55234940513e-19, 3.56162801112e-19, 5.99533425244e-19, 1.61226021347e-18, 1.14679358527e-18, 1.16948893974e-18, 1.18775712017e-18, 5.17461650541e-18, 3.20241526584e-18, 3.8305807725e-18, 8.65844109719e-18, 7.44824608252e-18, 1.13772853362e-17, 8.4644349835e-18, 8.81412145155e-18, 1.03860111152e-17, 1.17337273883e-17, 1.34202709023e-17, 1.79856477935e-17, 1.81872912657e-17, 1.43930932053e-17, 1.59701097344e-17, 1.68386493776e-17, 1.71118671339e-17, 1.53858406349e-17, 1.00526176237e-17, 1.04303116001e-17, 4.98822458927e-18, 2.92978108543e-18, 1.22204458374e-18, 3.16457511324e-19, 3.29256108588e-20], "max": [0.207933455706, 3.11414170265, 39.1027603149, 147.730392456, 164.356323242, 88.4350738525, 116.956802368, 1681.6262207, 1813.40905762, 2403.8125, 403.195495605, 465.617095947, 92.1120605469, 169.74810791, 254.293319702, 504.335723877, 458.002624512, 625.28338623, 1021.80267334, 1424.12329102, 927.451721191, 898.357666016, 1621.50744629, 974.517883301, 1672.61865234, 584.03717041, 278.403045654, 123.924873352, 170.990493774, 64.2621002197, 75.3686523438, 16.0730628967, 8.84627151489, 2.79349112511, 0.941667437553, 0.260987102985, 0.0808418542147, 0.0262891855091, 0.0043041696772, 0.000197970541194], "dvar2": [0.000480068818433, 0.163760259748, 21.6351604462, 307.645782471, 175.950256348, 113.525100708, 115.196777344, 995.133789063, 1553.25805664, 2279.23046875, 155.177871704, 213.898773193, 26.9132289886, 66.1702423096, 299.768218994, 430.580322266, 439.920684814, 735.906677246, 3323.69995117, 4084.64526367, 4948.33691406, 4348.76953125, 3583.3894043, 1773.03979492, 4484.08447266, 922.547363281, 73.5040588379, 45.3273696899, 161.847839355, 11.5450372696, 21.8235111237, 0.892860114574, 0.180213630199, 0.0264325197786, 0.00328345177695, 0.000241514891968, 2.47657335422e-05, 1.76173421096e-06, 3.50376829772e-08, 2.82789902606e-10], "median": [0.0047450340353, 0.10880702734, 0.918849766254, 2.32369661331, 1.96785259247, 0.958895087242, 1.02429687977, 1.10311603546, 0.605531990528, 0.456266582012, 0.685962080956, 1.03876495361, 1.15012133121, 1.55926954746, 1.49625265598, 2.0517449379, 2.7690486908, 4.54562854767, 13.7263555527, 20.7215881348, 23.0637435913, 24.0616531372, 31.2439422607, 26.2024936676, 23.2802391052, 11.5169124603, 3.59805178642, 2.65308690071, 2.92526245117, 1.19351780415, 0.716847240925, 0.322373747826, 0.177482306957, 0.0829479023814, 0.0204478949308, 0.00300105125643, 0.000678293756209, 0.000189385609701, 3.79021439585e-05, 1.62119704328e-05], "dmean2": [0.0135135799646, 0.242878139019, 2.21832728386, 6.77377176285, 5.47838401794, 4.11729574203, 3.67278766632, 6.7300620079, 7.26760196686, 3.89545965195, 3.17543411255, 3.52872776985, 2.35039043427, 3.57343554497, 6.08739900589, 6.28457689285, 7.30387163162, 10.9914836884, 23.9171295166, 31.2639884949, 36.3907852173, 34.6298789978, 34.7513427734, 22.5687294006, 23.0427303314, 17.8035964966, 5.12812328339, 3.88213133812, 4.97705459595, 1.64943647385, 1.69105756283, 0.426728397608, 0.214373812079, 0.094493933022, 0.0293963029981, 0.00657860795036, 0.00181604584213, 0.000536997744348, 7.08572624717e-05, 1.03162356027e-05], "dmean": [0.00885886512697, 0.138000056148, 1.25138044357, 3.91173911095, 3.2001490593, 2.37410736084, 2.29377245903, 4.35257768631, 4.52531480789, 2.42051196098, 1.96960437298, 2.24648308754, 1.49798035622, 2.2981004715, 3.93446993828, 4.13831138611, 4.78005123138, 7.09160232544, 15.8497600555, 21.7113571167, 24.2288913727, 22.643743515, 23.9641571045, 15.7337694168, 16.2516784668, 12.3769235611, 3.55393481255, 2.65322351456, 3.21701049805, 1.09872698784, 1.08065509796, 0.282446891069, 0.143454566598, 0.0623334124684, 0.0190961770713, 0.00420898431912, 0.00114509032574, 0.000342631043168, 4.56987436337e-05, 6.66290407025e-06], "var": [0.000482300587464, 0.0848951265216, 10.2886638641, 93.4550933838, 53.3346405029, 32.4349784851, 46.5427398682, 1152.0814209, 1231.55883789, 1087.57446289, 105.479766846, 130.671813965, 25.3048171997, 54.7108917236, 257.556854248, 381.830200195, 495.387084961, 629.264892578, 3737.4519043, 6452.33300781, 9726.80664063, 5761.59082031, 6509.38574219, 3266.09179688, 4306.78564453, 2153.55810547, 407.073242188, 90.4064788818, 94.5161056519, 10.45906353, 10.5647239685, 0.643116354942, 0.192085623741, 0.0250173453242, 0.00252252421342, 0.000148364255438, 1.25097776618e-05, 1.32270895392e-06, 2.45688180911e-08, 2.35711339336e-10], "dvar": [0.000234384569922, 0.0567813739181, 7.37593698502, 108.516838074, 63.1269454956, 41.820514679, 45.9698181152, 562.151916504, 831.347473145, 1023.1494751, 69.1397247314, 87.7573013306, 11.9640369415, 27.1808719635, 127.068275452, 172.645645142, 195.263381958, 316.948974609, 1406.63781738, 2145.22021484, 2171.68383789, 1923.19213867, 1852.54638672, 903.577636719, 2045.03137207, 490.741088867, 36.4519500732, 21.1559085846, 63.9322776794, 5.2504324913, 9.07263660431, 0.38695332408, 0.0837933793664, 0.0112723512575, 0.00133913103491, 9.49721143115e-05, 9.43171926338e-06, 7.09538483079e-07, 1.37020474966e-08, 1.12820912335e-10], "mean": [0.0132032185793, 0.21333104372, 2.16761755943, 5.20440578461, 4.12483358383, 2.53287315369, 2.92063307762, 5.14723920822, 4.34066152573, 2.6141808033, 2.86242389679, 3.31910538673, 2.6248626709, 4.00789213181, 6.21868848801, 6.99523162842, 8.68320655823, 12.8595256805, 33.1099052429, 45.7258720398, 58.957649231, 52.3689155579, 58.2885856628, 42.4881057739, 40.2865791321, 31.5689182281, 10.7876653671, 6.49591112137, 6.15534210205, 2.23004865646, 1.67342495918, 0.550101339817, 0.307819575071, 0.136248528957, 0.039708647877, 0.00817740987986, 0.00212004873902, 0.0006853712257, 0.000103222439066, 2.02921728487e-05]}, "spectral_contrast_coeffs": {"min": [-0.947585046291, -0.959012746811, -0.97215628624, -0.958917140961, -0.957384586334, -0.958068013191], "max": [-0.344201147556, -0.295527040958, -0.475993305445, -0.489546656609, -0.49582734704, -0.584683477879], "dvar2": [0.00584428105503, 0.00333842029795, 0.00187897449359, 0.00171871657949, 0.00116487010382, 0.000758407870308], "median": [-0.624878406525, -0.762054920197, -0.791190862656, -0.730425834656, -0.711028575897, -0.729561269283], "dmean2": [0.0904363840818, 0.0704907029867, 0.0539493337274, 0.0513003356755, 0.041816085577, 0.0303505398333], "dmean": [0.0542479269207, 0.0428229868412, 0.0335298776627, 0.0330815166235, 0.0280264019966, 0.0199448969215], "var": [0.00645919842646, 0.00415198365226, 0.00327250664122, 0.00404176767915, 0.00411009369418, 0.00208376045339], "dvar": [0.00214473740198, 0.00131131568924, 0.000760381459258, 0.000771572173107, 0.000597752106842, 0.000360281468602], "mean": [-0.626755475998, -0.756471574306, -0.783468127251, -0.726511418819, -0.711883723736, -0.731126725674]}, "dissonance": {"min": 0.266578197479, "max": 0.500000059605, "dvar2": 0.000186502351426, "median": 0.490770965815, "dmean2": 0.0116753643379, "dmean": 0.00691823475063, "var": 0.000177796173375, "dvar": 7.3224910011e-05, "mean": 0.487544417381}, "spectral_energyband_high": {"min": 7.64542926123e-21, "max": 0.00799654051661, "dvar2": 3.27560456981e-07, "median": 0.000344179279637, "dmean2": 0.000358445948223, "dmean": 0.000248591182753, "var": 7.49846719827e-07, "dvar": 1.51794523617e-07, "mean": 0.000670869892929}, "gfcc": {"mean": [-41.7652244568, 74.6947021484, -148.724838257, 70.1631317139, -30.3386325836, 2.26937484741, -38.5289077759, 2.58235764503, -22.1061782837, -12.2156038284, -17.2555141449, -9.7472820282, -10.24559021], "icov": [[0.000715412432328, -0.000701942190062, 0.00108339171857, -0.00121205556206, 0.000982588389888, -0.000869850395247, 0.00146418437362, -0.00102200731635, 0.00206330348738, -0.00164454081096, 0.00153477524873, -0.000909663154744, 0.000652472954243], [-0.000701942190062, 0.00409004930407, -0.00342267262749, 0.00372944050469, -0.00280146440491, 0.00359145482071, -0.00307647534646, 0.00440653879195, -0.00451066624373, 0.00598410796374, -0.00473294127733, 0.00386886764318, -0.00188135029748], [0.00108339171857, -0.00342267262749, 0.00709008518606, -0.00621364917606, 0.00318784336559, -0.00155640812591, 0.00234279641882, -0.00208405964077, 0.00358693441376, -0.00394181581214, 0.0034088792745, -0.00327573646791, 0.00321111222729], [-0.00121205556206, 0.00372944050469, -0.00621364917606, 0.00959684792906, -0.00404248479754, 0.0020328455139, -0.00324908876792, 0.00333093013614, -0.00502873584628, 0.00538186961785, -0.00235531921498, 0.00299834017642, -0.00349230924621], [0.000982588389888, -0.00280146440491, 0.00318784336559, -0.00404248479754, 0.00580273149535, -0.00242888787761, 0.00264379521832, -0.00536814518273, 0.00518886605278, -0.00336495391093, 0.00346149713732, -0.00163325259928, 0.00123615190387], [-0.000869850395247, 0.00359145482071, -0.00155640812591, 0.0020328455139, -0.00242888787761, 0.0128504559398, -0.00946069695055, 0.0084732118994, -0.00656015565619, 0.00737786153331, -0.00670355232432, 0.00373580539599, -0.00196593045257], [0.00146418437362, -0.00307647534646, 0.00234279641882, -0.00324908876792, 0.00264379521832, -0.00946069695055, 0.0162777863443, -0.00767797930166, 0.00884142424911, -0.00960181187838, 0.00698047084734, -0.00396227650344, 0.00366201321594], [-0.00102200731635, 0.00440653879195, -0.00208405964077, 0.00333093013614, -0.00536814518273, 0.0084732118994, -0.00767797930166, 0.0167511627078, -0.0113674188033, 0.00810097623616, -0.00884584244341, 0.00797135569155, -0.00424595735967], [0.00206330348738, -0.00451066624373, 0.00358693441376, -0.00502873584628, 0.00518886605278, -0.00656015565619, 0.00884142424911, -0.0113674188033, 0.0191469117999, -0.0108973793685, 0.0105740921572, -0.00934458337724, 0.00572144147009], [-0.00164454081096, 0.00598410796374, -0.00394181581214, 0.00538186961785, -0.00336495391093, 0.00737786153331, -0.00960181187838, 0.00810097623616, -0.0108973793685, 0.0235150549561, -0.0125076910481, 0.00728301052004, -0.00540175801143], [0.00153477524873, -0.00473294127733, 0.0034088792745, -0.00235531921498, 0.00346149713732, -0.00670355232432, 0.00698047084734, -0.00884584244341, 0.0105740921572, -0.0125076910481, 0.0187023580074, -0.00763515057042, 0.00488443067297], [-0.000909663154744, 0.00386886764318, -0.00327573646791, 0.00299834017642, -0.00163325259928, 0.00373580539599, -0.00396227650344, 0.00797135569155, -0.00934458337724, 0.00728301052004, -0.00763515057042, 0.0178100205958, -0.00913688074797], [0.000652472954243, -0.00188135029748, 0.00321111222729, -0.00349230924621, 0.00123615190387, -0.00196593045257, 0.00366201321594, -0.00424595735967, 0.00572144147009, -0.00540175801143, 0.00488443067297, -0.00913688074797, 0.0167854558676]], "cov": [[2841.10375977, -297.858123779, -232.361557007, 83.3124237061, -263.044189453, 31.5655384064, -104.96811676, -140.932128906, -191.41267395, 40.7423286438, -87.2004089355, 33.275970459, 50.1263465881], [-297.858123779, 985.986450195, 247.974395752, -90.5740432739, 169.173431396, -134.503387451, -52.582118988, -25.0751266479, -10.599773407, -120.397323608, 50.0921859741, -95.5348739624, -68.9876785278], [-232.361557007, 247.974395752, 466.56741333, 199.152801514, -39.3586769104, -24.9764556885, -13.8414678574, -56.5627288818, 34.2186660767, -46.5918045044, -37.6156311035, 16.3613395691, -29.1156826019], [83.3124237061, -90.5740432739, 199.152801514, 315.907653809, 54.0955276489, 14.6546916962, 5.77252101898, -5.94187116623, 22.8264636993, -27.5558567047, -64.9824981689, 20.0873413086, 22.4029827118], [-263.044189453, 169.173431396, -39.3586769104, 54.0955276489, 432.125610352, -39.769618988, 14.3956699371, 117.851844788, -31.6400928497, -32.7794036865, 1.7142111063, -70.9350357056, -0.715541601181], [31.5655384064, -134.503387451, -24.9764556885, 14.6546916962, -39.769618988, 189.634475708, 81.5200958252, -57.2703094482, -13.3682804108, 9.80010700226, 8.64918804169, 15.8965902328, -1.76138520241], [-104.96811676, -52.582118988, -13.8414678574, 5.77252101898, 14.3956699371, 81.5200958252, 137.853057861, 9.75755214691, -21.9853038788, 26.2293224335, 6.01143312454, -11.2455368042, -9.01923942566], [-140.932128906, -25.0751266479, -56.5627288818, -5.94187116623, 117.851844788, -57.2703094482, 9.75755214691, 175.494949341, 42.5906677246, 7.53238248825, 17.1098308563, -37.1748199463, 1.82131946087], [-191.41267395, -10.599773407, 34.2186660767, 22.8264636993, -31.6400928497, -13.3682804108, -21.9853038788, 42.5906677246, 143.187072754, 10.6661710739, -21.4279098511, 32.0392570496, -0.908647716045], [40.7423286438, -120.397323608, -46.5918045044, -27.5558567047, -32.7794036865, 9.80010700226, 26.2293224335, 7.53238248825, 10.6661710739, 98.2446212769, 34.5345573425, 6.79493618011, 9.47680473328], [-87.2004089355, 50.0921859741, -37.6156311035, -64.9824981689, 1.7142111063, 8.64918804169, 6.01143312454, 17.1098308563, -21.4279098511, 34.5345573425, 118.82396698, 1.90160310268, -8.54088401794], [33.275970459, -95.5348739624, 16.3613395691, 20.0873413086, -70.9350357056, 15.8965902328, -11.2455368042, -37.1748199463, 32.0392570496, 6.79493618011, 1.90160310268, 120.789970398, 45.6462287903], [50.1263465881, -68.9876785278, -29.1156826019, 22.4029827118, -0.715541601181, -1.76138520241, -9.01923942566, 1.82131946087, -0.908647716045, 9.47680473328, -8.54088401794, 45.6462287903, 93.0919647217]]}, "spectral_flux": {"min": 6.6682284694e-11, "max": 0.29756218195, "dvar2": 0.00123981852084, "median": 0.054459400475, "dmean2": 0.0306788086891, "dmean": 0.0196866318583, "var": 0.00141208257992, "dvar": 0.000605838897172, "mean": 0.0631456822157}, "silence_rate_30dB": {"min": 0, "max": 1, "dvar2": 0.00204524374567, "median": 1, "dmean2": 0.00153570517432, "dmean": 0.000767754332628, "var": 0.000639304867946, "dvar": 0.00076716352487, "mean": 0.999360263348}, "spectral_energyband_middle_high": {"min": 1.54335180976e-21, "max": 0.0536130107939, "dvar2": 1.15190396173e-05, "median": 0.00390276755206, "dmean2": 0.00226424564607, "dmean": 0.0016608342994, "var": 3.25012042595e-05, "dvar": 6.20769060333e-06, "mean": 0.00588734215125}, "barkbands_spread": {"min": 1.74502444267, "max": 92.3312301636, "dvar2": 145.653244019, "median": 36.4515304565, "dmean2": 11.7461290359, "dmean": 7.30244684219, "var": 181.38671875, "dvar": 59.1543617249, "mean": 34.8263092041}, "spectral_centroid": {"min": 307.1378479, "max": 10890.4550781, "dvar2": 315409.53125, "median": 2533.19360352, "dmean2": 442.831878662, "dmean": 287.581085205, "var": 419588.40625, "dvar": 133169.078125, "mean": 2426.84594727}, "pitch_salience": {"min": 0.153184607625, "max": 0.872396051884, "dvar2": 0.0104897962883, "median": 0.526189446449, "dmean2": 0.113588601351, "dmean": 0.0699542537332, "var": 0.0135387228802, "dvar": 0.00403175130486, "mean": 0.525189042091}, "erbbands_skewness": {"min": -4.64697170258, "max": 3.55454945564, "dvar2": 0.385405600071, "median": -1.35089731216, "dmean2": 0.609327435493, "dmean": 0.400356531143, "var": 0.740699470043, "dvar": 0.163998886943, "mean": -1.3432585001}, "erbbands_crest": {"min": 2.71759581566, "max": 28.918182373, "dvar2": 10.8885116577, "median": 9.02403736115, "dmean2": 3.57562494278, "dmean": 2.22971177101, "var": 12.7909288406, "dvar": 4.32794189453, "mean": 9.66061115265}, "melbands": {"min": [4.058643209e-24, 3.87621478593e-24, 1.38945857769e-23, 6.20661324073e-24, 3.02778009122e-24, 3.98364856932e-24, 9.54996195152e-24, 3.51923195492e-24, 4.76240377192e-24, 9.69156169515e-24, 5.81898750229e-24, 4.82662414935e-24, 3.0762950369e-24, 1.11306617119e-23, 7.22400241703e-24, 6.22179881316e-24, 5.8776523268e-24, 1.22291655108e-23, 1.10711595115e-23, 1.01293976413e-23, 1.27635422545e-23, 7.07231393129e-24, 7.66050203286e-24, 7.86653199092e-24, 7.48038378895e-24, 8.56125181343e-24, 8.86329797657e-24, 8.12014446106e-24, 1.06047234132e-23, 1.16590951776e-23, 1.02910731061e-23, 7.75159022386e-24, 8.13718070117e-24, 9.29357821302e-24, 1.00251788606e-23, 7.88994064942e-24, 9.54903898426e-24, 1.13871748236e-23, 7.74166398709e-24, 8.58093862618e-24], "max": [0.00187172414735, 0.0146442931145, 0.0241397228092, 0.00713247992098, 0.00343027035706, 0.0350123532116, 0.0257544778287, 0.021975716576, 0.00264687812887, 0.00252346298657, 0.000496004067827, 0.000771685212385, 0.00114586786367, 0.00190316955559, 0.000702121993527, 0.00128818140365, 0.0014991768403, 0.00227135443129, 0.00137054116931, 0.0014193673851, 0.00154611130711, 0.00116937013809, 0.00129652302712, 0.00143439695239, 0.000897797057405, 0.00154337740969, 0.000505687203258, 0.00039048466715, 0.000256126397289, 7.06375649315e-05, 9.04671906028e-05, 9.88405881799e-05, 4.88229161419e-05, 3.09910647047e-05, 6.31541697658e-05, 1.51910862769e-05, 7.14594943929e-06, 8.03133298177e-06, 3.79055018129e-06, 2.30975115301e-06], "dvar2": [5.81456660598e-08, 3.0903293009e-06, 7.75549960963e-06, 6.86855116783e-07, 1.16402915751e-07, 4.55551372625e-07, 3.21786842505e-07, 1.7740275382e-07, 8.59992077551e-09, 6.73599176437e-09, 6.97788105075e-10, 1.12505027516e-09, 4.81041029232e-09, 5.14302023191e-09, 1.47574408249e-09, 2.69076938508e-09, 3.44815376252e-09, 9.74941638532e-09, 7.20030257639e-09, 6.70954758419e-09, 1.03276711627e-08, 5.7480109561e-09, 5.53093881805e-09, 4.78222528244e-09, 1.33933253377e-09, 3.62616026095e-09, 9.4906882353e-10, 4.32284874563e-10, 5.99127830681e-11, 1.49575612313e-11, 2.17664306718e-11, 6.38076813608e-11, 1.72601100079e-11, 2.4046318322e-12, 1.41632061981e-11, 9.14287200636e-13, 2.46257685467e-13, 1.24963028206e-13, 4.73358094529e-14, 1.63072121317e-14], "median": [6.69200744596e-05, 0.000371127855033, 0.000434271263657, 0.000103712634882, 3.77014002879e-05, 2.55328923231e-05, 8.82253789314e-06, 4.63947753815e-06, 6.49822595733e-06, 6.2965646066e-06, 5.38925360161e-06, 6.06533558312e-06, 4.304722097e-06, 4.86860608362e-06, 4.47605179943e-06, 5.56187478651e-06, 7.77530840423e-06, 1.8703232854e-05, 2.24122231884e-05, 2.31557951338e-05, 2.66411625489e-05, 2.28451226576e-05, 1.97466870304e-05, 3.09421084239e-05, 1.7516900698e-05, 1.5369587345e-05, 1.39842231874e-05, 5.33301590622e-06, 1.99813166546e-06, 1.17059221338e-06, 1.3807105006e-06, 1.70899897967e-06, 8.88435693014e-07, 4.57413875665e-07, 4.16127591052e-07, 2.37648805523e-07, 1.481367633e-07, 1.20261816505e-07, 9.44361175925e-08, 5.54059589319e-08], "dmean2": [0.000157934759045, 0.000862713437527, 0.00108747568447, 0.000338213954819, 0.000124438942294, 0.000152624750626, 0.000105064333184, 3.76865245926e-05, 2.71047301794e-05, 2.08082255995e-05, 1.19287142297e-05, 1.45026297105e-05, 2.18931381823e-05, 2.09999507206e-05, 1.3640711586e-05, 1.70861203515e-05, 2.29491906794e-05, 4.09997373936e-05, 4.11936707678e-05, 3.98986594519e-05, 4.98827830597e-05, 3.82755715691e-05, 3.59609766747e-05, 4.03825761168e-05, 1.80680108315e-05, 1.79076232598e-05, 1.74384658749e-05, 1.17721283459e-05, 4.25876442023e-06, 2.18774016503e-06, 2.54513656728e-06, 3.29127396981e-06, 1.67087932823e-06, 7.76306364969e-07, 1.27234034153e-06, 4.17242119966e-07, 2.30419786362e-07, 1.73691148575e-07, 1.21484688975e-07, 7.29306037783e-08], "dmean": [9.62975609582e-05, 0.000487285811687, 0.000632258248515, 0.000195083805011, 7.7634525951e-05, 9.84450962278e-05, 6.43391686026e-05, 2.36540381593e-05, 1.68545739143e-05, 1.32419972942e-05, 7.59210661272e-06, 9.26405664359e-06, 1.40731335705e-05, 1.36193575599e-05, 8.9455907073e-06, 1.10721803139e-05, 1.46093016156e-05, 2.68597086688e-05, 2.81090397038e-05, 2.7496362236e-05, 3.29282265739e-05, 2.49384102062e-05, 2.3907108698e-05, 2.77088875009e-05, 1.24521684484e-05, 1.2200999663e-05, 1.20387167044e-05, 8.10821165942e-06, 2.86337649413e-06, 1.48156436808e-06, 1.70062992311e-06, 2.13204589272e-06, 1.06512266029e-06, 5.11014434323e-07, 8.05418437722e-07, 2.70359436172e-07, 1.49414617567e-07, 1.13855371353e-07, 8.02373492093e-08, 4.73235743925e-08], "var": [4.02954647427e-08, 1.46990930716e-06, 2.39478754338e-06, 1.94537989273e-07, 4.66863632198e-08, 5.23401297414e-07, 2.64132353323e-07, 1.01945580866e-07, 6.03543126587e-09, 4.13539558153e-09, 6.47473241688e-10, 9.00533425607e-10, 3.93389010256e-09, 5.44425704518e-09, 1.43406519992e-09, 2.16461382152e-09, 2.65105137842e-09, 1.04560777814e-08, 1.02268753466e-08, 9.71940838923e-09, 1.91490663326e-08, 6.46562536843e-09, 6.74181555027e-09, 8.28031865296e-09, 2.19664197942e-09, 3.19547854843e-09, 1.42756340082e-09, 9.85242554208e-10, 2.97805474725e-10, 3.78389611311e-11, 3.51326155668e-11, 4.14463220688e-11, 1.00238307238e-11, 2.35052927643e-12, 6.37801226763e-12, 5.55377629736e-13, 1.8443421432e-13, 1.21520564336e-13, 4.81791899941e-14, 1.3221705733e-14], "dvar": [2.26211920307e-08, 1.05588071619e-06, 2.73815317087e-06, 2.51645104754e-07, 4.63989522359e-08, 2.56057774095e-07, 1.75859042884e-07, 8.54693524843e-08, 3.76918141143e-09, 2.74684830437e-09, 3.06656422477e-10, 4.53756476837e-10, 2.05686423449e-09, 2.10127248934e-09, 6.44396536131e-10, 1.11816522708e-09, 1.46681422564e-09, 4.20264978374e-09, 3.32697025485e-09, 3.46354345204e-09, 4.46478454208e-09, 2.4915447483e-09, 2.51268095219e-09, 2.45765363616e-09, 6.65983879156e-10, 1.62328084308e-09, 4.70704641931e-10, 2.27679514131e-10, 2.90955263355e-11, 6.89297230405e-12, 9.73488824274e-12, 2.56327042925e-11, 6.93845545255e-12, 1.11570746131e-12, 5.80469743452e-12, 3.82927196896e-13, 1.06329753487e-13, 5.65239722432e-14, 2.12723142866e-14, 6.66843458978e-15], "mean": [0.000145136858919, 0.000837976112962, 0.000890086521395, 0.000228410892305, 9.95625232463e-05, 0.0001171724507, 6.31672737654e-05, 2.65567250608e-05, 2.48318738159e-05, 1.93314681383e-05, 1.28529436552e-05, 1.57849335665e-05, 2.08408127946e-05, 2.19858065975e-05, 1.52878637891e-05, 1.87562145584e-05, 2.43493686867e-05, 5.15699066455e-05, 5.78342369408e-05, 5.41717236047e-05, 7.58330352255e-05, 5.27571610291e-05, 4.91746723128e-05, 6.19120764895e-05, 3.02253429254e-05, 2.88449518848e-05, 2.75632337434e-05, 1.94748990907e-05, 7.84836720413e-06, 3.5641512568e-06, 3.75535660169e-06, 3.97774738303e-06, 1.8898840608e-06, 9.83011432254e-07, 1.14871033929e-06, 4.60370415567e-07, 2.79270409465e-07, 2.25720114599e-07, 1.65865472468e-07, 9.63460209391e-08]}, "barkbands_skewness": {"min": -5.28646278381, "max": 7.7583656311, "dvar2": 1.06764352322, "median": 0.111681438982, "dmean2": 0.914569199085, "dmean": 0.582060158253, "var": 1.89005458355, "dvar": 0.423669487238, "mean": 0.227532938123}, "spectral_entropy": {"min": 5.58411884308, "max": 9.80058860779, "dvar2": 0.0382360704243, "median": 7.43366622925, "dmean2": 0.205558300018, "dmean": 0.142069831491, "var": 0.131937295198, "dvar": 0.0194912590086, "mean": 7.40703010559}, "spectral_rolloff": {"min": 107.666015625, "max": 19229.1503906, "dvar2": 1648223, "median": 2993.11523438, "dmean2": 917.61541748, "dmean": 545.974487305, "var": 1471453.125, "dvar": 692337.5, "mean": 2846.0456543}, "barkbands": {"min": [4.77809145431e-24, 1.12919853447e-23, 7.72380102075e-24, 2.85721065359e-23, 2.14310583651e-23, 2.05031260154e-23, 3.49074295331e-23, 1.64778228293e-23, 7.89536611918e-23, 3.31543281662e-23, 2.14655110762e-23, 1.14067343142e-22, 4.77586552549e-23, 6.61068341583e-23, 1.6849147546e-22, 2.04760018221e-22, 1.2095243277e-22, 1.55356019998e-22, 2.03088365164e-22, 2.62421686181e-22, 4.96471895242e-22, 4.17936639563e-22, 5.42735343537e-22, 8.76379178774e-22, 1.12668340609e-21, 1.5586279939e-21, 2.34325363745e-21], "max": [0.000602668733336, 0.0102667864412, 0.0426620952785, 0.059418592602, 0.0246655773371, 0.151975721121, 0.107534177601, 0.044481664896, 0.0172247532755, 0.00500496430323, 0.0072503676638, 0.0124734677374, 0.0118030644953, 0.0209657438099, 0.0177452061325, 0.01549550239, 0.0168271847069, 0.0234954785556, 0.0257744472474, 0.0104168020189, 0.00286875129677, 0.00312580238096, 0.00179488386493, 0.000614338379819, 0.000148261504364, 4.564788469e-05, 2.18467757804e-05], "dvar2": [1.83166015688e-09, 1.60497722845e-06, 3.19098326145e-05, 4.52283056802e-05, 8.71773954714e-06, 9.7910506156e-06, 8.61718399392e-06, 1.0085879012e-06, 2.80962950683e-07, 5.14258680084e-08, 1.97841330873e-07, 2.78997902114e-07, 2.26468088727e-07, 5.84302199513e-07, 1.59156400059e-06, 1.56282533226e-06, 2.02613455258e-06, 1.27599480493e-06, 1.31036586026e-06, 3.78065067252e-07, 2.61481680752e-08, 6.8937879405e-08, 1.42206681986e-08, 9.73018221551e-10, 9.86275991433e-11, 7.81989924203e-12, 9.50095254207e-13], "median": [4.17894352722e-06, 0.000332031515427, 0.000974671216682, 0.000813040242065, 0.000320328923408, 0.000147244616528, 3.42316780007e-05, 2.06151999009e-05, 4.64414988528e-05, 4.04425009037e-05, 2.30510868278e-05, 3.83719598176e-05, 5.17795269843e-05, 0.000116939139843, 0.000311405281536, 0.00036020152038, 0.000404720311053, 0.000595526886173, 0.000415747112129, 0.000217041932046, 5.79567567911e-05, 7.0008005423e-05, 2.62623361778e-05, 1.20953664009e-05, 4.9766858865e-06, 4.16579325702e-07, 1.61012991384e-07], "dmean2": [2.12974700844e-05, 0.000796415959485, 0.0025629629381, 0.00254583824426, 0.00121148861945, 0.000763198302593, 0.000429236970376, 0.000142701726872, 0.000150018633576, 9.57195734372e-05, 0.000140117350384, 0.000160323907039, 0.00016684414004, 0.000336266268278, 0.000589633302297, 0.000665287836455, 0.000724579149392, 0.000684276339598, 0.000440029776655, 0.000368595821783, 9.5197763585e-05, 0.000112967230962, 5.04848758283e-05, 1.46991005749e-05, 5.95502206124e-06, 1.09473069188e-06, 3.75955949039e-07], "dmean": [1.51677140821e-05, 0.000466022174805, 0.00144664838444, 0.00149297143798, 0.000698355084751, 0.000497263506986, 0.000257296836935, 8.89851726242e-05, 9.45932115428e-05, 6.13555093878e-05, 8.97974823602e-05, 0.00010483321239, 0.000107733983896, 0.000214792249608, 0.000393485330278, 0.000442691991339, 0.000476690998767, 0.00046778190881, 0.000305582419969, 0.000253159465501, 6.46173502901e-05, 7.41250405554e-05, 3.26202207361e-05, 9.80382083071e-06, 3.9182978071e-06, 6.95964843089e-07, 2.4056402026e-07], "var": [1.69923985993e-09, 8.77468551153e-07, 1.30441594592e-05, 1.39434932862e-05, 2.48529522651e-06, 1.0408185517e-05, 5.13730947205e-06, 6.28769953437e-07, 1.97188654738e-07, 4.23266541816e-08, 1.62315146213e-07, 2.84667692085e-07, 2.30516292277e-07, 5.89427145314e-07, 1.95289999283e-06, 2.60132765106e-06, 2.36698883782e-06, 2.18525224227e-06, 1.56308317401e-06, 9.01672819964e-07, 6.46802078563e-08, 4.85644484627e-08, 8.29557755821e-09, 8.59265159026e-10, 9.33764107702e-11, 4.46636911483e-12, 6.88763282519e-13], "dvar": [9.60126644856e-10, 5.70199347294e-07, 1.09649763544e-05, 1.60056988534e-05, 3.21831862493e-06, 5.31122532266e-06, 4.20459036832e-06, 4.95670462897e-07, 1.19499588891e-07, 2.06268371272e-08, 8.44269507638e-08, 1.1427896851e-07, 9.90691262359e-08, 2.70034064442e-07, 7.11874577064e-07, 7.06651235305e-07, 8.87236978997e-07, 6.39504150968e-07, 6.14865086845e-07, 1.97352264308e-07, 1.24552430592e-08, 2.80070935332e-08, 6.0547242775e-09, 4.38350022947e-10, 4.1412595575e-11, 3.03812747529e-12, 3.76156245908e-13], "mean": [1.99938822334e-05, 0.000687906518579, 0.00232494482771, 0.00193162914366, 0.000771822000388, 0.000604283530265, 0.000240896304604, 0.000113959184091, 0.000140066738822, 0.000105009501567, 0.000127759034513, 0.000168903949088, 0.000185084223631, 0.000365345389582, 0.000782972201705, 0.000950985355303, 0.000973142567091, 0.00110147881787, 0.000755398126785, 0.000636639248114, 0.000159943316248, 0.000145587895531, 5.53754362045e-05, 2.0533307179e-05, 8.5224655777e-06, 1.32700836275e-06, 5.15507281307e-07]}, "melbands_flatness_db": {"min": 0.00555430212989, "max": 0.406187981367, "dvar2": 0.00183906091843, "median": 0.159949421883, "dmean2": 0.0401247143745, "dmean": 0.0253386311233, "var": 0.00357620301656, "dvar": 0.000719203904737, "mean": 0.16975569725}, "melbands_skewness": {"min": -3.63617277145, "max": 14.0559864044, "dvar2": 2.41275715828, "median": 1.45665824413, "dmean2": 1.24050414562, "dmean": 0.77877920866, "var": 3.64894008636, "dvar": 0.938308477402, "mean": 1.77498149872}, "silence_rate_60dB": {"min": 0, "max": 1, "dvar2": 0.0958103686571, "median": 0, "dmean2": 0.0885589942336, "dmean": 0.0442738309503, "var": 0.080485381186, "dvar": 0.0423101037741, "mean": 0.0882804468274}, "spectral_energyband_low": {"min": 3.45920618758e-23, "max": 0.0808411315084, "dvar2": 9.72563357209e-05, "median": 0.00227394234389, "dmean2": 0.00442315870896, "dmean": 0.0025144466199, "var": 3.52399802068e-05, "dvar": 3.38161189575e-05, "mean": 0.00415685912594}, "spectral_energyband_middle_low": {"min": 2.78656696046e-22, "max": 0.160184264183, "dvar2": 9.89883774309e-05, "median": 0.00190139445476, "dmean2": 0.00447697332129, "dmean": 0.00272389547899, "var": 4.60520132037e-05, "dvar": 3.96062278014e-05, "mean": 0.00382511783391}, "melbands_kurtosis": {"min": -1.88930666447, "max": 292.079406738, "dvar2": 402.867553711, "median": 0.989186882973, "dmean2": 8.58985996246, "dmean": 5.09542560577, "var": 229.452178955, "dvar": 148.255523682, "mean": 6.28249597549}, "spectral_decrease": {"min": -4.33879243644e-08, "max": 1.5595986592e-29, "dvar2": 1.36878563858e-17, "median": -2.50043630246e-09, "dmean2": 2.01561944912e-09, "dmean": 1.24535781687e-09, "var": 7.26996632664e-18, "dvar": 5.22286222823e-18, "mean": -3.0850746402e-09}, "erbbands_kurtosis": {"min": -1.86533224583, "max": 38.5325737, "dvar2": 12.3506851196, "median": 2.53553891182, "dmean2": 2.86007499695, "dmean": 1.85921144485, "var": 21.4207229614, "dvar": 5.38780117035, "mean": 3.77300572395}, "melbands_crest": {"min": 2.44332408905, "max": 33.9174537659, "dvar2": 25.1007022858, "median": 13.9719390869, "dmean2": 5.49882364273, "dmean": 3.35268211365, "var": 35.7235374451, "dvar": 9.56083774567, "mean": 14.6040821075}, "mfcc": {"mean": [-671.061706543, 89.6786270142, -36.6049537659, 57.2235603333, 23.5930671692, 7.94053983688, 0.0368032827973, 7.87550020218, -1.8271074295, 2.45230746269, -5.00157880783, -11.1834859848, -3.69322896004], "icov": [[0.000490840699058, 0.000183676209417, 0.000111576206109, -2.78997304122e-05, 0.000179413284059, 8.92920143087e-05, -0.000136100570671, 0.000499134592246, 3.87560106674e-07, 0.000738746370189, 0.000134527974296, -2.69850970653e-05, 0.000226166535867], [0.000183676209417, 0.00136195227969, -0.000264617381617, 0.000116191775305, -0.000774848740548, 0.000628686742857, -0.000101006204204, 4.27366321674e-05, 0.000955629569944, 0.000339277496096, -4.62149318992e-06, 0.000374835217372, 0.0002877410152], [0.000111576206109, -0.000264617381617, 0.00348479347304, -0.00234767887741, 0.00205483846366, -0.00135443743784, 0.00154336495325, -0.000758204434533, 0.00198347424157, -0.000494662031997, 0.000480623537442, -0.000418042793171, 0.000144973528222], [-2.78997304122e-05, 0.000116191775305, -0.00234767887741, 0.00637896405533, -0.00356684415601, 0.000572224322241, -0.000933350529522, 0.000462026073365, -0.0032263668254, 0.00113214948215, 0.000342738087056, 0.000448053673608, -0.00127556780353], [0.000179413284059, -0.000774848740548, 0.00205483846366, -0.00356684415601, 0.00691845547408, 0.000585922622122, -0.000248672004091, -0.00183585775085, 0.000767403980717, -0.00108387088403, 0.00101538025774, -4.76553977933e-05, 0.000533968384843], [8.92920143087e-05, 0.000628686742857, -0.00135443743784, 0.000572224322241, 0.000585922622122, 0.005527948495, -0.00161333160941, -0.000725966528989, -0.00031509809196, 0.00114990922157, 0.000637358345557, 0.000208406956517, 0.000777429959271], [-0.000136100570671, -0.000101006204204, 0.00154336495325, -0.000933350529522, -0.000248672004091, -0.00161333160941, 0.00587579980493, 0.000304920540657, 0.00165933626704, -0.00208249781281, -0.000166548474226, 0.000783518480603, 0.000852105789818], [0.000499134592246, 4.27366321674e-05, -0.000758204434533, 0.000462026073365, -0.00183585775085, -0.000725966528989, 0.000304920540657, 0.0101630529389, -0.00255189323798, 0.00119318044744, -0.00145545590203, 0.000764829630498, -0.00109411892481], [3.87560106674e-07, 0.000955629569944, 0.00198347424157, -0.0032263668254, 0.000767403980717, -0.00031509809196, 0.00165933626704, -0.00255189323798, 0.011140617542, -0.00262788729742, 0.00285792071372, -0.00266150664538, 0.00216527027078], [0.000738746370189, 0.000339277496096, -0.000494662031997, 0.00113214948215, -0.00108387088403, 0.00114990922157, -0.00208249781281, 0.00119318044744, -0.00262788729742, 0.0125886462629, -0.00553050870076, 0.00350601924583, -0.00147500669118], [0.000134527974296, -4.62149318992e-06, 0.000480623537442, 0.000342738087056, 0.00101538025774, 0.000637358345557, -0.000166548474226, -0.00145545590203, 0.00285792071372, -0.00553050870076, 0.0122539121658, -0.00204663537443, 0.00102157925721], [-2.69850970653e-05, 0.000374835217372, -0.000418042793171, 0.000448053673608, -4.76553977933e-05, 0.000208406956517, 0.000783518480603, 0.000764829630498, -0.00266150664538, 0.00350601924583, -0.00204663537443, 0.0137256793678, -0.00500444415957], [0.000226166535867, 0.0002877410152, 0.000144973528222, -0.00127556780353, 0.000533968384843, 0.000777429959271, 0.000852105789818, -0.00109411892481, 0.00216527027078, -0.00147500669118, 0.00102157925721, -0.00500444415957, 0.0162852499634]], "cov": [[2894.99487305, -503.942138672, -79.7758102417, -81.3907089233, -217.361282349, 65.9672393799, -7.72779178619, -173.33354187, 10.8714065552, -236.723587036, -129.201950073, 56.1052894592, -41.7694625854], [-503.942138672, 1053.72924805, 8.00518989563, 33.4111671448, 176.695755005, -133.35105896, 35.1473312378, 16.4116687775, -111.593185425, 36.9879493713, 32.8585166931, -61.4581489563, -11.9976644516], [-79.7758102417, 8.00518989563, 549.551513672, 101.811416626, -116.25087738, 113.236862183, -119.941436768, 23.6403427124, -36.6886634827, -51.3298072815, -30.6828136444, 25.2432174683, 20.2297859192], [-81.3907089233, 33.4111671448, 101.811416626, 318.710327148, 145.039794922, -13.6503162384, -9.81187057495, 38.729057312, 77.6797027588, -16.1580657959, -44.0873451233, 9.76446723938, 17.5830802917], [-217.361282349, 176.695755005, -116.25087738, 145.039794922, 302.799255371, -76.3277206421, 46.9460678101, 47.2645225525, 33.8738441467, 36.4938583374, -6.73987388611, -20.5190200806, -0.354645043612], [65.9672393799, -133.35105896, 113.236862183, -13.6503162384, -76.3277206421, 250.939697266, 21.076177597, 8.92082023621, -0.431501507759, -34.2746963501, -24.1684436798, 2.84767413139, -11.2732372284], [-7.72779178619, 35.1473312378, -119.941436768, -9.81187057495, 46.9460678101, 21.076177597, 245.645446777, -14.1327781677, -26.5220489502, 55.2789382935, 27.9092884064, -40.9558830261, -22.3658542633], [-173.33354187, 16.4116687775, 23.6403427124, 38.729057312, 47.2645225525, 8.92082023621, -14.1327781677, 125.354927063, 32.1678237915, 5.70566272736, 4.76655912399, 1.06899559498, 8.39539813995], [10.8714065552, -111.593185425, -36.6886634827, 77.6797027588, 33.8738441467, -0.431501507759, -26.5220489502, 32.1678237915, 151.187637329, 0.701982140541, -31.1946334839, 23.708694458, -0.105084680021], [-236.723587036, 36.9879493713, -51.3298072815, -16.1580657959, 36.4938583374, -34.2746963501, 55.2789382935, 5.70566272736, 0.701982140541, 144.273971558, 64.8402099609, -32.9155006409, -1.45239293575], [-129.201950073, 32.8585166931, -30.6828136444, -44.0873451233, -6.73987388611, -24.1684436798, 27.9092884064, 4.76655912399, -31.1946334839, 64.8402099609, 123.754684448, -6.90184688568, -1.59535121918], [56.1052894592, -61.4581489563, 25.2432174683, 9.76446723938, -20.5190200806, 2.84767413139, -40.9558830261, 1.06899559498, 23.708694458, -32.9155006409, -6.90184688568, 99.631187439, 28.5144367218], [-41.7694625854, -11.9976644516, 20.2297859192, 17.5830802917, -0.354645043612, -11.2732372284, -22.3658542633, 8.39539813995, -0.105084680021, -1.45239293575, -1.59535121918, 28.5144367218, 74.4235305786]]}, "spectral_energy": {"min": 1.06237697971e-20, "max": 0.17168083787, "dvar2": 0.000205254502362, "median": 0.010877545923, "dmean2": 0.00806271843612, "dmean": 0.00505110807717, "var": 0.000123060191981, "dvar": 7.93396829977e-05, "mean": 0.0133799752221}, "melbands_spread": {"min": 1.70843958855, "max": 224.910766602, "dvar2": 612.220947266, "median": 54.6163711548, "dmean2": 23.1209907532, "dmean": 14.4256029129, "var": 872.668029785, "dvar": 251.622406006, "mean": 55.5149879456}, "erbbands_flatness_db": {"min": 0.0542786046863, "max": 0.348960518837, "dvar2": 0.00038709587534, "median": 0.200584322214, "dmean2": 0.0212499331683, "dmean": 0.0146347600967, "var": 0.00152533454821, "dvar": 0.000197720059077, "mean": 0.201317071915}, "spectral_contrast_valleys": {"min": [-27.7133598328, -27.5414123535, -27.2847919464, -27.2845020294, -27.3892459869, -27.2522296906], "max": [-5.86827898026, -5.1076874733, -5.83027267456, -6.10435438156, -5.86213302612, -8.9026594162], "dvar2": [0.379541903734, 0.425210952759, 0.284300029278, 0.250307887793, 0.197095885873, 0.186290085316], "median": [-7.87215423584, -7.85835361481, -8.22840881348, -8.03894519806, -7.40629196167, -10.5298290253], "dmean2": [0.71901512146, 0.662218272686, 0.541393280029, 0.476612687111, 0.414481520653, 0.376989394426], "dmean": [0.429356426001, 0.416927784681, 0.353339999914, 0.321423619986, 0.288005769253, 0.269006997347], "var": [0.547780871391, 0.635771989822, 0.558612108231, 0.529571890831, 0.521686375141, 0.526098549366], "dvar": [0.151944592595, 0.195465326309, 0.142904087901, 0.128776326776, 0.103907525539, 0.101775966585], "mean": [-7.93502187729, -7.85582971573, -8.23636436462, -8.049949646, -7.4552063942, -10.6483793259]}, "barkbands_flatness_db": {"min": 0.0455427654088, "max": 0.3351765275, "dvar2": 0.000874364282936, "median": 0.13073348999, "dmean2": 0.0281234160066, "dmean": 0.0176912341267, "var": 0.00147871591616, "dvar": 0.000336125463946, "mean": 0.136185973883}, "zerocrossingrate": {"min": 0.01171875, "max": 0.49462890625, "dvar2": 0.000211631806451, "median": 0.08935546875, "dmean2": 0.0123465666547, "dmean": 0.010203984566, "var": 0.000946209649555, "dvar": 0.000138902410981, "mean": 0.0882324725389}, "spectral_skewness": {"min": -0.134212613106, "max": 3.49728059769, "dvar2": 0.128