{"lowlevel": {"spectral_complexity": {"min": 0, "max": 51, "dvar2": 18.4037742615, "median": 21, "dmean2": 4.50161838531, "dmean": 3.1431312561, "var": 78.8536682129, "dvar": 10.283654213, "mean": 20.3890686035}, "silence_rate_20dB": {"min": 1, "max": 1, "dvar2": 0, "median": 1, "dmean2": 0, "dmean": 0, "var": 0, "dvar": 0, "mean": 1}, "average_loudness": 0.728659689426, "erbbands_spread": {"min": 2.45899796486, "max": 181.911132813, "dvar2": 71.9291229248, "median": 23.9322662354, "dmean2": 7.57811117172, "dmean": 4.97355318069, "var": 195.020477295, "dvar": 31.8954658508, "mean": 25.9863147736}, "spectral_kurtosis": {"min": -1.27732288837, "max": 48.5263938904, "dvar2": 25.7203941345, "median": 6.04404449463, "dmean2": 4.32693815231, "dmean": 2.56281328201, "var": 18.0556983948, "dvar": 8.92310333252, "mean": 6.86917114258}, "barkbands_kurtosis": {"min": -1.82896077633, "max": 277.438446045, "dvar2": 141.77645874, "median": -0.0934595763683, "dmean2": 2.22414970398, "dmean": 1.36087918282, "var": 62.1078338623, "dvar": 50.6093482971, "mean": 0.976878881454}, "spectral_strongpeak": {"min": 0, "max": 13.5557050705, "dvar2": 2.75027608871, "median": 1.05360007286, "dmean2": 1.25677645206, "dmean": 0.762736260891, "var": 3.13611888885, "dvar": 1.12099349499, "mean": 1.62735927105}, "spectral_spread": {"min": 1157666.75, "max": 42932132, "dvar2": 719108112384, "median": 2984460.25, "dmean2": 622695.6875, "dmean": 445884.90625, "var": 37258853875700.0, "dvar": 421660164096, "mean": 4235292.5}, "spectral_rms": {"min": 3.09766036606e-12, "max": 0.0119772506878, "dvar2": 6.17014507043e-07, "median": 0.00405768863857, "dmean2": 0.000708162377123, "dmean": 0.000503420422319, "var": 3.26086706082e-06, "dvar": 3.27090475594e-07, "mean": 0.00392777100205}, "dynamic_complexity": 3.9547393322, "erbbands": {"min": [5.23908843557e-23, 4.90294647348e-22, 1.8566979636e-21, 3.4145793543e-21, 1.221833168e-20, 2.05005066438e-20, 1.90023387672e-20, 2.12145105309e-20, 1.39251048136e-19, 1.09156239973e-19, 2.3822566412e-19, 3.30887341067e-19, 3.34413534471e-19, 6.33569012319e-19, 6.5188113672e-19, 1.22362170697e-18, 1.09535628946e-18, 1.53670760427e-18, 1.41148352307e-18, 2.97248490494e-18, 3.58290676708e-18, 4.02459226287e-18, 4.05088419864e-18, 5.68075301939e-18, 6.65105531666e-18, 7.59560417274e-18, 8.78365556241e-18, 9.82442248093e-18, 1.07471796774e-17, 1.00183053447e-17, 9.80470663103e-18, 1.05087415571e-17, 9.50318689005e-18, 8.41837673981e-18, 6.16769770239e-18, 4.05270482316e-18, 2.19618003596e-18, 8.81951032645e-19, 2.40125491192e-19, 2.75218693303e-20], "max": [0.244423240423, 1.99133777618, 7.24707698822, 25.2832946777, 78.175201416, 123.644615173, 374.008453369, 278.474517822, 2260.99291992, 973.906616211, 1520.13586426, 1333.20178223, 1008.66223145, 1925.45581055, 1645.61999512, 2041.28271484, 1132.046875, 818.680541992, 2845.52929688, 1339.84667969, 1395.19274902, 612.074523926, 439.705352783, 301.147888184, 224.254669189, 130.469955444, 80.5697631836, 128.109893799, 165.447372437, 44.0900230408, 42.9838790894, 32.362071991, 18.9380760193, 11.1724243164, 20.5358963013, 0.854499101639, 0.16086179018, 0.0484666526318, 0.0107411984354, 0.0011513318168], "dvar2": [0.000675480347127, 0.0274389665574, 0.571937322617, 6.71724796295, 32.1436576843, 115.635490417, 587.59185791, 471.991516113, 3314.15869141, 2731.41967773, 10977.5166016, 7978.44628906, 4677.09667969, 10713.640625, 16021.5683594, 8668.15136719, 5065.40869141, 5496.89208984, 12256.921875, 5843.68798828, 3878.22949219, 2359.69189453, 1635.27514648, 240.899902344, 280.104156494, 108.522644043, 20.6175918579, 42.8584709167, 223.677398682, 10.7078332901, 13.67390728, 2.48805093765, 0.836026728153, 0.687778115273, 1.34405660629, 0.00470729591325, 0.000190729406313, 1.51396443471e-05, 6.50559627502e-07, 4.90041207613e-09], "median": [0.00154301652219, 0.0426755174994, 0.392809569836, 0.895947158337, 1.01957464218, 1.78219079971, 3.39648222923, 3.9237818718, 4.96185684204, 8.96352100372, 14.1548891068, 16.611831665, 16.8000392914, 14.3817386627, 11.6119098663, 12.5741815567, 11.4769105911, 13.7454242706, 24.9119262695, 22.8576622009, 18.4184017181, 23.1540660858, 18.690826416, 8.67378330231, 8.01673316956, 4.38844442368, 1.57839274406, 1.10196173191, 1.22741246223, 0.623343110085, 0.471656411886, 0.161189332604, 0.10736323148, 0.0919570922852, 0.0476240478456, 0.00591956265271, 0.000919624231756, 0.000161409814609, 3.67820648535e-05, 2.79332216451e-05], "dmean2": [0.00996559858322, 0.0854234099388, 0.496157437563, 1.61148130894, 2.78015851974, 5.26688957214, 10.1204128265, 9.21590805054, 13.3810768127, 22.0858879089, 40.780872345, 34.6177558899, 29.0045566559, 39.3512878418, 40.0076522827, 29.6795959473, 27.9652061462, 34.5229873657, 49.2169418335, 38.0033149719, 29.2115020752, 29.0230007172, 25.580789566, 9.14240074158, 9.57880401611, 6.3729801178, 2.25041294098, 2.54116296768, 5.28991174698, 1.32875537872, 1.49572980404, 0.468604922295, 0.297513157129, 0.30651730299, 0.368925690651, 0.0252697207034, 0.00507538253441, 0.00131841946859, 0.000268581905402, 2.69001502602e-05], "dmean": [0.00740882055834, 0.0537628494203, 0.291026473045, 0.962026357651, 1.67858242989, 3.26492142677, 6.60087633133, 6.06746768951, 8.64343929291, 14.0246858597, 26.6050643921, 22.740978241, 18.7213954926, 25.5598640442, 25.6976280212, 19.2305107117, 18.0564880371, 21.590215683, 31.8477611542, 24.9743404388, 19.8909568787, 19.2116584778, 16.8993034363, 6.0915813446, 6.49247932434, 4.47740745544, 1.57502639294, 1.75436842442, 3.38037419319, 0.922858595848, 1.00622916222, 0.333452790976, 0.211414799094, 0.214172422886, 0.24613314867, 0.0177801232785, 0.0036297000479, 0.000923880084883, 0.000185944489203, 1.90011305676e-05], "var": [0.000648395565804, 0.0192288178951, 0.646003186703, 4.52703332901, 23.1299743652, 105.844558716, 534.712890625, 536.260925293, 3055.2734375, 2179.29174805, 9874.0234375, 5763.72167969, 4547.27587891, 9817.10058594, 13401.2890625, 9585.14550781, 5023.27929688, 5472.49853516, 17913.984375, 7117.94287109, 8476.58203125, 3608.96777344, 2451.66162109, 325.378814697, 404.012298584, 241.033630371, 24.0755462646, 30.0123615265, 102.109176636, 8.54831504822, 8.7539434433, 1.79720461369, 0.586704552174, 0.472989559174, 0.642431020737, 0.00304657313973, 0.000138168921694, 9.57399606705e-06, 3.90492630231e-07, 3.3318121595e-09], "dvar": [0.000371308386093, 0.0114467237145, 0.199168413877, 2.51841711998, 12.9327344894, 47.1027870178, 252.363464355, 212.150314331, 1344.4888916, 1166.75061035, 4726.73193359, 3513.32397461, 1857.66564941, 4419.71142578, 5971.57226563, 3356.95288086, 2043.66821289, 2090.93603516, 5720.38232422, 2684.24462891, 1788.50378418, 1029.59716797, 697.545410156, 101.687858582, 125.155517578, 54.4462623596, 9.6769323349, 20.2507286072, 93.4578399658, 5.34428024292, 6.08779859543, 1.19602477551, 0.371744453907, 0.308476239443, 0.570354342461, 0.00216402858496, 9.40052123042e-05, 7.26071493773e-06, 3.07772296537e-07, 2.30544205948e-09], "mean": [0.0106318509206, 0.0937432721257, 0.665734469891, 1.62572395802, 2.3523914814, 5.28481864929, 11.9869022369, 11.8618478775, 16.7728996277, 23.3821811676, 44.1449432373, 38.0053596497, 38.3935775757, 47.6265068054, 46.9563560486, 37.6022834778, 33.9977302551, 42.7144050598, 67.1199264526, 51.7761192322, 49.0883560181, 45.0466384888, 39.4217147827, 15.2924137115, 14.8748188019, 11.3418931961, 3.36796593666, 2.7435028553, 4.21797657013, 1.50206971169, 1.44181966782, 0.496573418379, 0.355190008879, 0.330831408501, 0.298365712166, 0.024636534974, 0.00477063795552, 0.00109644047916, 0.000215153660974, 4.01609031542e-05]}, "spectral_contrast_coeffs": {"min": [-0.982242465019, -0.979302465916, -0.982686698437, -0.982075691223, -0.97976487875, -0.979523479939], "max": [-0.302126377821, -0.314328312874, -0.430400162935, -0.514140844345, -0.552687883377, -0.632152378559], "dvar2": [0.00486209616065, 0.00388370035216, 0.00244279275648, 0.00172051193658, 0.000919901183806, 0.0005754235317], "median": [-0.621216118336, -0.730634331703, -0.747153520584, -0.746390402317, -0.743663907051, -0.758938252926], "dmean2": [0.0843989476562, 0.0738487541676, 0.0593817159534, 0.0505434088409, 0.0363343730569, 0.0268685668707], "dmean": [0.0515180975199, 0.0457366593182, 0.0370969362557, 0.0317669734359, 0.0237965844572, 0.0170351658016], "var": [0.0101558025926, 0.00807610433549, 0.00607121968642, 0.00502765737474, 0.00439392030239, 0.00214029918425], "dvar": [0.00184440542944, 0.00159890088253, 0.000991312670521, 0.00071453320561, 0.00043921417091, 0.000247851538006], "mean": [-0.624822974205, -0.728204905987, -0.743475854397, -0.745464265347, -0.746724903584, -0.764662086964]}, "dissonance": {"min": 0.298662632704, "max": 0.5, "dvar2": 0.000756119668949, "median": 0.470820903778, "dmean2": 0.0270957518369, "dmean": 0.01638497971, "var": 0.000610803137533, "dvar": 0.000276261969702, "mean": 0.465340644121}, "spectral_energyband_high": {"min": 6.91273060765e-21, "max": 0.00595160806552, "dvar2": 3.31935808617e-07, "median": 0.000168681217474, "dmean2": 0.000274715654086, "dmean": 0.00019621384854, "var": 3.07416740952e-07, "dvar": 1.65625536397e-07, "mean": 0.000359342986485}, "gfcc": {"mean": [-60.3586921692, 100.151138306, -155.479888916, 14.8996486664, -53.683883667, 1.41407692432, -40.47838974, 7.60655879974, -18.9629440308, -6.2641544342, -15.9017496109, -8.30728530884, -7.55206537247], "icov": [[0.000165294550243, -0.000197864734218, 0.00047368046944, -0.00044007282122, 0.000688164087478, -0.000299249804812, 0.000347582477843, -0.000391221605241, 0.000374115683371, -0.00015014319797, 0.000341326434864, -0.000195079701371, 0.000127371604322], [-0.000197864734218, 0.00132071436383, -0.000190462349565, 0.00066485296702, -0.00123476784211, 0.000132314715302, 2.91641445074e-05, 3.55823794962e-05, -0.0010875845328, 0.00154157343786, -0.00144948926754, 0.00173449178692, -0.00034785331809], [0.00047368046944, -0.000190462349565, 0.00250285933726, -0.00154013035353, 0.00147695932537, -0.00107188546099, 0.0004106585111, -0.000776670349296, 0.000232472419157, -0.000444560108008, 0.00160734716337, -0.00118417677004, 0.000555914011784], [-0.00044007282122, 0.00066485296702, -0.00154013035353, 0.0054871449247, -0.00304074818268, 0.000624826643616, 0.00115690927487, -0.00107056437992, -0.000751077663153, 0.00180124887265, -0.000353292562068, 0.000734707631636, -0.000902672240045], [0.000688164087478, -0.00123476784211, 0.00147695932537, -0.00304074818268, 0.00830965675414, -0.00110128358938, -0.00142856163438, -0.000990735017695, -0.000532308884431, -0.000375624425942, -0.000758934998885, -0.000221194539336, -0.00133542099502], [-0.000299249804812, 0.000132314715302, -0.00107188546099, 0.000624826643616, -0.00110128358938, 0.00668998854235, -0.00347852217965, 0.0015302146785, 0.00200865673833, -0.00281822308898, 0.00181456352584, -0.000659153272863, 0.000599757593591], [0.000347582477843, 2.91641445074e-05, 0.0004106585111, 0.00115690927487, -0.00142856163438, -0.00347852217965, 0.010526929982, -0.00373330176808, -0.000137231516419, 0.00253756903112, -0.00324954721145, 0.00248860777356, 0.00128196401056], [-0.000391221605241, 3.55823794962e-05, -0.000776670349296, -0.00107056437992, -0.000990735017695, 0.0015302146785, -0.00373330176808, 0.0112577686086, -0.00397013081238, -0.00135893886909, 0.00171558384318, -0.000333621137543, -0.00065531214932], [0.000374115683371, -0.0010875845328, 0.000232472419157, -0.000751077663153, -0.000532308884431, 0.00200865673833, -0.000137231516419, -0.00397013081238, 0.016035573557, -0.0062178648077, 0.00296824541874, -4.4407799578e-05, -6.83883627062e-05], [-0.00015014319797, 0.00154157343786, -0.000444560108008, 0.00180124887265, -0.000375624425942, -0.00281822308898, 0.00253756903112, -0.00135893886909, -0.0062178648077, 0.0190367531031, -0.0060800826177, -0.00260387733579, 0.00346812023781], [0.000341326434864, -0.00144948926754, 0.00160734716337, -0.000353292562068, -0.000758934998885, 0.00181456352584, -0.00324954721145, 0.00171558384318, 0.00296824541874, -0.0060800826177, 0.0155468480662, -0.00446073524654, -0.000368950917618], [-0.000195079701371, 0.00173449178692, -0.00118417677004, 0.000734707631636, -0.000221194539336, -0.000659153272863, 0.00248860777356, -0.000333621137543, -4.4407799578e-05, -0.00260387733579, -0.00446073524654, 0.0164778791368, -0.00619916990399], [0.000127371604322, -0.00034785331809, 0.000555914011784, -0.000902672240045, -0.00133542099502, 0.000599757593591, 0.00128196401056, -0.00065531214932, -6.83883627062e-05, 0.00346812023781, -0.000368950917618, -0.00619916990399, 0.0159541089088]], "cov": [[41759.765625, 2376.22021484, -5335.85888672, 618.450561523, -2345.85400391, -92.9240875244, -1574.13183594, 194.537704468, -751.530944824, -340.704620361, -649.85949707, -252.844436646, -161.487319946], [2376.22021484, 1776.6348877, -647.473754883, -7.03601074219, 184.461334229, -97.069694519, 67.5102615356, 59.2587089539, 34.2663345337, -148.314559937, 82.7838821411, -212.807128906, 9.64044475555], [-5335.85888672, -647.473754883, 1397.1151123, 79.0663833618, 174.240097046, 101.002616882, 129.135894775, 14.3569717407, 94.960899353, 72.4250869751, -25.7571105957, 96.299949646, 6.76099538803], [618.450561523, -7.03601074219, 79.0663833618, 317.681304932, 45.013710022, -28.9732723236, -50.7654685974, 57.57472229, 14.3561058044, -27.4280872345, -38.3058853149, 3.73302698135, 28.0178565979], [-2345.85400391, 184.461334229, 174.240097046, 45.013710022, 374.399078369, -0.724425017834, 154.34324646, 32.9243202209, 72.4887237549, -5.2823381424, 77.6170196533, -20.9039840698, 34.6735496521], [-92.9240875244, -97.069694519, 101.002616882, -28.9732723236, -0.724425017834, 228.112762451, 62.4920883179, -13.4489297867, -24.7029018402, 30.7437553406, -11.2430400848, 9.79751777649, -23.985168457], [-1574.13183594, 67.5102615356, 129.135894775, -50.7654685974, 154.34324646, 62.4920883179, 226.206237793, 31.3979110718, 33.9839096069, 0.403585016727, 54.5399246216, -32.3327331543, -10.8936519623], [194.537704468, 59.2587089539, 14.3569717407, 57.57472229, 32.9243202209, -13.4489297867, 31.3979110718, 134.155517578, 41.8704986572, 3.09759402275, -13.2080564499, -8.87261772156, 4.49827289581], [-751.530944824, 34.2663345337, 94.960899353, 14.3561058044, 72.4887237549, -24.7029018402, 33.9839096069, 41.8704986572, 105.620170593, 24.149394989, 7.71635437012, -2.71351408958, 4.56299686432], [-340.704620361, -148.314559937, 72.4250869751, -27.4280872345, -5.2823381424, 30.7437553406, 0.403585016727, 3.09759402275, 24.149394989, 93.1046066284, 23.231010437, 35.8017463684, -11.7794713974], [-649.85949707, 82.7838821411, -25.7571105957, -38.3058853149, 77.6170196533, -11.2430400848, 54.5399246216, -13.2080564499, 7.71635437012, 23.231010437, 118.424293518, 15.6169748306, 11.5078229904], [-252.844436646, -212.807128906, 96.299949646, 3.73302698135, -20.9039840698, 9.79751777649, -32.3327331543, -8.87261772156, -2.71351408958, 35.8017463684, 15.6169748306, 113.161331177, 30.8870868683], [-161.487319946, 9.64044475555, 6.76099538803, 28.0178565979, 34.6735496521, -23.985168457, -10.8936519623, 4.49827289581, 4.56299686432, -11.7794713974, 11.5078229904, 30.8870868683, 85.2408447266]]}, "spectral_flux": {"min": 6.30196797524e-11, "max": 0.250311255455, "dvar2": 0.000735202687792, "median": 0.0648075565696, "dmean2": 0.0264196675271, "dmean": 0.0175193008035, "var": 0.00161862757523, "dvar": 0.000335889024427, "mean": 0.0693514570594}, "silence_rate_30dB": {"min": 0, "max": 1, "dvar2": 0.000479329726659, "median": 1, "dmean2": 0.000479558802908, "dmean": 0.000239750661422, "var": 0.000359466066584, "dvar": 0.000239686632995, "mean": 0.999640405178}, "spectral_energyband_middle_high": {"min": 1.03442126384e-21, "max": 0.0738768428564, "dvar2": 3.48062203557e-05, "median": 0.00569187756628, "dmean2": 0.00356502388604, "dmean": 0.00250201113522, "var": 8.78350183484e-05, "dvar": 1.50401428982e-05, "mean": 0.00899902544916}, "barkbands_spread": {"min": 0.904011070728, "max": 124.409858704, "dvar2": 45.9397277832, "median": 19.030708313, "dmean2": 6.0707321167, "dmean": 3.98927497864, "var": 86.048286438, "dvar": 20.8316574097, "mean": 20.4419956207}, "spectral_centroid": {"min": 302.913909912, "max": 12050.2099609, "dvar2": 144997.453125, "median": 1574.31811523, "dmean2": 314.983276367, "dmean": 210.684967041, "var": 2524291.25, "dvar": 69404.5546875, "mean": 1799.25744629}, "pitch_salience": {"min": 0.0625970512629, "max": 0.885456621647, "dvar2": 0.00709235109389, "median": 0.608911991119, "dmean2": 0.096762791276, "dmean": 0.0597526729107, "var": 0.00999122858047, "dvar": 0.00277741765603, "mean": 0.603788375854}, "erbbands_skewness": {"min": -3.38746285439, "max": 5.15823507309, "dvar2": 0.218471035361, "median": -0.0159075651318, "dmean2": 0.498166173697, "dmean": 0.326198041439, "var": 0.534859716892, "dvar": 0.0916969329119, "mean": -0.063632234931}, "erbbands_crest": {"min": 2.21839189529, "max": 30.9094753265, "dvar2": 13.7210083008, "median": 8.28726673126, "dmean2": 3.91897082329, "dmean": 2.40905094147, "var": 15.4059495926, "dvar": 5.48207521439, "mean": 9.0558681488}, "melbands": {"min": [6.09703050163e-25, 1.00045193823e-24, 8.84116451172e-25, 1.57266491622e-24, 5.67620624224e-25, 4.31642993662e-25, 1.94185467948e-24, 8.78625782057e-25, 1.76485618324e-24, 1.97278867659e-24, 1.60073554545e-24, 2.29428676914e-24, 1.29897327363e-24, 1.77487313901e-24, 2.71892921392e-24, 2.67980348796e-24, 2.36480837027e-24, 2.21744323672e-24, 2.27417594366e-24, 3.31913580859e-24, 3.17263132229e-24, 3.18755617618e-24, 3.68632926073e-24, 3.40224112167e-24, 3.74155780713e-24, 4.13395181532e-24, 3.69524062794e-24, 4.16293338168e-24, 4.83875170248e-24, 4.73579904346e-24, 4.49501621265e-24, 5.35528677916e-24, 4.49982826417e-24, 4.29015968519e-24, 4.86304822393e-24, 5.28030278911e-24, 5.7797448277e-24, 5.98799345706e-24, 6.09661013737e-24, 6.14038679002e-24], "max": [0.00230561476201, 0.00309905270115, 0.00503857713193, 0.00788604933769, 0.010023121722, 0.00758614670485, 0.0307884197682, 0.0158417765051, 0.0119497729465, 0.00745372334495, 0.00510238949209, 0.00710934447125, 0.00637832051143, 0.00850883498788, 0.00330039882101, 0.00284142303281, 0.00189371418674, 0.00572100142017, 0.00206259265542, 0.00118718913291, 0.00207789102569, 0.000608160858974, 0.000454730703495, 0.000370952271624, 0.000280670472421, 0.000204913420021, 0.000173956854269, 7.75154403527e-05, 5.70458832954e-05, 4.75120723422e-05, 8.22610527393e-05, 0.000111642002594, 3.53065952368e-05, 2.55809154623e-05, 3.30993752868e-05, 2.62108533207e-05, 1.97495955945e-05, 1.5720466763e-05, 9.918268006e-06, 1.17356639748e-05], "dvar2": [4.67033807183e-08, 9.3796757028e-08, 2.5490814437e-07, 2.33481870282e-07, 5.64922572721e-07, 2.64372431502e-07, 5.84497627187e-07, 5.34363095994e-07, 6.96430277003e-07, 2.81123277546e-07, 1.2280756323e-07, 1.65427437082e-07, 2.4449650482e-07, 2.23345310246e-07, 5.27547001639e-08, 2.10766639697e-08, 2.7953827697e-08, 4.18802450497e-08, 2.5600872533e-08, 6.10327033357e-09, 6.72875977159e-09, 2.88300205931e-09, 1.88976767568e-09, 1.42460865327e-09, 1.82286324923e-10, 1.97906246946e-10, 1.68995054062e-10, 5.10600312031e-11, 1.0714681746e-11, 9.29832773278e-12, 1.71669189281e-11, 1.20217821808e-10, 9.07450850574e-12, 2.91239992192e-12, 9.08642258657e-12, 1.3561777569e-12, 8.45436513765e-13, 5.28741492863e-13, 2.29098939255e-13, 7.31866498828e-13], "median": [2.56564526353e-05, 0.000165038276464, 0.000168331898749, 0.000100769910205, 0.000122533994727, 9.02037063497e-05, 6.76553390804e-05, 0.000102990728919, 0.000119297714264, 0.000105825718492, 7.84536969149e-05, 5.48637253814e-05, 3.70870766346e-05, 2.65411963483e-05, 2.99545790767e-05, 1.62506130437e-05, 2.37864951487e-05, 3.62494574802e-05, 3.38320860465e-05, 1.8956094209e-05, 2.01990660571e-05, 2.24188588618e-05, 2.0540350306e-05, 1.10212122308e-05, 5.15592410011e-06, 5.57155954084e-06, 4.1309936023e-06, 2.33532864513e-06, 9.09480093014e-07, 4.99971008594e-07, 5.81108906772e-07, 7.6221465406e-07, 3.59500432978e-07, 3.12231463795e-07, 3.09686328137e-07, 1.06000200617e-07, 7.79040334464e-08, 6.93582506983e-08, 6.51227267667e-08, 6.96595776617e-08], "dmean2": [8.97660647752e-05, 0.000202410272323, 0.000297088496154, 0.000257532519754, 0.000333262229105, 0.000215919339098, 0.000193158761249, 0.000304624147248, 0.000329876522301, 0.000217232372961, 0.000150021252921, 0.000165091216331, 0.000144956618897, 0.000116099014122, 8.30174758448e-05, 5.3872463468e-05, 7.44926437619e-05, 9.03762047528e-05, 7.55271903472e-05, 3.62966566172e-05, 3.77004034817e-05, 3.20445578836e-05, 2.663325904e-05, 2.21910067921e-05, 7.60402554079e-06, 7.53447466195e-06, 7.1999525062e-06, 4.23704022978e-06, 1.6986140281e-06, 1.23744518987e-06, 1.56970384069e-06, 3.85290559279e-06, 1.12007364805e-06, 6.96279983003e-07, 1.19987851122e-06, 3.43077459775e-07, 2.69614901072e-07, 2.25893785455e-07, 1.79653852683e-07, 3.00795534258e-07], "dmean": [6.3457104261e-05, 0.000119827513117, 0.000178675720235, 0.000159458024427, 0.000217052860535, 0.000142334465636, 0.000123905556393, 0.000193499319721, 0.00021575318533, 0.000142570483149, 9.67853266047e-05, 0.000107334897621, 9.31113827392e-05, 7.48855309212e-05, 5.25227806065e-05, 3.49506226485e-05, 4.6459153964e-05, 5.84704175708e-05, 4.85081800434e-05, 2.42549267568e-05, 2.57810497715e-05, 2.11825590668e-05, 1.73941934918e-05, 1.44845835166e-05, 4.89906824441e-06, 4.97673136124e-06, 4.89798367198e-06, 2.90989009955e-06, 1.15403179279e-06, 8.38251537516e-07, 1.05784897642e-06, 2.43855379267e-06, 7.41460610243e-07, 4.73848047022e-07, 7.91601962646e-07, 2.37010596038e-07, 1.89627570535e-07, 1.5796014452e-07, 1.26781188214e-07, 2.05820740007e-07], "var": [3.97126562746e-08, 9.85228751915e-08, 1.60660093229e-07, 2.16368505335e-07, 5.64028653116e-07, 2.85947038492e-07, 5.86773012401e-07, 4.67607264909e-07, 6.09368555615e-07, 2.09411240348e-07, 1.23316567624e-07, 1.56306455779e-07, 1.9634872217e-07, 2.11351448343e-07, 4.38012790482e-08, 1.97878673447e-08, 2.66426400941e-08, 6.2671048795e-08, 2.72179683236e-08, 7.36769756315e-09, 1.35461348805e-08, 3.90532273187e-09, 2.48813170067e-09, 1.80383841197e-09, 1.82444170882e-10, 2.14367204543e-10, 2.82208256763e-10, 1.01748748316e-10, 1.2847541607e-11, 6.53561363015e-12, 1.13059648449e-11, 5.34291014209e-11, 5.41477669994e-12, 2.16110506226e-12, 5.20427624606e-12, 9.28634447984e-13, 5.97510701941e-13, 3.23983271851e-13, 2.12293005983e-13, 4.49438229688e-13], "dvar": [2.37406538872e-08, 3.32003899928e-08, 9.70442215475e-08, 9.55393275603e-08, 2.40900362769e-07, 1.16447679943e-07, 2.45250561193e-07, 2.32856336879e-07, 2.95339589229e-07, 1.24428382264e-07, 4.87956164363e-08, 6.85103600517e-08, 9.38101152315e-08, 8.23892420954e-08, 2.07683061859e-08, 8.42907255105e-09, 1.06317044057e-08, 2.00353724722e-08, 1.08763300588e-08, 2.73361155934e-09, 3.07997893856e-09, 1.260148208e-09, 8.31578306215e-10, 5.95118510027e-10, 7.46846404165e-11, 8.43873720902e-11, 7.84110068541e-11, 2.47829100991e-11, 4.81200539484e-12, 4.32531701428e-12, 7.97546490655e-12, 4.98828825468e-11, 4.075188971e-12, 1.41012136863e-12, 3.88341962754e-12, 6.43270647253e-13, 4.03681347247e-13, 2.28592942101e-13, 1.02687559248e-13, 3.2221591389e-13], "mean": [9.55322393565e-05, 0.000268087838776, 0.000297986407531, 0.000249236618401, 0.000403774669394, 0.000279365223832, 0.000236936830333, 0.000316633871989, 0.000358040240826, 0.000238051623455, 0.000194778913283, 0.000195764063392, 0.000164486758877, 0.000132008324726, 9.17991710594e-05, 6.08527552686e-05, 8.3248160081e-05, 0.000113808840979, 9.1033121862e-05, 4.8722820793e-05, 5.83434011787e-05, 4.5230059186e-05, 3.8644833694e-05, 3.01389136439e-05, 1.00266615846e-05, 1.02354615592e-05, 1.08379899757e-05, 6.828642654e-06, 2.29314946409e-06, 1.29440945784e-06, 1.59003297995e-06, 2.93037032861e-06, 1.05341496237e-06, 7.54088318899e-07, 1.08227322926e-06, 3.41088167488e-07, 2.6939690656e-07, 2.46107845214e-07, 2.30041464988e-07, 2.9421383374e-07]}, "barkbands_skewness": {"min": -3.50670337677, "max": 15.9662675858, "dvar2": 0.591347157955, "median": 0.436063796282, "dmean2": 0.579996466637, "dmean": 0.376392602921, "var": 1.1014097929, "dvar": 0.23234654963, "mean": 0.47848495841}, "spectral_entropy": {"min": 5.64520978928, "max": 9.82432174683, "dvar2": 0.0433060824871, "median": 7.39522218704, "dmean2": 0.20147587359, "dmean": 0.14572943747, "var": 0.275299906731, "dvar": 0.0234087891877, "mean": 7.46628332138}, "spectral_rolloff": {"min": 21.533203125, "max": 20628.8085938, "dvar2": 1190151.75, "median": 1851.85546875, "dmean2": 576.676696777, "dmean": 351.031738281, "var": 8252786.5, "dvar": 486526.03125, "mean": 2360.63354492}, "barkbands": {"min": [2.47469856791e-25, 1.74932627303e-24, 2.5662360152e-25, 6.68472152222e-25, 8.19073015714e-24, 2.31677679912e-24, 7.17399967969e-24, 5.57945462159e-24, 1.18990690315e-23, 9.03444134996e-24, 1.0906845307e-23, 2.27040526742e-23, 2.32713588387e-23, 1.61468515033e-23, 2.3871180272e-23, 4.3586240554e-23, 5.6304170871e-23, 6.4815942173e-23, 1.24223820011e-22, 1.34126031234e-22, 2.12947460405e-22, 3.09503530333e-22, 3.55679232052e-22, 6.27926313336e-22, 8.5134484834e-22, 1.19087300533e-21, 1.89897262824e-21], "max": [0.000384698825656, 0.00867343507707, 0.00868846941739, 0.0134163144976, 0.029760401696, 0.0559500306845, 0.128812506795, 0.0952268317342, 0.0652634650469, 0.0258714966476, 0.0575908981264, 0.0554770939052, 0.0266034193337, 0.0302235521376, 0.0304724127054, 0.0209872592241, 0.00989962555468, 0.00613386649638, 0.00618522940204, 0.00320882466622, 0.00235101068392, 0.00312117254362, 0.00166932144202, 0.0012101479806, 0.0018645072123, 8.37276384118e-05, 7.16325375834e-05], "dvar2": [1.27283483753e-09, 5.62782361158e-07, 7.66983873746e-07, 1.71301724095e-06, 7.47510193833e-06, 8.64104094944e-06, 1.13964206321e-05, 2.52236495726e-05, 1.4566399841e-05, 5.10540849064e-06, 1.69688100868e-05, 1.10671726361e-05, 3.23659310197e-06, 3.90283594243e-06, 4.34288313045e-06, 1.2901576838e-06, 7.94870345544e-07, 4.32212999613e-07, 1.03781893301e-07, 6.02382002057e-08, 1.64417954807e-08, 8.74951453511e-08, 1.35352049568e-08, 3.72945940796e-09, 1.38339313338e-08, 6.14603160032e-11, 2.79986138441e-11], "median": [5.98995575274e-06, 0.000134218513267, 0.000413397036027, 0.000296411075396, 0.000491484010126, 0.000471479055705, 0.000315945333568, 0.000547898176592, 0.000840301101562, 0.000357813667506, 0.000226148389629, 0.000252368859947, 0.000252826401265, 0.000308363552904, 0.000463493081043, 0.000263173278654, 0.000381184945581, 0.000239305853029, 0.00014961665147, 9.0216708486e-05, 2.43324720941e-05, 3.00336123473e-05, 1.76296998688e-05, 6.52042535876e-06, 7.9311985246e-06, 6.37589096186e-07, 1.37192472494e-07], "dmean2": [2.34421604546e-05, 0.000351314316504, 0.000568692805246, 0.000739042705391, 0.00141217431519, 0.00120663456619, 0.000937197241001, 0.00199688412249, 0.00162384868599, 0.00101052550599, 0.00112170202192, 0.000916042597964, 0.000746336183511, 0.000933161180001, 0.000994944944978, 0.000540377397556, 0.000537839310709, 0.000416474038502, 0.000176285626367, 0.000145103767863, 5.12820042786e-05, 0.000109333966975, 4.73973777844e-05, 1.90808314073e-05, 3.98305055569e-05, 2.98097006635e-06, 1.70837972746e-06], "dmean": [1.41714244819e-05, 0.000235728584812, 0.000333718431648, 0.000437379087089, 0.000884246372152, 0.000799599918537, 0.000600600673351, 0.00128140999004, 0.00106863607652, 0.000650109781418, 0.000716734095477, 0.000586013076827, 0.000477183493786, 0.000584883673582, 0.000638634839561, 0.00035493253381, 0.000354932039045, 0.000270598073257, 0.00011816433107, 0.000100664037745, 3.55478659912e-05, 7.1292022767e-05, 3.21513398376e-05, 1.36346980071e-05, 2.71431890724e-05, 2.12070222005e-06, 1.18145408123e-06], "var": [8.74532835038e-10, 4.3974839059e-07, 6.59341708342e-07, 9.25199231006e-07, 7.73676947574e-06, 9.09124082682e-06, 1.07649366328e-05, 2.30001769523e-05, 1.11893859867e-05, 5.67560118725e-06, 1.39189360198e-05, 1.03547008621e-05, 3.11808139486e-06, 4.1671719373e-06, 4.92771869176e-06, 2.29680176744e-06, 1.09543577764e-06, 5.77489515763e-07, 1.26325971905e-07, 1.20575762708e-07, 1.25560095654e-08, 4.55415296585e-08, 9.19509712816e-09, 2.70796229884e-09, 7.40826688883e-09, 4.59822110943e-11, 1.64153534515e-11], "dvar": [5.35524513623e-10, 2.63816787083e-07, 2.67156337941e-07, 6.48549757898e-07, 3.04510967908e-06, 3.88701255361e-06, 4.75703200209e-06, 1.10453756861e-05, 6.39702420813e-06, 2.07792504625e-06, 6.67359699946e-06, 4.14080523115e-06, 1.30991270453e-06, 1.56946498464e-06, 1.87261150586e-06, 5.63670653264e-07, 3.51022094947e-07, 1.81939995514e-07, 4.49971544469e-08, 2.92850970141e-08, 7.74947750415e-09, 3.79651403648e-08, 6.19869311436e-09, 1.75847392203e-09, 5.99797189693e-09, 3.02396094276e-11, 1.31512396459e-11], "mean": [1.74780234374e-05, 0.000374322728021, 0.00068613718031, 0.000619915314019, 0.0014953505015, 0.00152419577353, 0.00106766994577, 0.00204025092535, 0.00183140579611, 0.00121317838784, 0.00121013284661, 0.00102478242479, 0.000829667143989, 0.00107310281601, 0.00123588193674, 0.000790496880654, 0.000764158088714, 0.000583097338676, 0.000265346869128, 0.000244690047111, 5.96837162448e-05, 9.43443665165e-05, 4.79623995489e-05, 2.14365263673e-05, 3.63280487363e-05, 2.90468165076e-06, 1.31024603434e-06]}, "melbands_flatness_db": {"min": 0.00290767755359, "max": 0.429201215506, "dvar2": 0.000924475607462, "median": 0.165621727705, "dmean2": 0.0303308293223, "dmean": 0.0210401210934, "var": 0.00344275287353, "dvar": 0.000454766093753, "mean": 0.170606210828}, "melbands_skewness": {"min": -1.73217880726, "max": 32.4919319153, "dvar2": 1.22216713428, "median": 1.03995645046, "dmean2": 0.666695356369, "dmean": 0.428147792816, "var": 2.74457645416, "dvar": 0.469488233328, "mean": 1.19796156883}, "silence_rate_60dB": {"min": 0, "max": 1, "dvar2": 0.0401503294706, "median": 0, "dmean2": 0.0330895558, "dmean": 0.0165427960455, "var": 0.0865045785904, "dvar": 0.0162699464709, "mean": 0.095649048686}, "spectral_energyband_low": {"min": 1.04950102162e-23, "max": 0.0205391701311, "dvar2": 2.52400900536e-06, "median": 0.000939897960052, "dmean2": 0.00103407527786, "dmean": 0.000640176120214, "var": 2.37608810494e-06, "dvar": 9.94055767478e-07, "mean": 0.00142790516838}, "spectral_energyband_middle_low": {"min": 1.67401042497e-22, "max": 0.138902813196, "dvar2": 6.26348846708e-05, "median": 0.00603610742837, "dmean2": 0.00490365503356, "dmean": 0.00328244431876, "var": 8.34679449326e-05, "dvar": 2.73271416518e-05, "mean": 0.00885656569153}, "melbands_kurtosis": {"min": -1.88810062408, "max": 1268.86340332, "dvar2": 2138.54174805, "median": 1.02102375031, "dmean2": 5.89101743698, "dmean": 3.53123474121, "var": 1675.53710938, "dvar": 764.783874512, "mean": 5.10768413544}, "spectral_decrease": {"min": -3.72855843978e-08, "max": 3.37516093527e-17, "dvar2": 5.13787190183e-18, "median": -3.99415389651e-09, "dmean2": 1.66456770589e-09, "dmean": 1.13588682904e-09, "var": 1.23222953454e-17, "dvar": 2.33469391108e-18, "mean": -4.56065718524e-09}, "erbbands_kurtosis": {"min": -1.65365409851, "max": 27.7750434875, "dvar2": 2.41563510895, "median": -0.00711034284905, "dmean2": 1.17195236683, "dmean": 0.74372369051, "var": 2.58715724945, "dvar": 1.0152785778, "mean": 0.40213906765}, "melbands_crest": {"min": 1.57138574123, "max": 39.2136802673, "dvar2": 18.3359947205, "median": 9.84111213684, "dmean2": 4.65287446976, "dmean": 2.85324978828, "var": 25.349773407, "dvar": 7.09268712997, "mean": 10.8660154343}, "mfcc": {"mean": [-672.474975586, 130.105255127, -40.6090927124, 11.0240449905, -0.597406864166, -7.62149858475, -8.99658870697, 2.23510408401, -0.160149157047, 0.123973585665, -0.428089797497, -8.06234836578, -1.35648739338], "icov": [[0.000107733365439, -7.29981911718e-05, 8.50188735058e-05, -0.00015193602303, 0.000266074814135, -3.02276748698e-05, 0.000246288371272, -7.36157162464e-05, 1.33269113576e-05, 8.58052590047e-05, 8.90354858711e-05, 0.000260844593868, 7.8165292507e-05], [-7.29981911718e-05, 0.00075835629832, 0.000364018371329, 9.16981443879e-05, -0.00055630155839, 0.0003011818917, -0.000304533779854, -0.000433581590187, -2.50928278547e-05, -0.000133482739329, -0.00037492721458, -2.84495254164e-05, 5.45445618627e-05], [8.50188735058e-05, 0.000364018371329, 0.00226338976063, -0.000386147905374, 0.000246443902142, -0.000949198147282, 0.000803233531769, -0.00042400622624, -0.000802832480986, 0.000844685302582, -0.000344117084751, -0.000112579691631, 8.43537200126e-05], [-0.00015193602303, 9.16981443879e-05, -0.000386147905374, 0.00587588036433, -0.00370933604427, 0.00191094365437, 0.000561826396734, -0.0015518295113, 0.000147177444887, -0.00118238129653, 0.00144033750985, 4.17507399106e-05, -0.00129955960438], [0.000266074814135, -0.00055630155839, 0.000246443902142, -0.00370933604427, 0.00930138118565, -0.00191131385509, 5.48561620235e-05, 0.00109275430441, -0.00127120455727, -0.000280842243228, 0.00142624625005, -0.000561222434044, -0.000439284165623], [-3.02276748698e-05, 0.0003011818917, -0.000949198147282, 0.00191094365437, -0.00191131385509, 0.00810090545565, -0.00254325848073, -0.000300795712974, -7.46549485484e-05, 0.00148415414151, -0.00202007265761, 0.000896456069313, 0.000636210490484], [0.000246288371272, -0.000304533779854, 0.000803233531769, 0.000561826396734, 5.48561620235e-05, -0.00254325848073, 0.00986341200769, -0.0048897289671, 0.00239449366927, -0.00388025003485, 0.00138536829036, -0.000140372154419, 0.00090032897424], [-7.36157162464e-05, -0.000433581590187, -0.00042400622624, -0.0015518295113, 0.00109275430441, -0.000300795712974, -0.0048897289671, 0.0163626968861, -0.00519069097936, 3.25526489178e-05, -0.000875076570082, 0.000898348516785, -0.00320103787817], [1.33269113576e-05, -2.50928278547e-05, -0.000802832480986, 0.000147177444887, -0.00127120455727, -7.46549485484e-05, 0.00239449366927, -0.00519069097936, 0.0114204408601, -0.00401650089771, 0.00229976256378, -0.000601950683631, -0.000577640603296], [8.58052590047e-05, -0.000133482739329, 0.000844685302582, -0.00118238129653, -0.000280842243228, 0.00148415414151, -0.00388025003485, 3.25526489178e-05, -0.00401650089771, 0.0153235243633, -0.00505131250247, -9.37628137763e-05, 0.00250135781243], [8.90354858711e-05, -0.00037492721458, -0.000344117084751, 0.00144033750985, 0.00142624625005, -0.00202007265761, 0.00138536829036, -0.000875076570082, 0.00229976256378, -0.00505131250247, 0.0126579459757, -0.00190257409122, -0.00142441352364], [0.000260844593868, -2.84495254164e-05, -0.000112579691631, 4.17507399106e-05, -0.000561222434044, 0.000896456069313, -0.000140372154419, 0.000898348516785, -0.000601950683631, -9.37628137763e-05, -0.00190257409122, 0.015331344679, -0.00500572053716], [7.8165292507e-05, 5.45445618627e-05, 8.43537200126e-05, -0.00129955960438, -0.000439284165623, 0.000636210490484, 0.00090032897424, -0.00320103787817, -0.000577640603296, 0.00250135781243, -0.00142441352364, -0.00500572053716, 0.0147708728909]], "cov": [[13318.8964844, 1198.83459473, -634.861022949, 220.943481445, -263.818084717, -271.365386963, -346.206939697, -35.2356376648, -68.671585083, -135.733840942, -179.152069092, -293.007507324, -130.809341431], [1198.83459473, 1840.70117188, -412.815887451, 86.0691452026, 94.9464645386, -84.3825302124, 99.632774353, 83.1403274536, 24.9090518951, 88.3427658081, 24.7580471039, -11.2810106277, -0.230091691017], [-634.861022949, -412.815887451, 617.351379395, 5.64998817444, -0.283478468657, 72.6742706299, -57.3537521362, 3.36710500717, 41.9804840088, -45.3265342712, 5.59431505203, 17.7830524445, 18.8259353638], [220.943481445, 86.0691452026, 5.64998817444, 309.330871582, 120.618743896, -71.829864502, -24.2808361053, 36.1516914368, 49.1214675903, 15.8325881958, -50.5022850037, 10.5772752762, 39.6458206177], [-263.818084717, 94.9464645386, -0.283478468657, 120.618743896, 178.126434326, 0.496291697025, 9.1318397522, 17.4310951233, 37.0279922485, 15.1959609985, -24.7158336639, 15.520283699, 21.9072380066], [-271.365386963, -84.3825302124, 72.6742706299, -71.829864502, 0.496291697025, 176.357833862, 48.1666221619, 5.97113800049, -8.42536067963, -3.72932124138, 30.5032577515, -5.80420398712, -12.9336738586], [-346.206939697, 99.632774353, -57.3537521362, -24.2808361053, 9.1318397522, 48.1666221619, 173.876113892, 47.6361351013, -2.85028529167, 49.8858680725, 17.1660060883, 1.4809333086, -8.82459259033], [-35.2356376648, 83.1403274536, 3.36710500717, 36.1516914368, 17.4310951233, 5.97113800049, 47.6361351013, 98.5776748657, 46.1461524963, 25.0942611694, 4.08807039261, 5.10168218613, 21.4397907257], [-68.671585083, 24.9090518951, 41.9804840088, 49.1214675903, 37.0279922485, -8.42536067963, -2.85028529167, 46.1461524963, 130.211227417, 29.502779007, -13.5682182312, 10.0542116165, 18.1866111755], [-135.733840942, 88.3427658081, -45.3265342712, 15.8325881958, 15.1959609985, -3.72932124138, 49.8858680725, 25.0942611694, 29.502779007, 102.469856262, 30.1026916504, 5.27088117599, -6.45572280884], [-179.152069092, 24.7580471039, 5.59431505203, -50.5022850037, -24.7158336639, 30.5032577515, 17.1660060883, 4.08807039261, -13.5682182312, 30.1026916504, 110.208526611, 15.2463636398, 4.33854293823], [-293.007507324, -11.2810106277, 17.7830524445, 10.5772752762, 15.520283699, -5.80420398712, 1.4809333086, 5.10168218613, 10.0542116165, 5.27088117599, 15.2463636398, 84.2236557007, 33.6616859436], [-130.809341431, -0.230091691017, 18.8259353638, 39.6458206177, 21.9072380066, -12.9336738586, -8.82459259033, 21.4397907257, 18.1866111755, -6.45572280884, 4.33854293823, 33.6616859436, 91.797706604]]}, "spectral_energy": {"min": 9.83538750958e-21, "max": 0.147040903568, "dvar2": 8.38924315758e-05, "median": 0.0168764553964, "dmean2": 0.00678743701428, "dmean": 0.00467389309779, "var": 0.00021445886523, "dvar": 3.8686030166e-05, "mean": 0.019155414775}, "melbands_spread": {"min": 0.614457666874, "max": 309.838989258, "dvar2": 163.907608032, "median": 29.0608558655, "dmean2": 10.5296478271, "dmean": 6.86650562286, "var": 547.276428223, "dvar": 74.2388076782, "mean": 33.8391227722}, "erbbands_flatness_db": {"min": 0.0161745753139, "max": 0.410961031914, "dvar2": 0.000540161097888, "median": 0.205506652594, "dmean2": 0.0250276252627, "dmean": 0.0175332091749, "var": 0.00252994406037, "dvar": 0.000285573449219, "mean": 0.20222081244}, "spectral_contrast_valleys": {"min": [-28.2069988251, -28.3034858704, -27.9237003326, -27.8679542542, -27.562253952, -27.4220180511], "max": [-6.09027719498, -4.68720674515, -5.24027395248, -5.45422840118, -5.81667423248, -8.06986713409], "dvar2": [0.319488316774, 0.239296123385, 0.182971850038, 0.156686678529, 0.155530065298, 0.230489268899], "median": [-8.19979572296, -6.65788555145, -7.11993074417, -7.42254543304, -7.63109636307, -10.6917495728], "dmean2": [0.689376473427, 0.560747206211, 0.479261428118, 0.421205669641, 0.378982007504, 0.422151893377], "dmean": [0.42316415906, 0.349547982216, 0.307225733995, 0.277149111032, 0.281869769096, 0.341673821211], "var": [10.1103925705, 11.6728935242, 11.1663379669, 10.8585290909, 10.7224149704, 8.10832214355], "dvar": [0.132497444749, 0.113120310009, 0.0923287123442, 0.0854844152927, 0.0947534739971, 0.147377848625], "mean": [-8.80153274536, -7.34245586395, -7.78284168243, -8.07011985779, -8.30910205841, -11.3108301163]}, "barkbands_flatness_db": {"min": 0.0250167455524, "max": 0.366914689541, "dvar2": 0.000700649630744, "median": 0.125956520438, "dmean2": 0.0269909780473, "dmean": 0.0182358771563, "var": 0.00193160877097, "dvar": 0.000329439499183, "mean": 0.129594549537}, "zerocrossingrate": {"min": 0.0048828125, "max": 0.60693359375, "dvar2": 0.000175353765371, "median": 0.06494140625, "dmean2": 0.0103459311649, "dmean": 0.00866052415222, "var": 0.00554311508313, "dvar": 0.000132688728627, "mean": 0.0777848511934}, "spectral_skewness": {"min": -0.078204944729