{"lowlevel": {"spectral_complexity": {"min": 0, "max": 57, "dvar2": 29.282869339, "median": 25, "dmean2": 5.59526109695, "dmean": 3.94488096237, "var": 113.082328796, "dvar": 17.0282897949, "mean": 24.1076869965}, "silence_rate_20dB": {"min": 1, "max": 1, "dvar2": 0, "median": 1, "dmean2": 0, "dmean": 0, "var": 0, "dvar": 0, "mean": 1}, "average_loudness": 0.935566723347, "erbbands_spread": {"min": 3.45527267456, "max": 108.400337219, "dvar2": 91.1306228638, "median": 29.5840530396, "dmean2": 9.17415237427, "dmean": 6.03814268112, "var": 187.515045166, "dvar": 40.9333229065, "mean": 31.4422454834}, "spectral_kurtosis": {"min": -1.27136838436, "max": 35.4078788757, "dvar2": 11.7552919388, "median": 3.98168420792, "dmean2": 2.54629325867, "dmean": 1.53895866871, "var": 8.8393907547, "dvar": 4.01734447479, "mean": 4.42893314362}, "barkbands_kurtosis": {"min": -1.85262155533, "max": 27.1258735657, "dvar2": 4.3051815033, "median": -0.46888011694, "dmean2": 1.35784053802, "dmean": 0.858310878277, "var": 4.76222276688, "dvar": 1.86094093323, "mean": 0.205254629254}, "spectral_strongpeak": {"min": 0, "max": 11.4887561798, "dvar2": 3.63526988029, "median": 0.470334082842, "dmean2": 1.28228807449, "dmean": 0.745905816555, "var": 2.72527837753, "dvar": 1.42266321182, "mean": 1.28446030617}, "spectral_spread": {"min": 1193660.75, "max": 43790316, "dvar2": 1553020878850.0, "median": 3825254, "dmean2": 720583.625, "dmean": 517249.15625, "var": 22636321046500.0, "dvar": 829007200256, "mean": 4675422.5}, "spectral_rms": {"min": 3.09827424133e-12, "max": 0.00789085775614, "dvar2": 5.12917551987e-07, "median": 0.00449556205422, "dmean2": 0.000732751388568, "dmean": 0.000488388584927, "var": 2.28502722166e-06, "dvar": 2.44597941901e-07, "mean": 0.00421476736665}, "dynamic_complexity": 3.24405097961, "erbbands": {"min": [4.8469336889e-23, 2.78316539223e-22, 1.50487781385e-21, 4.08857564937e-21, 9.67652440333e-21, 2.41059785232e-20, 3.61188414471e-20, 4.93515792859e-20, 1.01514441744e-19, 1.70654068287e-19, 1.94658138805e-19, 5.08472161837e-19, 4.91966910087e-19, 6.69818703399e-19, 7.45586327859e-19, 9.90342712162e-19, 1.5523690284e-18, 1.94077520054e-18, 2.02314398478e-18, 3.19059692284e-18, 3.16601228785e-18, 5.18818640336e-18, 4.85461548159e-18, 5.10499767634e-18, 6.77442434194e-18, 8.38447391522e-18, 9.87300941575e-18, 9.71613874848e-18, 9.11938914789e-18, 9.14131191567e-18, 1.2289496807e-17, 1.08767078895e-17, 8.31281443158e-18, 8.30152010749e-18, 5.76491078851e-18, 3.96854705405e-18, 2.3300422609e-18, 9.46537605066e-19, 2.57227140164e-19, 2.54476945573e-20], "max": [0.324641555548, 2.74714899063, 20.5623893738, 48.402797699, 67.4332046509, 100.848670959, 193.365463257, 230.535018921, 528.106628418, 523.196594238, 783.616027832, 501.846954346, 608.310668945, 1074.75817871, 911.313049316, 1341.67956543, 1019.27288818, 655.291931152, 1442.81652832, 1164.96435547, 1608.82849121, 678.578430176, 508.942565918, 503.247467041, 516.106201172, 300.862609863, 265.3699646, 300.012329102, 521.552062988, 242.455215454, 215.06602478, 199.241043091, 116.285087585, 53.5668907166, 54.7290840149, 3.35507726669, 0.521427750587, 0.077155187726, 0.00355380680412, 0.000214530853555], "dvar2": [0.0018080585869, 0.162125527859, 5.81637239456, 19.9547195435, 26.6612606049, 129.107345581, 244.328308105, 203.261352539, 416.96395874, 919.778076172, 3145.32910156, 2422.91113281, 1724.43701172, 4213.72753906, 6901.63476563, 5391.06054688, 3238.85400391, 3042.1171875, 7338.00634766, 6674.81542969, 5938.52539063, 4144.89501953, 2553.98071289, 667.782653809, 1039.52429199, 575.933044434, 156.072021484, 382.073120117, 2916.13769531, 216.807006836, 251.468917847, 84.4511642456, 32.8192901611, 12.142827034, 25.0070495605, 0.079644665122, 0.00293091055937, 5.87998547417e-05, 6.62057715317e-08, 3.48820333729e-10], "median": [0.00684310588986, 0.202733010054, 1.35400223732, 2.96562242508, 1.99152755737, 1.92065668106, 2.81727743149, 3.10732603073, 4.06133270264, 6.45113229752, 9.98407840729, 12.6169967651, 14.0689048767, 12.6184043884, 11.9415073395, 13.7415771484, 12.890253067, 13.6620311737, 26.6544265747, 29.9462051392, 24.7079048157, 33.1675872803, 29.0890522003, 15.7215461731, 15.3925199509, 10.3742237091, 4.19186592102, 3.06802749634, 4.05374288559, 2.36753368378, 1.92548465729, 0.789889574051, 0.537126779556, 0.418084442616, 0.228765964508, 0.0239131581038, 0.00268010934815, 0.00030247628456, 2.70228447334e-05, 2.92407894449e-05], "dmean2": [0.0215662792325, 0.309428393841, 1.78472411633, 3.35302662849, 3.05925583839, 5.75395870209, 7.66097450256, 6.83164834976, 9.04162216187, 14.3186988831, 26.0358715057, 23.1597290039, 20.2986526489, 29.8449668884, 29.9662628174, 26.4381351471, 26.0926914215, 28.9598560333, 44.9082183838, 44.5729484558, 38.1464614868, 41.0172805786, 34.5293617249, 15.6259040833, 17.6994400024, 14.4268693924, 6.27650356293, 8.26841831207, 18.4248142242, 5.96202611923, 6.60150718689, 2.63918709755, 1.6687681675, 1.33286738396, 1.71568238735, 0.111720845103, 0.0202194359154, 0.00251845223829, 8.47533519845e-05, 1.28513020172e-05], "dmean": [0.0146904392168, 0.182055905461, 1.04897761345, 1.97897696495, 1.80861091614, 3.47597193718, 4.81640815735, 4.34983921051, 5.65429162979, 8.82403373718, 16.2228393555, 14.5650205612, 12.8409671783, 19.2220001221, 19.2783203125, 16.8649902344, 16.5849723816, 18.3541431427, 28.4896831512, 28.6695899963, 25.3971424103, 26.4379196167, 22.3494987488, 10.24559021, 11.7585582733, 9.7559967041, 4.37716150284, 5.79302167892, 12.2458362579, 4.27598428726, 4.57008123398, 1.92954242229, 1.20258378983, 0.975077807903, 1.17343235016, 0.0815294459462, 0.0143163474277, 0.00171971379314, 5.86232999922e-05, 9.18711157283e-06], "var": [0.00188832322601, 0.13958632946, 8.46304607391, 15.7161521912, 15.8823442459, 74.3304443359, 185.645553589, 186.564971924, 536.013122559, 610.82244873, 2433.78222656, 1542.23449707, 1528.15026855, 3821.24365234, 5659.76708984, 5364.21386719, 3097.03393555, 3571.88110352, 7738.43652344, 6931.92871094, 9565.546875, 5247.90380859, 3538.88574219, 790.837585449, 1246.57470703, 930.719055176, 193.374252319, 344.94921875, 1543.65100098, 201.724578857, 205.128555298, 68.1258926392, 20.6047134399, 9.47264480591, 14.8724145889, 0.0606596246362, 0.00184387271293, 2.98416598525e-05, 3.85559033589e-08, 5.07989039722e-10], "dvar": [0.000999755458906, 0.0577353015542, 2.1124958992, 7.12954521179, 9.80865955353, 50.3821525574, 99.4822921753, 88.9316329956, 186.260116577, 379.711547852, 1294.69311523, 999.335510254, 671.98651123, 1740.640625, 2585.76879883, 2154.16772461, 1285.89233398, 1209.20373535, 2946.3059082, 2910.16479492, 2539.13476563, 1761.88146973, 1079.3605957, 287.124572754, 449.092407227, 268.744567871, 83.0635528564, 200.961929321, 1272.5411377, 115.084503174, 121.669563293, 43.0682258606, 14.7839641571, 5.74060583115, 11.5076208115, 0.039462454617, 0.00137498800177, 2.61622790276e-05, 3.09254062358e-08, 1.86167456451e-10], "mean": [0.0225131697953, 0.343554347754, 2.47663593292, 3.96696734428, 3.10176062584, 4.91556882858, 7.85879659653, 7.68200588226, 10.6061725616, 14.273103714, 25.7467651367, 23.9120044708, 26.3146038055, 35.0824775696, 35.5228843689, 32.7833633423, 31.2868385315, 37.2658233643, 58.8998947144, 56.9449653625, 58.0010375977, 59.2379150391, 51.4798774719, 24.7911911011, 26.7034339905, 22.9734363556, 8.79682254791, 9.00586414337, 15.6939849854, 6.86819314957, 6.79048585892, 2.78027415276, 1.86502540112, 1.49614930153, 1.47833621502, 0.113267675042, 0.0174391493201, 0.00193038885482, 7.92160790297e-05, 3.16741170536e-05]}, "spectral_contrast_coeffs": {"min": [-0.981994628906, -0.985082864761, -0.98509401083, -0.986139595509, -0.980453014374, -0.96502494812], "max": [-0.320971786976, -0.375041842461, -0.43754696846, -0.475444197655, -0.481566101313, -0.614225327969], "dvar2": [0.0046896613203, 0.00362262898125, 0.00234923535027, 0.00192183686886, 0.00106319866609, 0.000662049045786], "median": [-0.624546170235, -0.750682353973, -0.766070067883, -0.750793159008, -0.747115731239, -0.756656765938], "dmean2": [0.084083147347, 0.074074998498, 0.0593715459108, 0.0540426820517, 0.0398766510189, 0.0298287384212], "dmean": [0.0503453239799, 0.045612115413, 0.0365961268544, 0.0342999137938, 0.0268835518509, 0.0193406753242], "var": [0.00738087529317, 0.00583186279982, 0.0046476139687, 0.00495431665331, 0.00520314602181, 0.0023342454806], "dvar": [0.00171578419395, 0.00140844192356, 0.000918694538996, 0.000810898491181, 0.000533708545845, 0.000297346326988], "mean": [-0.630171477795, -0.748054146767, -0.761592388153, -0.747062861919, -0.742069721222, -0.757562935352]}, "dissonance": {"min": 0.312618553638, "max": 0.499999970198, "dvar2": 0.000458644586615, "median": 0.478836983442, "dmean2": 0.0219280794263, "dmean": 0.0130740497261, "var": 0.000357689743396, "dvar": 0.000170937579242, "mean": 0.474515587091}, "spectral_energyband_high": {"min": 7.10025180628e-21, "max": 0.0210755392909, "dvar2": 4.47850061391e-06, "median": 0.000554782571271, "dmean2": 0.000966853636783, "dmean": 0.000721424701624, "var": 4.73374711873e-06, "dvar": 2.44752141043e-06, "mean": 0.0012727387948}, "gfcc": {"mean": [-22.3625125885, 82.2967910767, -145.155303955, 37.8619689941, -55.9270935059, 18.3086547852, -42.7236328125, 14.1977186203, -22.6815986633, -3.97543215752, -19.2217140198, -6.92066192627, -10.9092588425], "icov": [[0.000190459963051, -0.000366486026905, 0.000490315316711, -0.00059775164118, 0.000755808781832, -0.000452180451248, 0.000362922583008, -0.000480474816868, 0.000455141736893, -0.000186450692127, 0.000376777752535, -0.000237258820562, 0.000147000115248], [-0.000366486026905, 0.00201401603408, -0.000702942546923, 0.00121205311734, -0.00208630925044, 0.000709015468601, -0.000412468391005, 0.000558911531698, -0.00132034474518, 0.00198936113156, -0.00136152887717, 0.00171743752435, 0.000245191273279], [0.000490315316711, -0.000702942546923, 0.00264633703046, -0.00179897772614, 0.00132870010566, -0.00130650098436, 0.000315377576044, -0.0011044437997, 0.000524858536664, -0.000697859039064, 0.00224311975762, -0.00182271155063, 0.000931987538934], [-0.00059775164118, 0.00121205311734, -0.00179897772614, 0.00604746770114, -0.00280635268427, 0.000665292667691, 0.00113074108958, -0.000262971414486, -0.00148258835543, 0.00185425998643, -0.00100271916017, 0.00145481526852, -0.00220387475565], [0.000755808781832, -0.00208630925044, 0.00132870010566, -0.00280635268427, 0.00905939657241, -0.00149779068306, -0.00150289887097, -0.00100037176162, -0.000490586971864, 8.33033191157e-05, -0.000629484187812, -9.52863338171e-05, -0.00154843216296], [-0.000452180451248, 0.000709015468601, -0.00130650098436, 0.000665292667691, -0.00149779068306, 0.00739226350561, -0.0034897425212, 0.000966904102825, 0.00228383485228, -0.00187442207243, 0.00137628801167, -0.000671662564855, 0.000966223829892], [0.000362922583008, -0.000412468391005, 0.000315377576044, 0.00113074108958, -0.00150289887097, -0.0034897425212, 0.0108352685347, -0.00249132839963, -0.000335413467837, 0.00207577901892, -0.00251010293141, 0.00215866439976, 0.00140871934127], [-0.000480474816868, 0.000558911531698, -0.0011044437997, -0.000262971414486, -0.00100037176162, 0.000966904102825, -0.00249132839963, 0.0115821743384, -0.00425958074629, -0.00105511408765, 0.00120352290105, 0.00116156507283, -0.00146217620932], [0.000455141736893, -0.00132034474518, 0.000524858536664, -0.00148258835543, -0.000490586971864, 0.00228383485228, -0.000335413467837, -0.00425958074629, 0.0164273530245, -0.00482572382316, 0.00216634874232, -0.000443985598395, 0.000393350288505], [-0.000186450692127, 0.00198936113156, -0.000697859039064, 0.00185425998643, 8.33033191157e-05, -0.00187442207243, 0.00207577901892, -0.00105511408765, -0.00482572382316, 0.019301129505, -0.00515845837072, -0.00289106508717, 0.00435315165669], [0.000376777752535, -0.00136152887717, 0.00224311975762, -0.00100271916017, -0.000629484187812, 0.00137628801167, -0.00251010293141, 0.00120352290105, 0.00216634874232, -0.00515845837072, 0.0143861370161, -0.00259107281454, -0.00198497646488], [-0.000237258820562, 0.00171743752435, -0.00182271155063, 0.00145481526852, -9.52863338171e-05, -0.000671662564855, 0.00215866439976, 0.00116156507283, -0.000443985598395, -0.00289106508717, -0.00259107281454, 0.0169327314943, -0.00468860426918], [0.000147000115248, 0.000245191273279, 0.000931987538934, -0.00220387475565, -0.00154843216296, 0.000966223829892, 0.00140871934127, -0.00146217620932, 0.000393350288505, 0.00435315165669, -0.00198497646488, -0.00468860426918, 0.0159187857062]], "cov": [[34707.4023438, 1334.3190918, -3038.14916992, 1348.63793945, -1871.47583008, 599.257995605, -1222.72961426, 452.610961914, -644.036254883, -131.930236816, -589.436401367, -110.96547699, -99.2943878174], [1334.3190918, 1330.50500488, -312.73236084, -3.16857528687, 257.438934326, -83.7158584595, 115.209701538, 29.6630001068, 49.4626426697, -148.101104736, 84.5291748047, -177.87147522, 5.13641786575], [-3038.14916992, -312.73236084, 1034.25256348, 33.0484237671, 57.5533866882, 81.3766860962, 54.6395378113, 20.1017951965, 54.2652168274, 48.8934860229, -85.940612793, 82.0792160034, -26.6865558624], [1348.63793945, -3.16857528687, 33.0484237671, 336.16897583, -14.8223161697, 5.83964681625, -79.4128875732, 55.1174507141, -0.394045203924, -26.1313419342, -39.6232223511, 2.42692184448, 45.4246444702], [-1871.47583008, 257.438934326, 57.5533866882, -14.8223161697, 342.911010742, -47.5553398132, 136.43081665, -0.953152120113, 64.4243164063, -39.6550979614, 80.1555328369, -44.403213501, 38.144744873], [599.257995605, -83.7158584595, 81.3766860962, 5.83964681625, -47.5553398132, 230.183242798, 27.4729290009, 4.05090713501, -43.0202560425, 25.1654014587, -41.7074623108, 17.3919448853, -34.7533569336], [-1222.72961426, 115.209701538, 54.6395378113, -79.4128875732, 136.43081665, 27.4729290009, 197.353302002, 5.27583885193, 28.0686664581, -16.2032032013, 47.8075637817, -37.6621704102, -11.4475288391], [452.610961914, 29.6630001068, 20.1017951965, 55.1174507141, -0.953152120113, 4.05090713501, 5.27583885193, 122.151794434, 28.4751110077, 1.72875463963, -22.5854969025, -9.00220012665, 5.58773899078], [-644.036254883, 49.4626426697, 54.2652168274, -0.394045203924, 64.4243164063, -43.0202560425, 28.0686664581, 28.4751110077, 97.9451217651, 9.79293346405, 10.5317783356, -7.8414812088, 4.86872291565], [-131.930236816, -148.101104736, 48.8934860229, -26.1313419342, -39.6550979614, 25.1654014587, -16.2032032013, 1.72875463963, 9.79293346405, 88.3960494995, 6.43727016449, 34.1056671143, -20.3397598267], [-589.436401367, 84.5291748047, -85.940612793, -39.6232223511, 80.1555328369, -41.7074623108, 47.8075637817, -22.5854969025, 10.5317783356, 6.43727016449, 124.450416565, -2.32664060593, 20.5224475861], [-110.96547699, -177.87147522, 82.0792160034, 2.42692184448, -44.403213501, 17.3919448853, -37.6621704102, -9.00220012665, -7.8414812088, 34.1056671143, -2.32664060593, 99.8338241577, 16.4076156616], [-99.2943878174, 5.13641786575, -26.6865558624, 45.4246444702, 38.144744873, -34.7533569336, -11.4475288391, 5.58773899078, 4.86872291565, -20.3397598267, 20.5224475861, 16.4076156616, 91.6873779297]]}, "spectral_flux": {"min": 6.31603033763e-11, "max": 0.19886046648, "dvar2": 0.000564736488741, "median": 0.074628919363, "dmean2": 0.0246895365417, "dmean": 0.0166053529829, "var": 0.00133001722861, "dvar": 0.000271961092949, "mean": 0.0749006271362}, "silence_rate_30dB": {"min": 1, "max": 1, "dvar2": 0, "median": 1, "dmean2": 0, "dmean": 0, "var": 0, "dvar": 0, "mean": 1}, "spectral_energyband_middle_high": {"min": 1.04221859222e-21, "max": 0.0486399233341, "dvar2": 2.39432465605e-05, "median": 0.00677820295095, "dmean2": 0.00350508769043, "dmean": 0.00244890921749, "var": 5.82292450417e-05, "dvar": 1.05299450297e-05, "mean": 0.00888575986028}, "barkbands_spread": {"min": 2.71943354607, "max": 113.41065979, "dvar2": 91.2579040527, "median": 28.6791954041, "dmean2": 8.76507377625, "dmean": 5.80211687088, "var": 167.101409912, "dvar": 44.9274978638, "mean": 29.9972782135}, "spectral_centroid": {"min": 295.595581055, "max": 11733.5498047, "dvar2": 195062, "median": 1919.58789063, "dmean2": 378.174102783, "dmean": 253.89692688, "var": 1666595.25, "dvar": 102559.132813, "mean": 2030.88977051}, "pitch_salience": {"min": 0.179026052356, "max": 0.989191174507, "dvar2": 0.00647492427379, "median": 0.578230440617, "dmean2": 0.0947530642152, "dmean": 0.059700768441, "var": 0.0104590980336, "dvar": 0.00280964700505, "mean": 0.576524972916}, "erbbands_skewness": {"min": -2.99081778526, "max": 2.89853310585, "dvar2": 0.16938893497, "median": -0.198921829462, "dmean2": 0.460894316435, "dmean": 0.303370326757, "var": 0.469205141068, "dvar": 0.0742628127337, "mean": -0.27743896842}, "erbbands_crest": {"min": 2.43120312691, "max": 27.2469158173, "dvar2": 10.6336345673, "median": 7.46191596985, "dmean2": 3.54758882523, "dmean": 2.19349837303, "var": 12.1957263947, "dvar": 4.25797557831, "mean": 8.18512058258}, "melbands": {"min": [4.31705510889e-25, 7.70727852631e-25, 1.05499082299e-24, 1.59846737314e-24, 7.69524741143e-25, 9.02730413092e-25, 1.68895376188e-24, 2.1086879141e-24, 1.21531526489e-24, 2.94716836747e-24, 2.21025868603e-24, 2.37575065989e-24, 2.03981858213e-24, 2.25776960898e-24, 3.40405076858e-24, 2.37946402538e-24, 2.67908720225e-24, 3.59173497743e-24, 1.96732088444e-24, 3.48852514976e-24, 2.54750658377e-24, 4.93269241451e-24, 4.28889553558e-24, 2.77041382647e-24, 3.39848732705e-24, 4.52347397537e-24, 4.95799867792e-24, 4.20033603821e-24, 5.43893798398e-24, 5.17072724836e-24, 4.45930132403e-24, 4.26358059471e-24, 5.18506242873e-24, 4.34058801298e-24, 6.24476728728e-24, 5.51496327043e-24, 5.9115626961e-24, 5.1550620485e-24, 6.34181650571e-24, 5.9779106314e-24], "max": [0.00311268982477, 0.00817439891398, 0.00678415736184, 0.00556875905022, 0.00625156844035, 0.004531764891, 0.00754491426051, 0.00789059326053, 0.00525331776589, 0.00334211578593, 0.00314357294701, 0.00395810371265, 0.00440481863916, 0.00596324633807, 0.00375850824639, 0.00149561127182, 0.00137126655318, 0.00288249272853, 0.00152826390695, 0.00106924423017, 0.00189394026529, 0.000770433340222, 0.00054443674162, 0.000540124892723, 0.000444552686531, 0.000546828552615, 0.000337599311024, 0.000199677524506, 0.000163655800861, 0.00014690446551, 0.000209457270103, 0.000376741110813, 0.00017897800717, 0.000125988517539, 0.000132636007038, 0.000155867470312, 0.000125655918964, 9.53796625254e-05, 4.85349155497e-05, 4.47813690698e-05], "dvar2": [1.41871993264e-07, 9.0624070026e-07, 5.06436094838e-07, 2.85951017531e-07, 2.64947431106e-07, 1.00130904457e-07, 8.51679047287e-08, 1.83971565093e-07, 1.93068771637e-07, 9.03848516032e-08, 4.69663277158e-08, 6.88935983817e-08, 1.14595088974e-07, 1.13016739078e-07, 3.56760168074e-08, 1.29481296796e-08, 1.48447147907e-08, 2.3222021639e-08, 2.26965308769e-08, 6.87814383227e-09, 1.0410631468e-08, 5.26724930339e-09, 3.5019198652e-09, 2.51011655905e-09, 5.20201437482e-10, 6.88109569325e-10, 6.81123768498e-10, 2.6789576113e-10, 7.03250305212e-11, 9.97707610972e-11, 1.58822510699e-10, 1.41067746373e-09, 1.87394127993e-10, 5.96002344699e-11, 1.45909839766e-10, 4.067626444e-11, 3.33931077234e-11, 2.11654652138e-11, 7.94808403121e-12, 9.77195841606e-12], "median": [0.000120365366456, 0.000609737588093, 0.000521323410794, 0.000139695941471, 0.000106350977148, 7.00988239259e-05, 5.7342909713e-05, 7.53571584937e-05, 8.4409264673e-05, 8.23980808491e-05, 6.80502635078e-05, 4.94061496283e-05, 3.75192030333e-05, 3.00398642139e-05, 3.31674746121e-05, 1.99705118575e-05, 2.32097809203e-05, 3.68995169993e-05, 4.27879349445e-05, 2.60065862676e-05, 2.78686602542e-05, 3.30270449922e-05, 2.9529166568e-05, 1.91033541341e-05, 9.85909173323e-06, 1.05190410977e-05, 9.20450656849e-06, 5.85305133427e-06, 2.55998611465e-06, 1.35159086767e-06, 1.65806807217e-06, 2.39604628405e-06, 1.48659569277e-06, 1.13906821753e-06, 1.25637529891e-06, 5.3913913689e-07, 3.95145150378e-07, 3.63806805126e-07, 3.2825425933e-07, 2.9966662396e-07], "dmean2": [0.000241411093157, 0.000726189056877, 0.0005365582183, 0.000283729517832, 0.000272479141131, 0.000154546971316, 0.000132707617013, 0.000198069974431, 0.000206068347325, 0.000146515798406, 0.000105057115434, 0.000126472878037, 0.000107752224721, 9.754247003e-05, 7.43616838008e-05, 5.17123589816e-05, 6.17549958406e-05, 8.00987763796e-05, 7.86731907283e-05, 4.43186690973e-05, 4.9622845836e-05, 4.5620578021e-05, 3.80580095225e-05, 3.16638470395e-05, 1.33157291202e-05, 1.33079020088e-05, 1.45661842907e-05, 9.72338966676e-06, 4.54222890767e-06, 4.0700374484e-06, 5.12645056006e-06, 1.26139684653e-05, 5.29100634594e-06, 3.00235296891e-06, 5.06599781147e-06, 1.89527679595e-06, 1.57937461154e-06, 1.3054906276e-06, 9.58111172622e-07, 1.18493289847e-06], "dmean": [0.000153710148879, 0.000425403704867, 0.000316175544867, 0.000170633764355, 0.000171160587342, 9.84992293525e-05, 8.28601405374e-05, 0.000121764715004, 0.000129302992718, 9.27577129914e-05, 6.64954786771e-05, 8.12645157566e-05, 6.93832116667e-05, 6.16715478827e-05, 4.69244296255e-05, 3.30085713358e-05, 3.88728949474e-05, 5.08359553351e-05, 4.9352303904e-05, 2.89575855277e-05, 3.28970490955e-05, 2.92202184937e-05, 2.42774985963e-05, 2.01999973797e-05, 8.45447630127e-06, 8.59041483636e-06, 9.5732666523e-06, 6.47460637992e-06, 3.05889761876e-06, 2.78149514088e-06, 3.50504410562e-06, 8.25552069728e-06, 3.62432251677e-06, 2.09870404433e-06, 3.41418376593e-06, 1.34712468025e-06, 1.13275257263e-06, 9.2011345032e-07, 6.8063263825e-07, 8.44933026656e-07], "var": [1.36268411666e-07, 1.20245761082e-06, 3.82386446063e-07, 1.64122283763e-07, 2.27422688681e-07, 9.35541493163e-08, 1.04749346974e-07, 1.28283005552e-07, 1.45199877011e-07, 5.87574362498e-08, 4.22490096241e-08, 6.38891819449e-08, 8.70137455422e-08, 1.06332180394e-07, 2.79109144685e-08, 1.24416033032e-08, 1.73231686773e-08, 2.49520866191e-08, 2.16969997524e-08, 7.76780151313e-09, 1.59276822842e-08, 5.8470797093e-09, 3.99328081713e-09, 2.91758084359e-09, 4.74489447733e-10, 6.49523934637e-10, 8.90065632309e-10, 4.03196837029e-10, 9.09958497441e-11, 7.65329119523e-11, 1.28699287338e-10, 7.24380722072e-10, 1.31324062735e-10, 4.83177733934e-11, 1.09689396455e-10, 3.05015075697e-11, 2.47866501629e-11, 1.21502981287e-11, 5.54963627136e-12, 7.15555002404e-12], "dvar": [6.82439491584e-08, 3.1866929362e-07, 1.80105487857e-07, 1.09257591419e-07, 1.09239856272e-07, 4.38616432064e-08, 3.76551270165e-08, 7.62048628644e-08, 7.80787274834e-08, 3.71567416835e-08, 1.8224294962e-08, 2.86584960207e-08, 4.29807549551e-08, 4.52258248629e-08, 1.35940076973e-08, 5.33749355824e-09, 5.94587845626e-09, 9.57066159657e-09, 9.06657238176e-09, 3.0770137549e-09, 4.46295977952e-09, 2.24921836711e-09, 1.50216716843e-09, 1.02580166583e-09, 2.17434070748e-10, 2.89938212328e-10, 2.96946661704e-10, 1.23076007719e-10, 3.62635581286e-11, 4.80045621309e-11, 7.99541474694e-11, 6.10269224044e-10, 8.95010593416e-11, 2.97696832463e-11, 6.78743797278e-11, 2.01453975029e-11, 1.65222384385e-11, 9.27747201979e-12, 3.5977184773e-12, 4.50756229217e-12], "mean": [0.000256118481047, 0.00100000493694, 0.000666409730911, 0.000261884968495, 0.000282671710011, 0.000175833964022, 0.00015165861987, 0.000191230661585, 0.000207640507142, 0.000152577893459, 0.000133559777169, 0.000144260760862, 0.000123190577142, 0.000107161751657, 8.27185140224e-05, 5.76228339924e-05, 7.25143545424e-05, 9.73163187155e-05, 9.21983009903e-05, 5.67884053453e-05, 7.02489196556e-05, 5.99971572228e-05, 5.11963662575e-05, 4.14138921769e-05, 1.69549384736e-05, 1.78558366315e-05, 2.02949559025e-05, 1.42219978443e-05, 5.92314609094e-06, 4.11170276493e-06, 5.23553853782e-06, 1.02633357528e-05, 5.03675573782e-06, 3.31313140123e-06, 4.88983550895e-06, 1.89936019979e-06, 1.55189775342e-06, 1.34154686293e-06, 1.11661381652e-06, 1.23579911815e-06]}, "barkbands_skewness": {"min": -2.18200469017, "max": 4.75606012344, "dvar2": 0.253844499588, "median": 0.385813117027, "dmean2": 0.535217761993, "dmean": 0.354594737291, "var": 0.763340055943, "dvar": 0.119379661977, "mean": 0.470449954271}, "spectral_entropy": {"min": 5.63021802902, "max": 9.8294506073, "dvar2": 0.0327159389853, "median": 7.66789531708, "dmean2": 0.183278888464, "dmean": 0.139177784324, "var": 0.210806936026, "dvar": 0.01962473616, "mean": 7.70342588425}, "spectral_rolloff": {"min": 129.19921875, "max": 19724.4140625, "dvar2": 1594287.75, "median": 2304.05273438, "dmean2": 896.622497559, "dmean": 579.894714355, "var": 6939963.5, "dvar": 842566.3125, "mean": 2748.47387695}, "barkbands": {"min": [1.23913038397e-25, 9.46782082369e-25, 6.79602092126e-25, 1.03039226642e-24, 8.14394597229e-24, 3.80672047892e-24, 7.68198587075e-24, 6.81207345182e-24, 1.77311587246e-23, 1.12762728132e-23, 1.0589916494e-23, 1.63909156011e-23, 2.84151263712e-23, 3.84580703793e-23, 2.38073519585e-23, 5.65778803616e-23, 7.42051792371e-23, 7.17525854393e-23, 1.36010979657e-22, 1.87189675102e-22, 2.62870491238e-22, 2.72173269147e-22, 4.33142899077e-22, 5.92309685228e-22, 8.69220512183e-22, 1.21932652398e-21, 1.9603994725e-21], "max": [0.000791841652244, 0.0118598267436, 0.0187605172396, 0.0168974809349, 0.0230122860521, 0.0294141341001, 0.0316084250808, 0.0511271171272, 0.0229129139334, 0.0202266275883, 0.034512270242, 0.0417434945703, 0.0282556097955, 0.0200478751212, 0.0232589840889, 0.0234185289592, 0.0130534069613, 0.00766972079873, 0.0136143229902, 0.0067518404685, 0.00647810101509, 0.0107264602557, 0.00678854715079, 0.00698484154418, 0.00463316449896, 0.000356319127604, 2.27840773732e-05], "dvar2": [7.58411378143e-09, 2.30622913477e-06, 6.23580717729e-06, 3.23801168634e-06, 6.41238648313e-06, 3.31366436512e-06, 1.86382021639e-06, 7.97658685769e-06, 4.63745072921e-06, 2.56106864072e-06, 6.85572422299e-06, 5.67947472518e-06, 2.40678627961e-06, 2.24621749112e-06, 3.48552475771e-06, 1.69047530107e-06, 1.42631677136e-06, 7.25012512248e-07, 3.73845040258e-07, 2.78341531157e-07, 1.39642565955e-07, 1.14501358439e-06, 2.42013470597e-07, 1.43196288604e-07, 2.28675446579e-07, 9.25033716292e-10, 2.66820311505e-12], "median": [2.32098718698e-05, 0.000643472769298, 0.00143365736585, 0.000861815002281, 0.000575540703721, 0.000366291671526, 0.000255754508544, 0.000387397652958, 0.000650446279906, 0.000330094480887, 0.000222600559937, 0.000283216912067, 0.000289757794235, 0.000276947568636, 0.000592885306105, 0.000350222631823, 0.000571598182432, 0.000393148016883, 0.000281392538454, 0.000215797626879, 6.6844309913e-05, 0.000100591154478, 6.87553401804e-05, 3.35152071784e-05, 3.74262235709e-05, 1.99024907488e-06, 4.07609945796e-08], "dmean2": [5.73829274799e-05, 0.00112042948604, 0.001854455797, 0.00126715586521, 0.00142781797331, 0.000850088719744, 0.000640555401333, 0.00129135057796, 0.0010738678975, 0.000772630854044, 0.000787323748227, 0.000774391461164, 0.00070371752372, 0.000773634761572, 0.00101941055618, 0.000660136458464, 0.000768242985941, 0.000582354026847, 0.000321991159581, 0.000317891768645, 0.000162324184203, 0.000387284497265, 0.000201806687983, 0.000108834785351, 0.000175430221134, 1.16485816761e-05, 4.77597666304e-07], "dmean": [3.41045997629e-05, 0.000681807869114, 0.00108613818884, 0.000742271833587, 0.000872952921782, 0.000540916866157, 0.000399822485633, 0.000794257503003, 0.000681053497829, 0.000494296720717, 0.000502808019519, 0.000488764315378, 0.000444952165708, 0.000484218588099, 0.000646544212941, 0.000430251151556, 0.000496480730362, 0.000372541922843, 0.000208641169593, 0.000213785708183, 0.000113652313303, 0.000263565016212, 0.000142040866194, 7.91766797192e-05, 0.000123647550936, 8.23843311082e-06, 3.07802139332e-07], "var": [3.83698406381e-09, 2.04538923754e-06, 7.49696209823e-06, 2.33804803429e-06, 4.72835972687e-06, 2.80675430986e-06, 2.06215622711e-06, 5.95713663643e-06, 3.13749683301e-06, 2.51512142313e-06, 5.40354449186e-06, 5.30518082087e-06, 2.03717354452e-06, 2.54399697042e-06, 3.41484110322e-06, 2.46434865403e-06, 1.70868111127e-06, 9.04489297682e-07, 3.84246959584e-07, 4.40301022309e-07, 1.3814960198e-07, 7.07654407961e-07, 2.05181265756e-07, 1.04913162602e-07, 1.52514090246e-07, 6.16736717252e-10, 1.3034956144e-12], "dvar": [2.97573943264e-09, 9.31345823574e-07, 2.24958421313e-06, 1.14299393772e-06, 2.54257247434e-06, 1.41713553603e-06, 8.25040217478e-07, 3.31008504872e-06, 1.89850277366e-06, 1.03345428215e-06, 2.64160530605e-06, 2.27361852012e-06, 9.32451428071e-07, 8.96052256394e-07, 1.40519045999e-06, 7.05664263023e-07, 6.26008045401e-07, 3.03358604015e-07, 1.61507301755e-07, 1.29157044171e-07, 7.45441894878e-08, 5.24484505604e-07, 1.19805875443e-07, 6.966121191e-08, 1.07246748371e-07, 4.40324499085e-10, 1.18537330559e-12], "mean": [4.30790641985e-05, 0.00119032128714, 0.00240031536669, 0.00133798585739, 0.00134195189457, 0.000933383125812, 0.000688445754349, 0.00119395367801, 0.00116164900828, 0.00089259003289, 0.000855709193274, 0.000853666046169, 0.000770800572354, 0.000899343693163, 0.00123430462554, 0.000908214366063, 0.00103709846735, 0.000789512414485, 0.000465263816295, 0.000490290927701, 0.000184812117368, 0.00035951132304, 0.000218942252104, 0.000118102419947, 0.000170421830262, 1.05661047201e-05, 3.11599023917e-07]}, "melbands_flatness_db": {"min": 0.000406995270168, "max": 0.371169269085, "dvar2": 0.000760743685532, "median": 0.136558681726, "dmean2": 0.0296200066805, "dmean": 0.0208249818534, "var": 0.00327520235442, "dvar": 0.000421280070441, "mean": 0.143800035119}, "melbands_skewness": {"min": -1.48477053642, "max": 8.75298881531, "dvar2": 0.410364151001, "median": 1.2884144783, "dmean2": 0.671649038792, "dmean": 0.440923035145, "var": 1.21063148975, "dvar": 0.186057835817, "mean": 1.46630048752}, "silence_rate_60dB": {"min": 0, "max": 1, "dvar2": 0.0131634138525, "median": 0, "dmean2": 0.0116054154932, "dmean": 0.00580200646073, "var": 0.0735069736838, "dvar": 0.00576899992302, "mean": 0.079888805747}, "spectral_energyband_low": {"min": 8.8652204306e-24, "max": 0.0265467744321, "dvar2": 1.17989029604e-05, "median": 0.00361752789468, "dmean2": 0.00284764147364, "dmean": 0.00169801583979, "var": 1.45484091263e-05, "dvar": 4.24636391472e-06, "mean": 0.00446265004575}, "spectral_energyband_middle_low": {"min": 1.39033465506e-22, "max": 0.0523999407887, "dvar2": 2.57091378444e-05, "median": 0.00554461264983, "dmean2": 0.00396867562085, "dmean": 0.00248550577089, "var": 2.83422232314e-05, "dvar": 1.07204768938e-05, "mean": 0.00684588262811}, "melbands_kurtosis": {"min": -1.76630413532, "max": 92.4523925781, "dvar2": 27.9499588013, "median": 1.34485292435, "dmean2": 3.36626219749, "dmean": 2.16009998322, "var": 36.4741477966, "dvar": 12.0221185684, "mean": 3.37710690498}, "spectral_decrease": {"min": -1.54181680756e-08, "max": 7.78937743776e-27, "dvar2": 3.21155788635e-18, "median": -4.83142326146e-09, "dmean2": 1.68333791351e-09, "dmean": 1.08020925538e-09, "var": 6.53230609511e-18, "dvar": 1.36892456357e-18, "mean": -4.76762274104e-09}, "erbbands_kurtosis": {"min": -1.61435472965, "max": 15.306344986, "dvar2": 2.14770245552, "median": 0.135292798281, "dmean2": 1.18002057076, "dmean": 0.762655079365, "var": 2.92236375809, "dvar": 0.922710478306, "mean": 0.607498049736}, "melbands_crest": {"min": 1.29345953465, "max": 30.6332149506, "dvar2": 16.3350849152, "median": 11.1657028198, "dmean2": 4.67415428162, "dmean": 2.88458251953, "var": 29.9845848083, "dvar": 6.99869966507, "mean": 12.2081642151}, "mfcc": {"mean": [-638.16998291, 103.42414856, -23.5847320557, 18.3762607574, 7.26721763611, 1.73252105713, -3.27452540398, 8.37491798401, 2.15923786163, 2.65886235237, 0.173569589853, -6.05552244186, -0.161952346563], "icov": [[8.84202017915e-05, -4.59441544081e-05, 1.88387293747e-05, -0.00012650390272, 0.000130234562675, -3.5862041841e-05, 0.000157683665748, -0.000140280273627, 1.15272969197e-05, 7.41958065191e-05, 5.66023845749e-05, 0.000175373526872, 9.8428579804e-05], [-4.59441544081e-05, 0.000965519982856, 0.000372006528778, -0.000103806691186, -0.000514218234457, 7.94669686002e-05, -0.000285980146145, -0.000949948152993, 0.00014740145707, -0.000363457656931, -0.000355729658622, -0.000119394208014, 4.40014155174e-05], [1.88387293747e-05, 0.000372006528778, 0.00224912678823, -0.00030487505137, 0.000151976724737, -0.00122550304513, 0.000713367888238, -0.000708786479663, -0.00100721803028, 0.00104379642289, -0.000264008296654, -0.000598391285166, 0.00013339058205], [-0.00012650390272, -0.000103806691186, -0.00030487505137, 0.00588682666421, -0.0033313089516, 0.00138230808079, 0.000490528997034, -0.000553413003217, -0.000478750269394, -0.000573767407332, 0.00149093824439, -0.000314268167131, -0.00145366089419], [0.000130234562675, -0.000514218234457, 0.000151976724737, -0.0033313089516, 0.00944311451167, -0.00137883319985, -0.000143009980093, 0.00079599901801, -0.000889072718564, -0.000987801235169, 0.00206219078973, -8.94413678907e-05, -0.000949031324126], [-3.5862041841e-05, 7.94669686002e-05, -0.00122550304513, 0.00138230808079, -0.00137883319985, 0.00819884613156, -0.00259518343955, -0.00122492481023, 7.53504937165e-05, 0.00207335525192, -0.00231598527171, 0.000868835195433, 0.00121534836944], [0.000157683665748, -0.000285980146145, 0.000713367888238, 0.000490528997034, -0.000143009980093, -0.00259518343955, 0.00971976388246, -0.00369803863578, 0.00206607975997, -0.00376403075643, 0.00191417417955, 0.000125032922369, 0.000297006597975], [-0.000140280273627, -0.000949948152993, -0.000708786479663, -0.000553413003217, 0.00079599901801, -0.00122492481023, -0.00369803863578, 0.0162756498903, -0.00492198392749, -0.000845297356136, 0.000423834804678, 0.000791049562395, -0.00378262484446], [1.15272969197e-05, 0.00014740145707, -0.00100721803028, -0.000478750269394, -0.000889072718564, 7.53504937165e-05, 0.00206607975997, -0.00492198392749, 0.0119703924283, -0.00331113347784, 0.00205474346876, -0.000158122231369, -0.000423948629759], [7.41958065191e-05, -0.000363457656931, 0.00104379642289, -0.000573767407332, -0.000987801235169, 0.00207335525192, -0.00376403075643, -0.000845297356136, -0.00331113347784, 0.0164111107588, -0.00547862937674, -0.000111151042802, 0.00282035954297], [5.66023845749e-05, -0.000355729658622, -0.000264008296654, 0.00149093824439, 0.00206219078973, -0.00231598527171, 0.00191417417955, 0.000423834804678, 0.00205474346876, -0.00547862937674, 0.014022317715, -0.00118345802184, -0.00218774983659], [0.000175373526872, -0.000119394208014, -0.000598391285166, -0.000314268167131, -8.94413678907e-05, 0.000868835195433, 0.000125032922369, 0.000791049562395, -0.000158122231369, -0.000111151042802, -0.00118345802184, 0.0157239362597, -0.00427872734144], [9.8428579804e-05, 4.40014155174e-05, 0.00013339058205, -0.00145366089419, -0.000949031324126, 0.00121534836944, 0.000297006597975, -0.00378262484446, -0.000423948629759, 0.00282035954297, -0.00218774983659, -0.00427872734144, 0.0164575763047]], "cov": [[13211.7734375, 646.151611328, -93.4881439209, 304.559020996, -44.220489502, -47.1152305603, -185.956008911, 123.547271729, 56.897151947, -78.4579086304, -113.96396637, -168.394134521, -64.4220046997], [646.151611328, 1437.72070313, -283.644378662, 107.308425903, 111.838653564, -22.0518951416, 117.336738586, 117.663658142, 24.2272872925, 99.6407623291, 16.1723976135, -1.69576919079, 22.3304195404], [-93.4881439209, -283.644378662, 625.362548828, 9.56552028656, -9.77777481079, 87.3688964844, -58.2588043213, 20.4906692505, 58.1217803955, -59.9193954468, -0.992799222469, 21.0359668732, 12.9416971207], [304.559020996, 107.308425903, 9.56552028656, 284.718597412, 111.426193237, -51.232837677, -15.9094686508, 29.7042732239, 46.2646522522, 8.14902687073, -48.9807395935, 12.4192552567, 36.7987937927], [-44.220489502, 111.838653564, -9.77777481079, 111.426193237, 163.249053955, -3.61339354515, 12.0173912048, 18.8290462494, 30.0006313324, 13.4537353516, -31.3291072845, 6.68755340576, 19.7194252014], [-47.1152305603, -22.0518951416, 87.3688964844, -51.232837677, -3.61339354515, 170.861953735, 41.687538147, 18.7188739777, -2.41879177094, -9.67875003815, 23.0962123871, -9.70233154297, -12.0245742798], [-185.956008911, 117.336738586, -58.2588043213, -15.9094686508, 12.0173912048, 41.687538147, 157.723403931, 39.8864707947, -6.42727041245, 40.4690933228, 2.25045466423, -5.90982818604, -4.53712415695], [123.547271729, 117.663658142, 20.4906692505, 29.7042732239, 18.8290462494, 18.7188739777, 39.8864707947, 99.8518295288, 43.4161911011, 18.6154098511, -4.21685361862, 0.544807612896, 20.8471355438], [56.897151947, 24.2272872925, 58.1217803955, 46.2646522522, 30.0006313324, -2.41879177094, -6.42727041245, 43.4161911011, 119.322631836, 17.0871257782, -16.8456439972, 4.82117414474, 14.3733463287], [-78.4579086304, 99.6407623291, -59.9193954468, 8.14902687073, 13.4537353516, -9.67875003815, 40.4690933228, 18.6154098511, 17.0871257782, 92.2566452026, 23.8179340363, -0.088908277452, -5.77984333038], [-113.96396637, 16.1723976135, -0.992799222469, -48.9807395935, -31.3291072845, 23.0962123871, 2.25045466423, -4.21685361862, -16.8456439972, 23.8179340363, 98.3357162476, 7.11709737778, 2.20473384857], [-168.394134521, -1.69576919079, 21.0359668732, 12.4192552567, 6.68755340576, -9.70233154297, -5.90982818604, 0.544807612896, 4.82117414474, -0.088908277452, 7.11709737778, 74.1179275513, 23.6272201538], [-64.4220046997, 22.3304195404, 12.9416971207, 36.7987937927, 19.7194252014, -12.0245742798, -4.53712415695, 20.8471355438, 14.3733463287, -5.77984333038, 2.20473384857, 23.6272201538, 78.9284210205]]}, "spectral_energy": {"min": 9.83928592134e-21, "max": 0.0638222694397, "dvar2": 5.63282083021e-05, "median": 0.0207153297961, "dmean2": 0.00703076645732, "dmean": 0.00461939536035, "var": 0.000124657366541, "dvar": 2.53770995187e-05, "mean": 0.0205505602062}, "melbands_spread": {"min": 3.07306218147, "max": 223.190078735, "dvar2": 265.86630249, "median": 39.4247283936, "dmean2": 14.197722435, "dmean": 9.36035919189, "var": 592.767883301, "dvar": 133.289138794, "mean": 43.0658798218}, "erbbands_flatness_db": {"min": 0.0483833774924, "max": 0.435117989779, "dvar2": 0.000381795543944, "median": 0.168419092894, "dmean2": 0.0213276036084, "dmean": 0.0148999290541, "var": 0.00194694905076, "dvar": 0.000193227882846, "mean": 0.169373318553}, "spectral_contrast_valleys": {"min": [-28.7408428192, -28.2946834564, -27.9879131317, -27.8552093506, -27.5133132935, -27.4798336029], "max": [-5.96268701553, -5.1252617836, -5.52744579315, -5.55494213104, -5.52576875687, -7.27611684799], "dvar2": [0.359913557768, 0.268483936787, 0.20184276998, 0.196227520704, 0.176968693733, 0.219918891788], "median": [-7.64054679871, -6.74611282349, -7.05223083496, -7.3335351944, -7.29586696625, -9.99656677246], "dmean2": [0.726525604725, 0.586779654026, 0.488736391068, 0.455747336149, 0.396184056997, 0.412043631077], "dmean": [0.439402103424, 0.363171935081, 0.309314519167, 0.303668826818, 0.295880705118, 0.337180882692], "var": [7.67728090286, 7.96900415421, 7.69637584686, 7.45843982697, 7.64614486694, 6.38844442368], "dvar": [0.15002425015, 0.123578697443, 0.101158469915, 0.107769906521, 0.108625806868, 0.145393267274], "mean": [-8.16226959229, -7.25848388672, -7.57025289536, -7.81907176971, -7.82336378098, -10.4365091324]}, "barkbands_flatness_db": {"min": 0.0182848647237, "max": 0.347788244486, "dvar2": 0.000465106480988, "median": 0.101099319756, "dmean2": 0.0235291887075, "dmean": 0.0158472340554, "var": 0.00165183132049, "dvar": 0.000233301630942, "mean": 0.107161179185}, "zerocrossingrate": {"min": 0.0078125, "max": 0.53173828125, "dvar2": 0.000261848064838, "median": 0.078125, "dmean2": 0.0139753976837, "dmean": 0.0126674547791, "var": 0.00475387647748, "dvar": 0.000220205634832, "mean": 0.0908069759607}, "spectral_skewness": {"min": -0.0908189862967, "max": 4.05962181091, "dvar2": 0.105017483234, "median": 1.43837308884, "dmean2": 0.312179297209, "dmean": 0.1949296