{"lowlevel": {"spectral_complexity": {"min": 0, "max": 56, "dvar2": 28.0256786346, "median": 23, "dmean2": 5.46169948578, "dmean": 3.81731009483, "var": 90.0350494385, "dvar": 15.733962059, "mean": 23.0703144073}, "silence_rate_20dB": {"min": 1, "max": 1, "dvar2": 0, "median": 1, "dmean2": 0, "dmean": 0, "var": 0, "dvar": 0, "mean": 1}, "average_loudness": 0.955986559391, "erbbands_spread": {"min": 3.35096883774, "max": 110.455055237, "dvar2": 92.8510665894, "median": 29.0726718903, "dmean2": 9.31238555908, "dmean": 6.17218971252, "var": 195.741088867, "dvar": 42.5487861633, "mean": 31.3290920258}, "spectral_kurtosis": {"min": -1.23739957809, "max": 40.3259773254, "dvar2": 13.8170213699, "median": 4.15593385696, "dmean2": 2.88313984871, "dmean": 1.73026525974, "var": 9.51590919495, "dvar": 4.67312479019, "mean": 4.70792627335}, "barkbands_kurtosis": {"min": -1.86568832397, "max": 28.6443119049, "dvar2": 4.97430706024, "median": -0.426987409592, "dmean2": 1.46269929409, "dmean": 0.928610086441, "var": 5.43525600433, "dvar": 2.1610994339, "mean": 0.303553432226}, "spectral_strongpeak": {"min": 0, "max": 15.6784210205, "dvar2": 3.95418334007, "median": 0.490130454302, "dmean2": 1.32368612289, "dmean": 0.772014141083, "var": 2.899320364, "dvar": 1.53514325619, "mean": 1.33433806896}, "spectral_spread": {"min": 1136266.875, "max": 41993496, "dvar2": 680510816256, "median": 3673063.75, "dmean2": 683721.5, "dmean": 498172.5, "var": 1905016963070.0, "dvar": 469506457600, "mean": 3956466.75}, "spectral_rms": {"min": 3.21635621782e-12, "max": 0.00784245319664, "dvar2": 5.17813077749e-07, "median": 0.00456467503682, "dmean2": 0.000748129736166, "dmean": 0.000496726483107, "var": 2.03822673939e-06, "dvar": 2.43642318765e-07, "mean": 0.00432734983042}, "dynamic_complexity": 3.19850087166, "erbbands": {"min": [1.45252834785e-21, 4.92857756142e-21, 2.57051080748e-21, 2.0105317875e-20, 1.25320990578e-19, 1.94288078879e-19, 1.76410792986e-19, 1.56245228252e-19, 3.99390872183e-19, 4.18871570144e-19, 1.12356418232e-18, 1.13664666409e-18, 2.83403389556e-18, 3.02878922808e-18, 1.75744137112e-18, 4.59300017413e-18, 5.48936451876e-18, 3.47732750165e-18, 7.92534979777e-18, 8.88499097771e-18, 1.61137810806e-17, 4.31866613757e-18, 1.23189808327e-17, 2.27706312111e-17, 1.23450949246e-17, 1.51726993521e-17, 1.48172929301e-17, 1.85465159534e-17, 1.24379873074e-17, 1.95113195676e-17, 1.84822423655e-17, 2.16935775335e-17, 1.49829474283e-17, 1.09956101395e-17, 8.86274230078e-18, 5.43101478476e-18, 2.88919567547e-18, 1.25283224614e-18, 3.99874255853e-19, 3.50720928496e-20], "max": [0.309604972601, 2.6760187149, 23.6992969513, 49.4984283447, 72.9501647949, 111.48059845, 200.058273315, 198.279708862, 600.898925781, 452.197143555, 858.325378418, 629.749511719, 595.052001953, 1066.55712891, 987.847351074, 1544.74475098, 982.845214844, 681.807312012, 1385.57543945, 1278.78027344, 1984.74511719, 808.31854248, 545.769104004, 624.60333252, 503.115478516, 261.228668213, 251.630996704, 428.586853027, 610.83770752, 206.678512573, 199.80921936, 159.036361694, 84.9781112671, 51.3664360046, 53.3755455017, 2.80840277672, 0.49806240201, 0.109155140817, 0.00349336513318, 0.000426787359174], "dvar2": [0.00186729454435, 0.167281731963, 6.50526237488, 22.1267147064, 29.2192153931, 144.811203003, 276.934661865, 221.251434326, 627.654296875, 956.394714355, 3482.05273438, 2884.92993164, 1999.11999512, 4485.27148438, 8189.29541016, 5626.77783203, 3618.53466797, 3492.28271484, 7735.92529297, 7841.53613281, 6042.36035156, 4268.96875, 2535.58837891, 628.448242188, 1090.1126709, 514.330566406, 136.696426392, 405.714996338, 3100.96142578, 178.949050903, 206.322021484, 61.8854904175, 20.5050811768, 9.56691741943, 26.0279521942, 0.0599303692579, 0.00190595653839, 4.55288245576e-05, 4.66179024272e-08, 5.65674618258e-10], "median": [0.00720248185098, 0.225568562746, 1.49467730522, 3.21405553818, 2.18428468704, 2.06807136536, 3.02830123901, 3.33224034309, 4.27993774414, 6.90691614151, 10.808259964, 13.2984333038, 14.7157745361, 13.2108135223, 12.045042038, 14.0539703369, 12.7728805542, 13.0744218826, 26.1889724731, 28.2349262238, 22.6833000183, 32.0398483276, 27.592830658, 14.5697336197, 14.6518707275, 9.67669296265, 3.90796732903, 2.83891320229, 3.70458507538, 1.92677688599, 1.65194225311, 0.610433876514, 0.394122213125, 0.349650919437, 0.201493576169, 0.0183529537171, 0.00189412315376, 0.00022401374008, 2.48739725066e-05, 2.96993894153e-05], "dmean2": [0.0222848262638, 0.323051512241, 1.90805447102, 3.61027765274, 3.25074958801, 6.20905160904, 8.14165019989, 7.30972146988, 9.71223735809, 14.6010875702, 27.3439292908, 24.2061309814, 21.2675075531, 31.1411838531, 32.350982666, 27.5331611633, 27.1931228638, 29.6066875458, 46.3065452576, 45.0721359253, 37.3762359619, 41.1024627686, 33.7315940857, 14.8325529099, 17.1371860504, 13.804681778, 5.8709526062, 8.10786914825, 18.6567440033, 5.19098234177, 6.11472988129, 2.1277692318, 1.30462002754, 1.1558214426, 1.70190870762, 0.0907839089632, 0.0153542459011, 0.00193860963918, 5.76617676415e-05, 1.31113765747e-05], "dmean": [0.0152428429574, 0.192139148712, 1.12003052235, 2.12361931801, 1.91911268234, 3.7218170166, 5.1601858139, 4.65245580673, 6.08450555801, 9.1632270813, 17.1822738647, 15.2698926926, 13.5855150223, 20.0142822266, 20.4634418488, 17.7224712372, 17.2749977112, 18.6595802307, 29.3421573639, 29.0772686005, 25.0852737427, 26.3837757111, 21.9796333313, 9.72014522552, 11.4068975449, 9.44600391388, 4.08858537674, 5.64268064499, 12.0223903656, 3.65699219704, 4.17864894867, 1.51046955585, 0.920709967613, 0.8236566782, 1.1537810564, 0.0641205832362, 0.0103338472545, 0.00124442949891, 3.84369595849e-05, 9.05951219465e-06], "var": [0.00210457202047, 0.157361522317, 9.7135591507, 17.9552173615, 17.7484855652, 82.7058181763, 212.237411499, 208.477630615, 615.746887207, 671.239501953, 2799.77636719, 1754.69702148, 1725.16809082, 4167.20166016, 6525.56738281, 6279.24707031, 3317.11425781, 3857.13647461, 8292.1640625, 7426.74316406, 10142.9453125, 5252.08105469, 3444.76977539, 733.54510498, 1212.64025879, 901.416320801, 162.497955322, 322.764892578, 1444.1126709, 146.760787964, 168.341430664, 42.3619422913, 12.2091655731, 6.86190509796, 14.4473466873, 0.036114204675, 0.000926104083192, 1.63326985785e-05, 1.69598219912e-08, 4.89253026981e-10], "dvar": [0.0010754201794, 0.0602500662208, 2.40966653824, 8.06519889832, 10.8407230377, 56.3979873657, 113.92678833, 97.4789199829, 246.425094604, 403.378234863, 1458.45556641, 1169.48535156, 783.006958008, 1846.85302734, 3094.88574219, 2323.56494141, 1411.36523438, 1356.72924805, 3089.90625, 3279.15649414, 2662.45947266, 1782.69848633, 1066.58312988, 272.339050293, 455.269256592, 245.666473389, 71.1074142456, 204.58416748, 1295.41748047, 90.7090988159, 99.7757415771, 29.7164001465, 9.04475784302, 4.37834215164, 11.6757516861, 0.0270815379918, 0.000816836254671, 1.81393661478e-05, 1.8293892623e-08, 2.51176135446e-10], "mean": [0.023918390274, 0.372236818075, 2.69083094597, 4.30605745316, 3.33882498741, 5.27507781982, 8.47369480133, 8.2006072998, 11.2777805328, 15.160030365, 27.6599807739, 25.317653656, 27.665763855, 36.7643661499, 37.4180145264, 34.2544136047, 31.9386177063, 37.6521720886, 59.8059082031, 56.7646217346, 56.9651184082, 58.3102531433, 50.4343566895, 23.5422019958, 25.8471641541, 22.4169082642, 8.18700218201, 8.50324630737, 14.8625717163, 5.64708042145, 6.07006549835, 2.1301651001, 1.41669797897, 1.24839222431, 1.40108728409, 0.0850006192923, 0.0118567859754, 0.00130270526279, 5.55297010578e-05, 3.16643927363e-05]}, "spectral_contrast_coeffs": {"min": [-0.952042639256, -0.952065646648, -0.963881075382, -0.967521727085, -0.955339074135, -0.963197171688], "max": [-0.341686993837, -0.38675531745, -0.433136314154, -0.508253455162, -0.538693666458, -0.597176849842], "dvar2": [0.00468699913472, 0.00363247003406, 0.00241289497353, 0.0017554993974, 0.000973750371486, 0.000692487170454], "median": [-0.618265092373, -0.743922293186, -0.756863236427, -0.747752845287, -0.748143434525, -0.751680672169], "dmean2": [0.0860234797001, 0.0756781622767, 0.061457041651, 0.0515886321664, 0.038426283747, 0.030708482489], "dmean": [0.0514978393912, 0.0464703701437, 0.0378442667425, 0.0325558520854, 0.0250497628003, 0.0194956809282], "var": [0.00584561005235, 0.00548274070024, 0.00438921991736, 0.0039230864495, 0.00363503280096, 0.00153326475993], "dvar": [0.00172488845419, 0.00146272720303, 0.000952343514655, 0.000726783880964, 0.00046634208411, 0.00029738622834], "mean": [-0.619926333427, -0.739526987076, -0.750973284245, -0.741505146027, -0.742851734161, -0.750356078148]}, "dissonance": {"min": 0.323101699352, "max": 0.499999791384, "dvar2": 0.000509802659508, "median": 0.477123230696, "dmean2": 0.0227273646742, "dmean": 0.0135962162167, "var": 0.000376756128389, "dvar": 0.000183870113688, "mean": 0.472793221474}, "spectral_energyband_high": {"min": 7.60905350912e-21, "max": 0.0205999352038, "dvar2": 4.0610502765e-06, "median": 0.000504327414092, "dmean2": 0.000907044217456, "dmean": 0.000661481695715, "var": 3.79639072889e-06, "dvar": 2.10267580769e-06, "mean": 0.00114413304254}, "gfcc": {"mean": [-7.85989379883, 90.4697418213, -149.066955566, 38.6877288818, -56.6066474915, 17.3603515625, -42.1356391907, 13.6573209763, -22.759771347, -4.63133621216, -19.0373706818, -8.21139907837, -9.91620540619], "icov": [[0.000155824469402, -0.00032166056917, 0.000424017052865, -0.000495191081427, 0.000549778633285, -0.000297530990792, 0.000243632428464, -0.000398884876631, 0.000444686913397, -0.000188338337466, 0.00038711365778, -0.000292807817459, 0.000211879916606], [-0.00032166056917, 0.00293386797421, -0.00190674874466, 0.00207061925903, -0.00259827659465, 0.00118491903413, -0.00102127634455, 0.00114518229384, -0.00218632631004, 0.00273092323914, -0.00246383412741, 0.00273055769503, -0.000961573212408], [0.000424017052865, -0.00190674874466, 0.00410085031763, -0.00281122536398, 0.00194142607506, -0.00185415649321, 0.00101844186429, -0.00189440697432, 0.00176164356526, -0.00179770810064, 0.00377258099616, -0.0031795676332, 0.00245291506872], [-0.000495191081427, 0.00207061925903, -0.00281122536398, 0.00655032275245, -0.00293691945262, 0.000939737365115, 0.000614371674601, 0.000229499622947, -0.00232908362523, 0.00272180722095, -0.00223996466957, 0.00242938124575, -0.00318058952689], [0.000549778633285, -0.00259827659465, 0.00194142607506, -0.00293691945262, 0.00835138279945, -0.00120062415954, -0.00132054649293, -0.00124261155725, 0.000216057829675, -0.000704162055627, 0.000384302024031, -0.0010154832853, -0.000583098095376], [-0.000297530990792, 0.00118491903413, -0.00185415649321, 0.000939737365115, -0.00120062415954, 0.00664004031569, -0.00310611422174, 0.00115460692905, 0.00144728040323, -0.00116452563088, 0.000341227219906, 0.00023095033248, 2.72796733043e-05], [0.000243632428464, -0.00102127634455, 0.00101844186429, 0.000614371674601, -0.00132054649293, -0.00310611422174, 0.0101978424937, -0.00243980949745, 0.000183438023669, 0.0013857523445, -0.00150018418208, 0.00116759468801, 0.00244686752558], [-0.000398884876631, 0.00114518229384, -0.00189440697432, 0.000229499622947, -0.00124261155725, 0.00115460692905, -0.00243980949745, 0.0109122395515, -0.00415520602837, -0.000750223349314, 0.000357569806511, 0.00184114184231, -0.00239541335031], [0.000444686913397, -0.00218632631004, 0.00176164356526, -0.00232908362523, 0.000216057829675, 0.00144728040323, 0.000183438023669, -0.00415520602837, 0.0158623065799, -0.00501978723332, 0.00327454484068, -0.00169773423113, 0.00162332970649], [-0.000188338337466, 0.00273092323914, -0.00179770810064, 0.00272180722095, -0.000704162055627, -0.00116452563088, 0.0013857523445, -0.000750223349314, -0.00501978723332, 0.0188755821437, -0.00578175392002, -0.0016244451981, 0.00299159809947], [0.00038711365778, -0.00246383412741, 0.00377258099616, -0.00223996466957, 0.000384302024031, 0.000341227219906, -0.00150018418208, 0.000357569806511, 0.00327454484068, -0.00578175392002, 0.01496687904, -0.00371957244352, -0.000245043775067], [-0.000292807817459, 0.00273055769503, -0.0031795676332, 0.00242938124575, -0.0010154832853, 0.00023095033248, 0.00116759468801, 0.00184114184231, -0.00169773423113, -0.0016244451981, -0.00371957244352, 0.0165178645402, -0.00516150193289], [0.000211879916606, -0.000961573212408, 0.00245291506872, -0.00318058952689, -0.000583098095376, 2.72796733043e-05, 0.00244686752558, -0.00239541335031, 0.00162332970649, 0.00299159809947, -0.000245043775067, -0.00516150193289, 0.0160031206906]], "cov": [[13502.8320312, -520.276672363, -176.807052612, 574.732543945, -773.936767578, 256.395202637, -420.096557617, 206.77545166, -243.768753052, -9.30219841003, -263.763916016, 92.584526062, 50.1253929138], [-520.276672363, 1227.54443359, -93.7919998169, -84.6771087646, 381.00479126, -136.320861816, 208.058441162, -1.29336619377, 93.9130706787, -146.209838867, 119.911979675, -177.625778198, 22.6555957794], [-176.807052612, -93.7919998169, 712.148132324, 138.355285645, -98.1209716797, 144.736175537, -58.891456604, 65.9573440552, -4.29682397842, 41.7252426147, -144.031188965, 71.458190918, -56.4198493958], [574.732543945, -84.6771087646, 138.355285645, 318.593475342, 18.0122089386, -3.90735554695, -57.8346786499, 50.8064002991, 13.2528066635, -21.1854400635, -30.517282486, 12.4160690308, 52.6798210144], [-773.936767578, 381.00479126, -98.1209716797, 18.0122089386, 316.840179443, -47.021194458, 109.439979553, 10.5781745911, 49.1962966919, -49.7806968689, 69.3228378296, -60.6027107239, 34.0653114319], [256.395202637, -136.320861816, 144.736175537, -3.90735554695, -47.021194458, 249.586639404, 32.06873703, 0.47256693244, -39.8559417725, 32.9395370483, -40.1845397949, 25.6699447632, -35.9690666199], [-420.096557617, 208.058441162, -58.891456604, -57.8346786499, 109.439979553, 32.06873703, 184.326766968, 11.333650589, 15.8546161652, -23.0701179504, 40.7475814819, -50.3570327759, -19.8716163635], [206.77545166, -1.29336619377, 65.9573440552, 50.8064002991, 10.5781745911, 0.47256693244, 11.333650589, 129.802429199, 33.0703620911, 6.08331537247, -22.4857444763, -3.70703291893, 9.22184371948], [-243.768753052, 93.9130706787, -4.29682397842, 13.2528066635, 49.1962966919, -39.8559417725, 15.8546161652, 33.0703620911, 96.5907669067, 6.75590610504, 3.83567929268, -11.8525857925, 1.72436320782], [-9.30219841003, -146.209838867, 41.7252426147, -21.1854400635, -49.7806968689, 32.9395370483, -23.0701179504, 6.08331537247, 6.75590610504, 92.7969741821, 3.48668813705, 35.9795227051, -23.0749225616], [-263.763916016, 119.911979675, -144.031188965, -30.517282486, 69.3228378296, -40.1845397949, 40.7475814819, -22.4857444763, 3.83567929268, 3.48668813705, 127.63873291, -8.18729305267, 17.9800186157], [92.584526062, -177.625778198, 71.458190918, 12.4160690308, -60.6027107239, 25.6699447632, -50.3570327759, -3.70703291893, -11.8525857925, 35.9795227051, -8.18729305267, 108.130645752, 13.73524189], [50.1253929138, 22.6555957794, -56.4198493958, 52.6798210144, 34.0653114319, -35.9690666199, -19.8716163635, 9.22184371948, 1.72436320782, -23.0749225616, 17.9800186157, 13.73524189, 96.868637085]]}, "spectral_flux": {"min": 1.02973636562e-10, "max": 0.205868005753, "dvar2": 0.000598716840614, "median": 0.0744526162744, "dmean2": 0.0260310769081, "dmean": 0.017517529428, "var": 0.00128935428802, "dvar": 0.000284385081613, "mean": 0.0758952274919}, "silence_rate_30dB": {"min": 1, "max": 1, "dvar2": 0, "median": 1, "dmean2": 0, "dmean": 0, "var": 0, "dvar": 0, "mean": 1}, "spectral_energyband_middle_high": {"min": 1.75003851661e-21, "max": 0.0500971674919, "dvar2": 2.49997683568e-05, "median": 0.00676416652277, "dmean2": 0.00359600177035, "dmean": 0.00248135486618, "var": 5.95053388679e-05, "dvar": 1.08468311737e-05, "mean": 0.00896771159023}, "barkbands_spread": {"min": 2.49902701378, "max": 90.8310928345, "dvar2": 88.5892944336, "median": 27.7684230804, "dmean2": 8.62366580963, "dmean": 5.73690509796, "var": 158.162445068, "dvar": 44.0831642151, "mean": 28.9052009583}, "spectral_centroid": {"min": 286.038360596, "max": 10779.4082031, "dvar2": 154998.96875, "median": 1843.21154785, "dmean2": 365.580169678, "dmean": 249.931289673, "var": 362542.28125, "dvar": 84510.5859375, "mean": 1820.2800293}, "pitch_salience": {"min": 0.143972977996, "max": 0.835136950016, "dvar2": 0.00692426133901, "median": 0.563837707043, "dmean2": 0.0982059687376, "dmean": 0.0617858096957, "var": 0.0100685758516, "dvar": 0.00292177940719, "mean": 0.561169028282}, "erbbands_skewness": {"min": -2.99184203148, "max": 3.06480526924, "dvar2": 0.181004345417, "median": -0.172121986747, "dmean2": 0.478365808725, "dmean": 0.313986867666, "var": 0.494257122278, "dvar": 0.0796505212784, "mean": -0.256338864565}, "erbbands_crest": {"min": 2.35953450203, "max": 28.6796245575, "dvar2": 11.9035835266, "median": 7.74311733246, "dmean2": 3.7736890316, "dmean": 2.31474852562, "var": 12.6373119354, "dvar": 4.71907901764, "mean": 8.47302818298}, "melbands": {"min": [1.12170056934e-23, 2.92134007536e-24, 6.68349937946e-24, 1.20066065501e-23, 7.35830204184e-24, 3.71326767735e-24, 6.18997419209e-24, 5.03958740591e-24, 9.50398398252e-24, 8.34077150131e-24, 1.43081934381e-23, 1.28656011341e-23, 5.41816845964e-24, 9.50275099292e-24, 1.09384581189e-23, 1.20843117159e-23, 5.23563432921e-24, 1.17480297783e-23, 9.91222975616e-24, 1.81237795303e-23, 1.70766124326e-23, 3.53146679313e-24, 4.71653861003e-24, 1.92275821079e-23, 1.90616262838e-23, 6.44331529408e-24, 1.4199915968e-23, 8.65589461167e-24, 8.71993828426e-24, 1.05564861466e-23, 1.0301787415e-23, 6.61927584659e-24, 8.04331177547e-24, 1.30177298043e-23, 1.07947197734e-23, 1.14950105316e-23, 1.37447400702e-23, 9.79179593948e-24, 9.9042464838e-24, 9.09199900818e-24], "max": [0.00269063282758, 0.00881966482848, 0.00691706500947, 0.00583190936595, 0.00609642313793, 0.00508395349607, 0.00843012146652, 0.00783213507384, 0.00563989812508, 0.00357175711542, 0.00309999543242, 0.00393616221845, 0.00417188694701, 0.00660284049809, 0.00342697417364, 0.00177961052395, 0.00145513564348, 0.00272126425989, 0.00179610622581, 0.0011741038179, 0.0023587346077, 0.000870582705829, 0.000747513899114, 0.000576992111746, 0.000578617851716, 0.000495134503581, 0.000321470783092, 0.000171055537066, 0.000151361877215, 0.000143741868669, 0.000272181176115, 0.000438271323219, 0.000203560746741, 0.000105398823507, 0.000129092062707, 0.000119908057968, 9.89086329355e-05, 6.81377059664e-05, 4.09753665735e-05, 4.51798296126e-05], "dvar2": [1.46100234133e-07, 9.93632397694e-07, 5.61184663184e-07, 3.19307531527e-07, 3.14995673989e-07, 1.12324869406e-07, 1.22528021507e-07, 1.93723280972e-07, 2.12428602708e-07, 1.02434782434e-07, 5.3619633178e-08, 7.27175759607e-08, 1.3606498328e-07, 1.29033239205e-07, 3.96652879431e-08, 1.47997702982e-08, 1.75272010239e-08, 2.56308236857e-08, 2.76364655605e-08, 6.97599622512e-09, 1.06091313512e-08, 5.41110756203e-09, 3.65377150757e-09, 2.429731083e-09, 4.86898132923e-10, 7.41818384498e-10, 6.6060479309e-10, 2.37807412651e-10, 6.31103017068e-11, 8.10940897766e-11, 1.66784530631e-10, 1.45826584141e-09, 1.77794917677e-10, 4.65958036044e-11, 1.28431459911e-10, 2.85150392881e-11, 2.34446767555e-11, 1.27765844779e-11, 5.55865032822e-12, 7.87636535854e-12], "median": [0.000130115324282, 0.000672424444929, 0.000563760113437, 0.000150290419697, 0.000115895287308, 7.48232050682e-05, 6.05687382631e-05, 8.05385934655e-05, 9.085356578e-05, 8.69343566592e-05, 7.10935419193e-05, 5.17428052262e-05, 3.89832566725e-05, 3.05682624457e-05, 3.28980349877e-05, 1.92112747754e-05, 2.19467765419e-05, 3.61364654964e-05, 4.05757091357e-05, 2.37773547269e-05, 2.54012011283e-05, 3.16140503855e-05, 2.84882771666e-05, 1.75335226231e-05, 8.96886922419e-06, 9.80917411653e-06, 8.71444626682e-06, 5.49180595044e-06, 2.27548275689e-06, 1.24141536162e-06, 1.52399991293e-06, 2.22457811105e-06, 1.18009756989e-06, 9.22404467474e-07, 1.0853331105e-06, 4.16929083258e-07, 2.9463814144e-07, 2.66599101906e-07, 2.44919391434e-07, 2.46994602549e-07], "dmean2": [0.000253401929513, 0.000770489103161, 0.000575349899009, 0.000303289911244, 0.000293241260806, 0.000165591904079, 0.000141692071338, 0.000201317758183, 0.000217188018723, 0.00015303058899, 0.000110312066681, 0.000131471373606, 0.000117133997264, 0.000100879980891, 7.88478719187e-05, 5.21222427778e-05, 6.33639865555e-05, 8.24285962153e-05, 8.10558631201e-05, 4.32975575677e-05, 4.90921374876e-05, 4.5572181989e-05, 3.71847163478e-05, 3.09825700242e-05, 1.24624857563e-05, 1.28801639221e-05, 1.41599148265e-05, 9.31590875553e-06, 4.2302572183e-06, 3.8027062601e-06, 4.99564021084e-06, 1.27675493786e-05, 4.82201812702e-06, 2.60258480012e-06, 4.79900381833e-06, 1.55511077082e-06, 1.24468635931e-06, 1.0080921129e-06, 7.668737112e-07, 1.0220068134e-06], "dmean": [0.000162702519447, 0.00045093963854, 0.000339098420227, 0.000181782030268, 0.000185035794857, 0.000105583712866, 8.88093418325e-05, 0.000126890459796, 0.000137480921694, 9.67174855759e-05, 7.03316109139e-05, 8.45482572913e-05, 7.39658353268e-05, 6.48935456411e-05, 4.96226275573e-05, 3.36066987074e-05, 3.98390948249e-05, 5.22165573784e-05, 5.10661338922e-05, 2.8678405215e-05, 3.27473935613e-05, 2.90698262688e-05, 2.4034658054e-05, 1.99143487407e-05, 7.9245046436e-06, 8.31329907669e-06, 9.37298045756e-06, 6.309026503e-06, 2.86458407572e-06, 2.59448233919e-06, 3.41207419297e-06, 8.15248313302e-06, 3.22938217323e-06, 1.78221546321e-06, 3.20605272464e-06, 1.07509083591e-06, 8.66891184614e-07, 6.96019981206e-07, 5.27791314653e-07, 7.14642965249e-07], "var": [1.52422401811e-07, 1.37387905852e-06, 4.31908460996e-07, 1.84898851785e-07, 2.60924110762e-07, 1.05153816321e-07, 1.19968419199e-07, 1.42338592468e-07, 1.66621532571e-07, 6.55785825643e-08, 4.7528736502e-08, 6.92828265869e-08, 1.00479368825e-07, 1.24092665033e-07, 3.1090060304e-08, 1.31765762745e-08, 1.89513791327e-08, 2.68351083577e-08, 2.39660824519e-08, 7.86039677791e-09, 1.70862968218e-08, 5.73613068156e-09, 4.08173717048e-09, 2.89248114349e-09, 4.43638042968e-10, 6.2938204648e-10, 8.91038576256e-10, 3.92264304372e-10, 7.89602272455e-11, 6.41250386124e-11, 1.22376053735e-10, 6.85634105047e-10, 1.03795208539e-10, 3.44851543155e-11, 9.69880495361e-11, 2.04666873727e-11, 1.46708253185e-11, 7.09758814221e-12, 3.59884040971e-12, 5.35098831564e-12], "dvar": [7.25465909568e-08, 3.57220528713e-07, 2.01808234124e-07, 1.22682322967e-07, 1.2939379701e-07, 4.91820522086e-08, 4.84869886463e-08, 8.18055525542e-08, 8.71629097787e-08, 4.16977066209e-08, 2.09750314895e-08, 3.01872873365e-08, 5.130713987e-08, 5.16388070082e-08, 1.50390473408e-08, 5.97741234287e-09, 6.79980338703e-09, 1.04082316099e-08, 1.05819548679e-08, 3.10484415955e-09, 4.7414445703e-09, 2.25364282791e-09, 1.57479029816e-09, 1.00581842855e-09, 2.06461736596e-10, 2.99389013581e-10, 2.89039403523e-10, 1.11962696059e-10, 3.14014265979e-11, 4.00955726954e-11, 8.17763495808e-11, 6.10905881437e-10, 8.02972480174e-11, 2.2622756099e-11, 5.97332808216e-11, 1.395763366e-11, 1.09415037794e-11, 5.54960244425e-12, 2.42041738215e-12, 3.53338755824e-12], "mean": [0.000274324149359, 0.00108600500971, 0.000722484488506, 0.000280925742118, 0.000304673216306, 0.000187888668734, 0.000161020521773, 0.000203901407076, 0.000222877424676, 0.000161154966918, 0.000140351767186, 0.000151115047629, 0.000129967040266, 0.000112712070404, 8.5703584773e-05, 5.81051281188e-05, 7.33683846192e-05, 9.90502012428e-05, 9.3235525128e-05, 5.49659853277e-05, 6.92380417604e-05, 5.87045942666e-05, 5.04136551172e-05, 4.05399150623e-05, 1.59059291036e-05, 1.70876264747e-05, 1.9901597625e-05, 1.3853494238e-05, 5.51851053388e-06, 3.80443339054e-06, 4.94722507938e-06, 9.9006047094e-06, 4.21503318648e-06, 2.70742521025e-06, 4.50634070148e-06, 1.47601440403e-06, 1.16090564006e-06, 1.00491604371e-06, 8.66775792474e-07, 1.03639888493e-06]}, "barkbands_skewness": {"min": -2.4214656353, "max": 4.85268545151, "dvar2": 0.261375576258, "median": 0.455925613642, "dmean2": 0.544652760029, "dmean": 0.362804800272, "var": 0.726246893406, "dvar": 0.123852267861, "mean": 0.576651334763}, "spectral_entropy": {"min": 5.69046020508, "max": 9.80614852905, "dvar2": 0.0375234894454, "median": 7.59448623657, "dmean2": 0.198457673192, "dmean": 0.147536605597, "var": 0.143115088344, "dvar": 0.0215427409858, "mean": 7.60509538651}, "spectral_rolloff": {"min": 129.19921875, "max": 18604.6875, "dvar2": 1467858.625, "median": 2088.72070312, "dmean2": 858.268371582, "dmean": 545.348693848, "var": 1743117.875, "dvar": 776462.6875, "mean": 2274.20849609}, "barkbands": {"min": [6.9826843441e-24, 3.14023122719e-23, 9.2950247867e-25, 1.343678455e-23, 5.53341370149e-23, 2.01213394254e-23, 2.99262399222e-23, 4.07379762142e-23, 7.45231848452e-23, 1.00746423326e-22, 3.72927240294e-23, 9.62171626614e-23, 1.0299065056e-22, 6.53767781004e-23, 1.48780428902e-22, 3.15853595563e-22, 5.23980535236e-23, 3.98308593795e-22, 2.01877798152e-22, 3.79901174593e-22, 4.25539542128e-22, 3.79046226076e-22, 7.17044977407e-22, 9.86444283444e-22, 1.1165116695e-21, 1.58050587097e-21, 2.43769338921e-21], "max": [0.00052019074792, 0.0109742926434, 0.0219767112285, 0.0181335583329, 0.0274534113705, 0.0339837260544, 0.0351667404175, 0.0532157681882, 0.0287341028452, 0.0196419246495, 0.0344836711884, 0.0437018685043, 0.0267996769398, 0.0239548366517, 0.0223101228476, 0.0288712512702, 0.0134351765737, 0.00817383639514, 0.0145869292319, 0.00575983989984, 0.00715860491619, 0.0114442007616, 0.00684037990868, 0.00543862069026, 0.00477499980479, 0.000258648884483, 2.45735755016e-05], "dvar2": [2.42440734155e-09, 2.36112987295e-06, 7.19539320926e-06, 3.53695963895e-06, 7.60687862567e-06, 3.68993073607e-06, 2.52345489571e-06, 8.7237540356e-06, 5.26177336724e-06, 2.73656041827e-06, 8.04132014309e-06, 6.4065125116e-06, 2.59926628132e-06, 2.62951857621e-06, 3.90544846596e-06, 1.66399252066e-06, 1.50090045281e-06, 7.27134306544e-07, 3.78625401254e-07, 2.50339383001e-07, 1.35470259011e-07, 1.16342357614e-06, 1.93592327946e-07, 9.18331224398e-08, 2.25845397495e-07, 6.01018068647e-10, 1.52008711608e-12], "median": [2.54344940913e-05, 0.000708266394213, 0.00158798065968, 0.000952232279815, 0.000611405353993, 0.000392868794734, 0.000273199781077, 0.000420602271333, 0.00068413768895, 0.000340491533279, 0.000226000222028, 0.000286297261482, 0.000284866575385, 0.000263821799308, 0.000564688758459, 0.000311993178912, 0.000540978217032, 0.000361331593012, 0.000267128983978, 0.000201036498765, 6.09068083577e-05, 8.86114430614e-05, 5.85481539019e-05, 2.51678538916e-05, 3.28050991811e-05, 1.30782416363e-06, 2.25161329581e-08], "dmean2": [3.12655211019e-05, 0.00117682199925, 0.00199933233671, 0.00134443049319, 0.00154846685473, 0.000909331312869, 0.000683254969772, 0.00133109395392, 0.0011269407114, 0.000805699615739, 0.000851744960528, 0.000802922586445, 0.000729656603653, 0.00079177058069, 0.00105716264807, 0.000642288534436, 0.000775351945776, 0.000570918607991, 0.000304712972138, 0.000304241955746, 0.000154974026373, 0.000382169935619, 0.000184746269952, 8.5146712081e-05, 0.00016761830193, 9.00537907e-06, 2.70296652616e-07], "dmean": [1.99193109438e-05, 0.000725161342416, 0.00117011461407, 0.000786183285527, 0.000947161286604, 0.000582214503083, 0.000427382270573, 0.000832695222925, 0.000714197696652, 0.000515959865879, 0.000539313885383, 0.000513075850904, 0.000462214899017, 0.00049708026927, 0.000668013468385, 0.000418694282416, 0.000499403220601, 0.000368679960957, 0.000200146721909, 0.000207396995393, 0.000108107589767, 0.000252269994235, 0.000127637496917, 6.04623928666e-05, 0.000115865077532, 5.94418315814e-06, 1.59198080496e-07], "var": [2.06779171563e-09, 2.29960096476e-06, 8.6161408035e-06, 2.64982804765e-06, 5.38540598427e-06, 3.17221747537e-06, 2.34423623624e-06, 6.76993704474e-06, 3.49728497895e-06, 2.73501291304e-06, 6.2180470195e-06, 6.16682928012e-06, 2.18401532948e-06, 2.77325852949e-06, 3.713117394e-06, 2.59164926319e-06, 1.71071644672e-06, 8.77573938851e-07, 3.66096202242e-07, 4.25280433092e-07, 1.21152538668e-07, 6.27240524409e-07, 1.60438773378e-07, 6.17906650291e-08, 1.3553824374e-07, 2.85866524896e-10, 3.92788557756e-13], "dvar": [1.12599873869e-09, 9.72628527052e-07, 2.62641742665e-06, 1.26169288706e-06, 2.99166276818e-06, 1.59289641033e-06, 1.02307217276e-06, 3.67935263057e-06, 2.12759505303e-06, 1.11141764592e-06, 3.0875921766e-06, 2.56916791841e-06, 1.00273223325e-06, 1.02309547856e-06, 1.54173551437e-06, 7.18187038729e-07, 6.42586371669e-07, 3.03359115605e-07, 1.59346328132e-07, 1.17524798782e-07, 7.03878484387e-08, 5.08037658165e-07, 9.49288576635e-08, 4.34450839748e-08, 1.02299793525e-07, 2.53803117412e-10, 5.5258011708e-13], "mean": [3.98410993512e-05, 0.00128400244284, 0.00260753137991, 0.00145073398016, 0.00144176057074, 0.00100020796526, 0.000729140941985, 0.0012823928846, 0.00122845510487, 0.00093334459234, 0.000904258631635, 0.000894287833944, 0.000788792443927, 0.00091195688583, 0.00125097320415, 0.000885198300239, 0.00101945619099, 0.000767195248045, 0.000443516270025, 0.000478002621094, 0.000171745050466, 0.000329304544721, 0.000191529717995, 8.89954317245e-05, 0.000153704473632, 6.84893666403e-06, 1.44873411045e-07]}, "melbands_flatness_db": {"min": 0.00672829337418, "max": 0.385419487953, "dvar2": 0.000806320866104, "median": 0.146621659398, "dmean2": 0.0306892264634, "dmean": 0.0217081941664, "var": 0.00315800728276, "dvar": 0.000446770718554, "mean": 0.155543357134}, "melbands_skewness": {"min": -1.40001451969, "max": 8.74802684784, "dvar2": 0.435111343861, "median": 1.35488474369, "dmean2": 0.684329628944, "dmean": 0.453313082457, "var": 1.26944637299, "dvar": 0.19774146378, "mean": 1.54337906837}, "silence_rate_60dB": {"min": 0, "max": 1, "dvar2": 0.011205391027, "median": 0, "dmean2": 0.0103282919154, "dmean": 0.00516351126134, "var": 0.0588688328862, "dvar": 0.00513689173386, "mean": 0.0628149956465}, "spectral_energyband_low": {"min": 4.20612935381e-23, "max": 0.0294259730726, "dvar2": 1.29045074573e-05, "median": 0.00392352696508, "dmean2": 0.00302100158297, "dmean": 0.00180011859629, "var": 1.63878285093e-05, "dvar": 4.75402794109e-06, "mean": 0.00483481679112}, "spectral_energyband_middle_low": {"min": 2.49386573826e-22, "max": 0.0539761520922, "dvar2": 2.89510608127e-05, "median": 0.00595008395612, "dmean2": 0.00421701464802, "dmean": 0.00266905152239, "var": 3.10920113407e-05, "dvar": 1.19661053759e-05, "mean": 0.00733064487576}, "melbands_kurtosis": {"min": -1.75152528286, "max": 92.9944610596, "dvar2": 30.6082267761, "median": 1.56833219528, "dmean2": 3.554666996, "dmean": 2.30506515503, "var": 41.0841522217, "dvar": 13.3380737305, "mean": 3.77946305275}, "spectral_decrease": {"min": -1.52260799524e-08, "max": 6.38617981785e-30, "dvar2": 3.40264467286e-18, "median": -5.0162287657e-09, "dmean2": 1.75149039716e-09, "dmean": 1.12038323064e-09, "var": 6.56588756002e-18, "dvar": 1.43888450125e-18, "mean": -4.98040542141e-09}, "erbbands_kurtosis": {"min": -1.61576199532, "max": 19.3468208313, "dvar2": 2.20848631859, "median": 0.112340211868, "dmean2": 1.22410988808, "dmean": 0.785865783691, "var": 3.02015328407, "dvar": 0.95190089941, "mean": 0.59159463644}, "melbands_crest": {"min": 1.93190824986, "max": 30.6108818054, "dvar2": 17.0237503052, "median": 11.5303421021, "dmean2": 4.80649137497, "dmean": 2.96349167824, "var": 29.1533737183, "dvar": 7.2684340477, "mean": 12.621594429}, "mfcc": {"mean": [-634.166992188, 110.96005249, -25.2138442993, 20.1905651093, 6.23888540268, 1.82222902775, -3.01109886169, 8.21174049377, 2.70247840881, 2.33932423592, 0.343537211418, -6.25446891785, -0.260474383831], "icov": [[0.000124089914607, 9.50286266743e-06, 8.51968798088e-06, -0.000126313127112, 0.000162881042343, 4.80814787807e-06, 0.000114846145152, -0.000148260078277, 1.99959868041e-06, 8.9806606411e-05, 7.54192224122e-05, 0.000184665477718, 0.000104645179817], [9.50286266743e-06, 0.000983281759545, 0.000353230308974, -0.000143104945892, -0.000371798465494, 9.32912516873e-05, -0.000356064643711, -0.000884480308741, 2.59769440163e-05, -0.000294794008369, -0.00028285899316, -0.000184820280992, 0.000144883655594], [8.51968798088e-06, 0.000353230308974, 0.00216457177885, -0.000304498098558, 0.000227195152547, -0.001259844983, 0.000716487527825, -0.00072344992077, -0.000917244411539, 0.000985038815998, -0.000287388102151, -0.000466453668196, 2.87629864033e-05], [-0.000126313127112, -0.000143104945892, -0.000304498098558, 0.00558798480779, -0.00302186026238, 0.00137840316165, 0.000384251732612, -0.000671371759381, -0.000351748341927, -0.000659114273731, 0.00156254775357, -0.000543413450941, -0.00124869437423], [0.000162881042343, -0.000371798465494, 0.000227195152547, -0.00302186026238, 0.00874100625515, -0.00113119056914, -0.000265990966, 0.000955262337811, -0.0011040820973, -0.000494459527545, 0.00159350165632, 0.000226028714678, -0.00104961893521], [4.80814787807e-06, 9.32912516873e-05, -0.001259844983, 0.00137840316165, -0.00113119056914, 0.00757104717195, -0.00209520594217, -0.00145878270268, 0.000397675554268, 0.00143498543184, -0.00178984121885, 0.00064586661756, 0.00118333660066], [0.000114846145152, -0.000356064643711, 0.000716487527825, 0.000384251732612, -0.000265990966, -0.00209520594217, 0.00881305988878, -0.00309837888926, 0.00172589230351, -0.00331417494453, 0.00150216754992, 0.000192221094039, 0.000445715471869], [-0.000148260078277, -0.000884480308741, -0.00072344992077, -0.000671371759381, 0.000955262337811, -0.00145878270268, -0.00309837888926, 0.0151894111186, -0.00425196252763, -0.000869231880642, 0.000275049533229, 0.000819984590635, -0.00394009659067], [1.99959868041e-06, 2.59769440163e-05, -0.000917244411539, -0.000351748341927, -0.0011040820973, 0.000397675554268, 0.00172589230351, -0.00425196252763, 0.0108888885006, -0.00293509638868, 0.00205879006535, -0.000276297621895, -0.000286459107883], [8.9806606411e-05, -0.000294794008369, 0.000985038815998, -0.000659114273731, -0.000494459527545, 0.00143498543184, -0.00331417494453, -0.000869231880642, -0.00293509638868, 0.0151818171144, -0.00498414086178, 2.658741505e-05, 0.00249291164801], [7.54192224122e-05, -0.00028285899316, -0.000287388102151, 0.00156254775357, 0.00159350165632, -0.00178984121885, 0.00150216754992, 0.000275049533229, 0.00205879006535, -0.00498414086178, 0.0131112057716, -0.00115693593398, -0.00186456448864], [0.000184665477718, -0.000184820280992, -0.000466453668196, -0.000543413450941, 0.000226028714678, 0.00064586661756, 0.000192221094039, 0.000819984590635, -0.000276297621895, 2.658741505e-05, -0.00115693593398, 0.0145717617124, -0.00389011460356], [0.000104645179817, 0.000144883655594, 2.87629864033e-05, -0.00124869437423, -0.00104961893521, 0.00118333660066, 0.000445715471869, -0.00394009659067, -0.000286459107883, 0.00249291164801, -0.00186456448864, -0.00389011460356, 0.0152374627069]], "cov": [[9010.73730469, -237.636901855, 100.009498596, 161.431610107, -127.552452087, -57.9912910461, -164.215148926, 51.797492981, 35.427520752, -109.963050842, -116.117469788, -128.845947266, -61.1147384644], [-237.636901855, 1344.72045898, -267.249603271, 91.5110855103, 97.9866790771, -25.6927108765, 135.559371948, 104.668663025, 31.7744197845, 98.6083145142, 16.826259613, 13.6148223877, 18.6939563751], [100.009498596, -267.249603271, 655.265869141, 8.67457294464, -14.3842773438, 100.149337769, -68.1417236328, 29.8413524628, 57.2972106934, -62.6652870178, 0.936767578125, 17.79479599, 18.2565250397], [161.431610107, 91.5110855103, 8.67457294464, 294.273376465, 111.918525696, -58.5157661438, -12.5789813995, 30.1372203827, 50.5828590393, 7.04508209229, -52.6320648193, 17.2172546387, 40.2882499695], [-127.552452087, 97.9866790771, -14.3842773438, 111.918525696, 170.833236694, -7.2394862175, 12.4969596863, 15.7535390854, 33.6180725098, 10.7832698822, -31.7389431, 7.16137599945, 21.9932613373], [-57.9912910461, -25.6927108765, 100.149337769, -58.5157661438, -7.2394862175, 184.481292725, 40.0531578064, 20.8369426727, -6.52653884888, -7.68327093124, 25.323802948, -9.97273159027, -13.26375103], [-164.215148926, 135.559371948, -68.1417236328, -12.5789813995, 12.4969596863, 40.0531578064, 168.626602173, 38.9449958801, -7.3691573143, 44.1794433594, 4.05479240417, -6.95434331894, -6.82097148895], [51.797492981, 104.668663025, 29.8413524628, 30.1372203827, 15.7535390854, 20.8369426727, 38.9449958801, 103.877197266, 44.5257530212, 17.6009883881, -3.32038712502, 2.28144979477, 24.3843574524], [35.427520752, 31.7744197845, 57.2972106934, 50.5828590393, 33.6180725098, -6.52653884888, -7.3691573143, 44.5257530212, 129.467193604, 17.1601524353, -20.2125968933, 6.34180927277, 16.8154067993], [-109.963050842, 98.6083145142, -62.6652870178, 7.04508209229, 10.7832698822, -7.68327093124, 44.1794433594, 17.6009883881, 17.1601524353, 97.6389160156, 26.1017742157, -0.258017659187, -7.41176366806], [-116.117469788, 16.826259613, 0.936767578125, -52.6320648193, -31.7389431, 25.323802948, 4.05479240417, -3.32038712502, -20.2125968933, 26.1017742157, 104.441123962, 7.44305944443, 1.22243058681], [-128.845947266, 13.6148223877, 17.79479599, 17.2172546387, 7.16137599945, -9.97273159027, -6.95434331894, 2.28144979477, 6.34180927277, -0.258017659187, 7.44305944443, 79.471321106, 25.5551013947], [-61.1147384644, 18.6939563751, 18.2565250397, 40.2882499695, 21.9932613373, -13.26375103, -6.82097148895, 24.3843574524, 16.8154067993, -7.41176366806, 1.22243058681, 25.5551013947, 86.389175415]]}, "spectral_energy": {"min": 1.06035701112e-20, "max": 0.0630416721106, "dvar2": 5.92421565671e-05, "median": 0.0213571637869, "dmean2": 0.00725800357759, "dmean": 0.00474370643497, "var": 0.000122397570522, "dvar": 2.60282558884e-05, "mean": 0.021283287555}, "melbands_spread": {"min": 2.83872509003, "max": 206.850036621, "dvar2": 231.433731079, "median": 36.8807792664, "dmean2": 13.3710269928, "dmean": 8.86823654175, "var": 424.30557251, "dvar": 117.706710815, "mean": 39.2882499695}, "erbbands_flatness_db": {"min": 0.0386467240751, "max": 0.444669872522, "dvar2": 0.000408683670685, "median": 0.173979267478, "dmean2": 0.0224985387176, "dmean": 0.0156021658331, "var": 0.00200665136799, "dvar": 0.000209302161238, "mean": 0.175816491246}, "spectral_contrast_valleys": {"min": [-27.1432876587, -27.2668514252, -27.3417606354, -27.1572189331, -27.3286705017, -27.2185993195], "max": [-5.94471597672, -4.80717515945, -5.43816995621, -5.79438066483, -5.47682237625, -7.37910366058], "dvar2": [0.348626881838, 0.232543319464, 0.161060705781, 0.145808681846, 0.133467003703, 0.217737182975], "median": [-7.6282248497, -6.74587726593, -7.09982204437, -7.38057565689, -7.31795835495, -10.1113739014], "dmean2": [0.730187475681, 0.576690793037, 0.475873619318, 0.424237698317, 0.377135932446, 0.442830622196], "dmean": [0.441828578711, 0.358287096024, 0.302942037582, 0.28030076623, 0.275805681944, 0.352891415358], "var": [1.60787451267, 1.39222490788, 1.31688439846, 1.20888602734, 1.38629543781, 1.80012464523], "dvar": [0.145410060883, 0.109646305442, 0.0862964987755, 0.0828430578113, 0.086441449821, 0.141400933266], "mean": [-7.83949708939, -6.9316740036, -7.28469705582, -7.54275131226, -7.51404666901, -10.3078603745]}, "barkbands_flatness_db": {"min": 0.0281941685826, "max": 0.348361074924, "dvar2": 0.000493591476697, "median": 0.109893485904, "dmean2": 0.024434491992, "dmean": 0.0164262559265, "var": 0.00169800512958, "dvar": 0.000243484682869, "mean": 0.11616563797}, "zerocrossingrate": {"min": 0.0078125, "max": 0.49951171875, "dvar2": 0.000247655494604, "median": 0.0732421875, "dmean2": 0.013206647709, "dmean": 0.0119551466778, "var": 0.00119085307233, "dvar": 0.000221070848056, "mean": 0.0780287235975}, "spectral_skewness": {"min": 0.0208804905415, "max": 3.84180736542, "dvar2": 0.119508460164, "median": 1.44788491726, "dmean2": 0.343886107206, "dmean": 0.213490217924, "var": 0.117312408984, "dvar": 0.0444471016526, "mean": 1.46222996712}, "hfc": {"min"