{"lowlevel": {"spectral_complexity": {"min": 0, "max": 50, "dvar2": 17.9829540253, "median": 21, "dmean2": 4.48447799683, "dmean": 3.12967395782, "var": 77.9542999268, "dvar": 10.0885763168, "mean": 20.3309764862}, "silence_rate_20dB": {"min": 1, "max": 1, "dvar2": 0, "median": 1, "dmean2": 0, "dmean": 0, "var": 0, "dvar": 0, "mean": 1}, "average_loudness": 0.706979930401, "erbbands_spread": {"min": 2.48004698753, "max": 174.219039917, "dvar2": 68.222946167, "median": 23.9988079071, "dmean2": 7.52512168884, "dmean": 4.95450115204, "var": 190.683609009, "dvar": 30.8941402435, "mean": 25.9265365601}, "spectral_kurtosis": {"min": -1.27614700794, "max": 52.3073501587, "dvar2": 27.3831958771, "median": 6.04820156097, "dmean2": 4.36334466934, "dmean": 2.5793030262, "var": 19.1617851257, "dvar": 9.62728214264, "mean": 6.91153764725}, "barkbands_kurtosis": {"min": -1.83510863781, "max": 299.163482666, "dvar2": 170.573394775, "median": -0.086025416851, "dmean2": 2.3286678791, "dmean": 1.41631400585, "var": 75.8457717896, "dvar": 60.4548683167, "mean": 1.06511676311}, "spectral_strongpeak": {"min": 0, "max": 17.3474788666, "dvar2": 2.94951796532, "median": 1.04728198051, "dmean2": 1.28724181652, "dmean": 0.777770757675, "var": 3.21568465233, "dvar": 1.18804931641, "mean": 1.63424646854}, "spectral_spread": {"min": 1138767.5, "max": 42801424, "dvar2": 805490130944, "median": 2977844, "dmean2": 622906.1875, "dmean": 443937.125, "var": 37007044640800.0, "dvar": 443565539328, "mean": 4210586.5}, "spectral_rms": {"min": 3.09476879887e-12, "max": 0.0120405424386, "dvar2": 6.20297441856e-07, "median": 0.00406854972243, "dmean2": 0.000710481021088, "dmean": 0.000504533411004, "var": 3.27913880938e-06, "dvar": 3.28040130171e-07, "mean": 0.00393720529974}, "dynamic_complexity": 3.85430979729, "erbbands": {"min": [5.16866650702e-23, 2.8231789417e-22, 1.14452746501e-21, 3.80132223748e-21, 5.21741747987e-21, 1.37368058713e-20, 3.74542502291e-20, 2.93805183173e-20, 1.10977045447e-19, 1.39990030616e-19, 2.02274559392e-19, 1.64569276003e-19, 4.54907926175e-19, 3.51929109791e-19, 5.68244077804e-19, 1.22750656072e-18, 1.47095584456e-18, 1.84372168568e-18, 2.0130056456e-18, 2.00541957221e-18, 3.80778698354e-18, 3.19821070678e-18, 4.64233777536e-18, 3.51007806364e-18, 4.9804664623e-18, 7.16208460397e-18, 7.38065301876e-18, 8.4342106311e-18, 1.02226338453e-17, 9.00975793823e-18, 1.11013337479e-17, 1.0125196105e-17, 9.93174420233e-18, 6.99956842902e-18, 5.12892883864e-18, 4.05890330108e-18, 2.17011557486e-18, 9.79323218837e-19, 2.3424069567e-19, 2.68972995002e-20], "max": [0.234298676252, 1.95276796818, 7.37079715729, 24.3017120361, 73.3818511963, 126.112640381, 371.711181641, 277.580200195, 2292.1940918, 975.59979248, 1480.3260498, 1251.95690918, 1047.85827637, 2035.1072998, 1648.69238281, 2028.38769531, 1167.3894043, 847.520935059, 2843.38085938, 1330.66992188, 1407.33752441, 629.712890625, 447.227478027, 296.551879883, 235.09161377, 123.777130127, 70.8431472778, 131.621505737, 160.48236084, 43.4851760864, 44.5454978943, 29.9079208374, 18.0268726349, 10.4025535583, 19.6849308014, 0.867208480835, 0.160678431392, 0.0448127165437, 0.0100708464161, 0.00108275131788], "dvar2": [0.000679926015437, 0.0272650010884, 0.552718997002, 6.74387407303, 31.7042999268, 115.51184845, 611.954833984, 485.066711426, 3136.89941406, 2862.55151367, 11331.5, 7767.31640625, 4927.29492188, 10736.6445313, 16101.9355469, 8383.02832031, 5295.91894531, 5607.9765625, 12728.6738281, 5819.52294922, 3961.1965332, 2403.46044922, 1653.28833008, 243.50340271, 283.105743408, 106.07233429, 18.6386642456, 42.4629402161, 222.819534302, 10.328543663, 13.0410013199, 2.17775821686, 0.777553975582, 0.639461696148, 1.24622106552, 0.00435176678002, 0.000178714923095, 1.34629081003e-05, 5.82165455398e-07, 4.46297221401e-09], "median": [0.00155494909268, 0.042683634907, 0.39415755868, 0.902481198311, 1.02669394016, 1.77046954632, 3.41527462006, 3.93274521828, 5.04309749603, 9.01021575928, 14.3820695877, 16.8342227936, 16.9566688538, 14.3356838226, 11.6431474686, 12.5525331497, 11.5084457397, 13.6527404785, 24.7750282288, 22.8302116394, 18.2905445099, 22.9016151428, 18.6184844971, 8.48661613464, 7.96697950363, 4.26365613937, 1.52295291424, 1.07124888897, 1.19439840317, 0.602901101112, 0.461715877056, 0.157057657838, 0.103955067694, 0.0899900943041, 0.0459970720112, 0.00579196540639, 0.000918635167181, 0.000156396214152, 3.60576777894e-05, 2.79752239294e-05], "dmean2": [0.0100141027942, 0.085832118988, 0.496658414602, 1.62224650383, 2.78294110298, 5.29157400131, 10.1922206879, 9.314868927, 13.5028896332, 22.460483551, 41.1600799561, 34.7751922607, 29.2967014313, 39.4052810669, 40.3278884888, 29.7196903229, 28.4404335022, 34.5639839172, 49.423664093, 37.9750328064, 29.5897388458, 29.0987815857, 25.6602344513, 9.19548511505, 9.56627845764, 6.35711956024, 2.20684862137, 2.49870967865, 5.2423825264, 1.30437028408, 1.46241819859, 0.451926231384, 0.289122164249, 0.29979300499, 0.359678596258, 0.0243038237095, 0.00488392869011, 0.0012543402845, 0.0002559927525, 2.60271735897e-05], "dmean": [0.00746337138116, 0.0539744868875, 0.291629970074, 0.969084858894, 1.68484306335, 3.28934288025, 6.64511346817, 6.1311378479, 8.71405982971, 14.247382164, 26.84532547, 22.9268531799, 18.8058605194, 25.645362854, 25.762254715, 19.1941452026, 18.2131080627, 21.6680774689, 32.0472564697, 24.990196228, 20.0605773926, 19.2294998169, 16.8878250122, 6.09114980698, 6.47098684311, 4.46668672562, 1.54150164127, 1.71858870983, 3.34223508835, 0.901550114155, 0.981148183346, 0.321717977524, 0.20545078814, 0.208796158433, 0.240105584264, 0.0171680431813, 0.00349540845491, 0.000882234075107, 0.000177216221346, 1.83316642506e-05], "var": [0.000658436911181, 0.019409911707, 0.653864443302, 4.60889482498, 23.5537147522, 108.382347107, 546.341674805, 546.174926758, 3079.14868164, 2227.85961914, 10067.8408203, 5816.21386719, 4638.35791016, 9962.30273438, 13495.3710938, 9730.12402344, 5084.06689453, 5525.48144531, 18092.3847656, 7132.16552734, 8562.3515625, 3618.62841797, 2462.57983398, 324.410980225, 400.603668213, 237.863357544, 22.8783187866, 28.7233104706, 99.2176742554, 8.10468673706, 8.36393547058, 1.68189573288, 0.556652486324, 0.449429661036, 0.615216016769, 0.00286761275493, 0.000129095249576, 8.70415533427e-06, 3.56716810757e-07, 3.09926284636e-09], "dvar": [0.000375023344532, 0.011404321529, 0.194119215012, 2.53134632111, 12.8330526352, 47.3678092957, 261.269470215, 217.259399414, 1292.75341797, 1212.71679688, 4847.97265625, 3463.60864258, 1945.22363281, 4474.546875, 6006.21972656, 3293.00952148, 2117.07861328, 2115.93115234, 5896.88134766, 2669.91821289, 1816.42578125, 1046.81677246, 705.258361816, 102.751998901, 125.174995422, 53.0078849792, 8.80126476288, 19.7611255646, 92.326789856, 5.11255836487, 5.81160306931, 1.08001446724, 0.348827660084, 0.289184898138, 0.535989940166, 0.0020169687923, 8.80320512806e-05, 6.50110450806e-06, 2.78017097344e-07, 2.11098472036e-09], "mean": [0.0107263801619, 0.094516992569, 0.671646118164, 1.64178752899, 2.3755698204, 5.33827495575, 12.0805263519, 11.9659194946, 16.9218101501, 23.5892314911, 44.5121040344, 38.2879180908, 38.6489982605, 47.8642997742, 47.1732788086, 37.8025627136, 34.1349754333, 42.8289718628, 67.2222595215, 51.8664970398, 49.0854644775, 44.9291496277, 39.3608665466, 15.1885900497, 14.7577915192, 11.2312898636, 3.30594325066, 2.68059206009, 4.14109897614, 1.4639788866, 1.40845441818, 0.480842202902, 0.345257878304, 0.322952002287, 0.292239814997, 0.0239167232066, 0.00461472803727, 0.00105602655094, 0.000207519493415, 3.95855859097e-05]}, "spectral_contrast_coeffs": {"min": [-0.982730150223, -0.978505730629, -0.976970434189, -0.975384652615, -0.968861937523, -0.968087494373], "max": [-0.306197822094, -0.314196765423, -0.425017774105, -0.514574825764, -0.552049160004, -0.630234599113], "dvar2": [0.00489843543619, 0.00391277531162, 0.00244480045512, 0.00173934665509, 0.000932912866119, 0.000575338781346], "median": [-0.621630012989, -0.730183899403, -0.7466173172, -0.745868325233, -0.742281198502, -0.757976233959], "dmean2": [0.0845421329141, 0.0738748982549, 0.0595826469362, 0.0506720021367, 0.0363914705813, 0.0269147604704], "dmean": [0.0515426136553, 0.0459304191172, 0.0373137146235, 0.0318362116814, 0.0238257553428, 0.0171615295112], "var": [0.0102026080713, 0.00808108318597, 0.00609453441575, 0.00508426083252, 0.00442861905321, 0.00215306249447], "dvar": [0.00186428066809, 0.00159773731139, 0.000984777812846, 0.00072255480336, 0.000446821562946, 0.000245695060585], "mean": [-0.624598622322, -0.727909743786, -0.742751836777, -0.744638621807, -0.745344221592, -0.764034211636]}, "dissonance": {"min": 0, "max": 0.499999880791, "dvar2": 0.00090994668426, "median": 0.470283746719, "dmean2": 0.0276800245047, "dmean": 0.0166024584323, "var": 0.000638704339508, "dvar": 0.000332147086738, "mean": 0.465099871159}, "spectral_energyband_high": {"min": 6.80045941875e-21, "max": 0.00611397018656, "dvar2": 3.16702312375e-07, "median": 0.000164752447745, "dmean2": 0.000268135714578, "dmean": 0.000191818966414, "var": 2.93448067623e-07, "dvar": 1.576502342e-07, "mean": 0.000352229602868}, "gfcc": {"mean": [-60.9605293274, 100.886230469, -155.577774048, 14.8067970276, -53.567943573, 1.34094071388, -40.4503936768, 7.63494110107, -18.9577980042, -6.26751184464, -15.8891105652, -8.32680797577, -7.57190561295], "icov": [[0.000159217743203, -0.000195298169274, 0.000467168429168, -0.000424852827564, 0.000686812272761, -0.00028861433384, 0.000335426506354, -0.000349638314219, 0.000314787699608, -0.000103266494989, 0.000313770433422, -0.000172635933268, 9.55895229708e-05], [-0.000195298169274, 0.00132541498169, -0.00021160338656, 0.000672277470585, -0.00127554533537, 0.000115065624414, 4.45002151537e-05, 3.21273716963e-07, -0.00103034882341, 0.00149982597213, -0.00140735728201, 0.00167518889066, -0.000272580160527], [0.000467168429168, -0.00021160338656, 0.00251543428749, -0.00153753277846, 0.001526989392, -0.00104995688889, 0.000391663255868, -0.000705002516042, 0.000141554861329, -0.000373430782929, 0.00157993484754, -0.00116716057528, 0.00049683067482], [-0.000424852827564, 0.000672277470585, -0.00153753277846, 0.00544946081936, -0.00306029710919, 0.000599779479671, 0.00116998166777, -0.0011682684999, -0.00059583899565, 0.00168823997956, -0.000278628518572, 0.000640749523882, -0.000774970045313], [0.000686812272761, -0.00127554533537, 0.001526989392, -0.00306029710919, 0.00836210697889, -0.00109819811769, -0.00141464394983, -0.000941809033975, -0.000611537601799, -0.000318120757584, -0.000747702608351, -0.000248269236181, -0.00138017814606], [-0.00028861433384, 0.000115065624414, -0.00104995688889, 0.000599779479671, -0.00109819811769, 0.00668264599517, -0.00347295729443, 0.00146085664164, 0.0021327517461, -0.00294304569252, 0.00191449781414, -0.000731402018573, 0.000664181134198], [0.000335426506354, 4.45002151537e-05, 0.000391663255868, 0.00116998166777, -0.00141464394983, -0.00347295729443, 0.0104767475277, -0.00360984285362, -0.000295809848467, 0.0026656857226, -0.00332564185373, 0.00253129634075, 0.00122682948131], [-0.000349638314219, 3.21273716963e-07, -0.000705002516042, -0.0011682684999, -0.000941809033975, 0.00146085664164, -0.00360984285362, 0.010933146812, -0.00356789375655, -0.00163937092293, 0.00184561731294, -0.000426672224421, -0.000502980779856], [0.000314787699608, -0.00103034882341, 0.000141554861329, -0.00059583899565, -0.000611537601799, 0.0021327517461, -0.000295809848467, -0.00356789375655, 0.0154867582023, -0.00580566003919, 0.00276950490661, 0.000138500574394, -0.000291039963486], [-0.000103266494989, 0.00149982597213, -0.000373430782929, 0.00168823997956, -0.000318120757584, -0.00294304569252, 0.0026656857226, -0.00163937092293, -0.00580566003919, 0.0186557006091, -0.00586787797511, -0.00275761028752, 0.00363585725427], [0.000313770433422, -0.00140735728201, 0.00157993484754, -0.000278628518572, -0.000747702608351, 0.00191449781414, -0.00332564185373, 0.00184561731294, 0.00276950490661, -0.00586787797511, 0.0152971977368, -0.00423979759216, -0.000556940329261], [-0.000172635933268, 0.00167518889066, -0.00116716057528, 0.000640749523882, -0.000248269236181, -0.000731402018573, 0.00253129634075, -0.000426672224421, 0.000138500574394, -0.00275761028752, -0.00423979759216, 0.0161053426564, -0.00586557202041], [9.55895229708e-05, -0.000272580160527, 0.00049683067482, -0.000774970045313, -0.00138017814606, 0.000664181134198, 0.00122682948131, -0.000502980779856, -0.000291039963486, 0.00363585725427, -0.000556940329261, -0.00586557202041, 0.0156165072694]], "cov": [[41987.8710938, 2381.18408203, -5309.38818359, 576.215759277, -2320.07177734, -108.139274597, -1557.92858887, 160.855819702, -720.59979248, -374.125579834, -635.457641602, -273.976074219, -142.706878662], [2381.18408203, 1768.61047363, -635.174743652, -14.7222032547, 189.978851318, -98.8317565918, 70.8103256226, 54.0557518005, 38.9091873169, -153.473068237, 84.5721893311, -215.278701782, 11.558265686], [-5309.38818359, -635.174743652, 1383.19018555, 86.8704299927, 165.237976074, 102.876831055, 123.331619263, 19.6093463898, 89.0121307373, 77.1381607056, -29.8597602844, 99.9982757568, 3.08273386955], [576.215759277, -14.7222032547, 86.8704299927, 318.228424072, 46.7718696594, -27.8775749207, -49.7269477844, 58.1126899719, 14.4015493393, -26.281042099, -38.6129951477, 5.32586860657, 27.3524303436], [-2320.07177734, 189.978851318, 165.237976074, 46.7718696594, 372.419708252, -1.36488676071, 152.409454346, 34.1873130798, 70.9140853882, -5.12379598618, 76.947517395, -20.6684818268, 34.1772117615], [-108.139274597, -98.8317565918, 102.876831055, -27.8775749207, -1.36488676071, 230.144729614, 62.1979484558, -12.2420330048, -25.7908668518, 32.9572525024, -12.3070774078, 11.4647665024, -25.1954879761], [-1557.92858887, 70.8103256226, 123.331619263, -49.7269477844, 152.409454346, 62.1979484558, 225.44229126, 31.9079799652, 32.9471702576, 0.401910036802, 54.4129219055, -32.5465278625, -11.2412414551], [160.855819702, 54.0557518005, 19.6093463898, 58.1126899719, 34.1873130798, -12.2420330048, 31.9079799652, 135.51473999, 41.4478912354, 4.44214248657, -13.3604879379, -7.93569469452, 3.90011954308], [-720.59979248, 38.9091873169, 89.0121307373, 14.4015493393, 70.9140853882, -25.7908668518, 32.9471702576, 41.4478912354, 105.581687927, 23.1840286255, 7.2962603569, -3.37772989273, 4.64516305923], [-374.125579834, -153.473068237, 77.1381607056, -26.281042099, -5.12379598618, 32.9572525024, 0.401910036802, 4.44214248657, 23.1840286255, 95.6459960938, 22.7183856964, 37.5535087585, -12.811126709], [-635.457641602, 84.5721893311, -29.8597602844, -38.6129951477, 76.947517395, -12.3070774078, 54.4129219055, -13.3604879379, 7.2962603569, 22.7183856964, 119.287483215, 14.9951982498, 11.751745224], [-273.976074219, -215.278701782, 99.9982757568, 5.32586860657, -20.6684818268, 11.4647665024, -32.5465278625, -7.93569469452, -3.37772989273, 37.5535087585, 14.9951982498, 114.987602234, 29.9073047638], [-142.706878662, 11.558265686, 3.08273386955, 27.3524303436, 34.1772117615, -25.1954879761, -11.2412414551, 3.90011954308, 4.64516305923, -12.811126709, 11.751745224, 29.9073047638, 86.1918182373]]}, "spectral_flux": {"min": 6.36350347416e-11, "max": 0.247522860765, "dvar2": 0.000733585271519, "median": 0.0651120021939, "dmean2": 0.0265052169561, "dmean": 0.0175327435136, "var": 0.00162584893405, "dvar": 0.000337295001373, "mean": 0.0695433989167}, "silence_rate_30dB": {"min": 0, "max": 1, "dvar2": 0.000479214941151, "median": 1, "dmean2": 0.000479443842778, "dmean": 0.000239693195908, "var": 0.00035937994835, "dvar": 0.000239629196585, "mean": 0.999640524387}, "spectral_energyband_middle_high": {"min": 1.15617867552e-21, "max": 0.0743475183845, "dvar2": 3.5776211007e-05, "median": 0.00571425398812, "dmean2": 0.00359471421689, "dmean": 0.00251721218228, "var": 8.85736371856e-05, "dvar": 1.5370458641e-05, "mean": 0.00901772361249}, "barkbands_spread": {"min": 0.894994676113, "max": 111.621124268, "dvar2": 46.8666152954, "median": 18.9076061249, "dmean2": 6.06580257416, "dmean": 3.98912620544, "var": 83.451385498, "dvar": 20.8536586761, "mean": 20.2926101685}, "spectral_centroid": {"min": 254.131134033, "max": 11868.546875, "dvar2": 145534.859375, "median": 1568.38427734, "dmean2": 315.393676758, "dmean": 210.380233765, "var": 2531285.5, "dvar": 69634.375, "mean": 1792.97949219}, "pitch_salience": {"min": 0.0609836131334, "max": 0.949674487114, "dvar2": 0.00716416165233, "median": 0.608315467834, "dmean2": 0.0966365560889, "dmean": 0.0597601830959, "var": 0.0100650414824, "dvar": 0.00279832980596, "mean": 0.602717578411}, "erbbands_skewness": {"min": -2.78856158257, "max": 5.12111282349, "dvar2": 0.220370605588, "median": -0.0196213889867, "dmean2": 0.500504791737, "dmean": 0.327781260014, "var": 0.532196462154, "dvar": 0.0921775177121, "mean": -0.0607767477632}, "erbbands_crest": {"min": 2.06933903694, "max": 30.814825058, "dvar2": 13.7623748779, "median": 8.29477882385, "dmean2": 3.91989994049, "dmean": 2.40946555138, "var": 15.4440193176, "dvar": 5.5092587471, "mean": 9.07142829895}, "melbands": {"min": [7.69111772459e-25, 9.31503720179e-25, 7.25509211556e-25, 1.14908457404e-24, 1.23376159386e-24, 5.71183711718e-25, 1.44059934549e-24, 1.31671534704e-24, 1.42652991264e-24, 1.01899371938e-24, 1.96103898784e-24, 1.23312015134e-24, 1.75162718307e-24, 2.44327537844e-24, 2.40248594483e-24, 2.68592228757e-24, 2.72635732542e-24, 2.57472307386e-24, 3.53896333831e-24, 2.60420142538e-24, 3.54709570539e-24, 2.33575265098e-24, 3.29738218027e-24, 4.09128469554e-24, 1.8493420029e-24, 3.27604802873e-24, 3.97319458461e-24, 4.21739752187e-24, 4.25328832648e-24, 5.14552353687e-24, 4.57821895004e-24, 4.88230392419e-24, 4.83983244192e-24, 5.14883793596e-24, 5.52511117712e-24, 5.24828529155e-24, 5.02654556299e-24, 5.56840504689e-24, 5.53555254006e-24, 5.30074493618e-24], "max": [0.00230590207502, 0.00303710834123, 0.00502013461664, 0.00721998792142, 0.00996649824083, 0.00755479745567, 0.031264513731, 0.0158626344055, 0.0116565879434, 0.00704694632441, 0.00537303835154, 0.00750897079706, 0.00668172212318, 0.00849234405905, 0.00326861767098, 0.00264508510008, 0.00187656015623, 0.0057196659036, 0.00206097145565, 0.00117918569595, 0.0020856235642, 0.000624831300229, 0.00046655620099, 0.000374083319912, 0.000276931590633, 0.000218354485696, 0.000169675564393, 8.4543164121e-05, 5.15611573064e-05, 4.84513184347e-05, 8.40790817165e-05, 0.000107963154733, 3.40053520631e-05, 2.37057138293e-05, 3.13198943331e-05, 2.58679556282e-05, 2.01855345949e-05, 1.46441070683e-05, 8.92194384505e-06, 1.15746006486e-05], "dvar2": [4.6784844443e-08, 9.0432550337e-08, 2.56582779912e-07, 2.28449039241e-07, 5.77255946155e-07, 2.70930286206e-07, 5.56211318781e-07, 5.53150812266e-07, 7.11106281415e-07, 2.77193549891e-07, 1.2943802119e-07, 1.65253680962e-07, 2.4856166192e-07, 2.17729549945e-07, 5.41939364496e-08, 2.15151789718e-08, 2.84552950092e-08, 4.38160547844e-08, 2.49893776783e-08, 6.10831341064e-09, 6.77029010632e-09, 2.91468826852e-09, 1.90399229716e-09, 1.45886869252e-09, 1.84425266725e-10, 2.05686218058e-10, 1.69222982849e-10, 5.02139302361e-11, 9.79071337892e-12, 8.67453765069e-12, 1.74172464645e-11, 1.19713336466e-10, 8.92773441979e-12, 2.75113850971e-12, 8.73765036019e-12, 1.21870937821e-12, 7.67116784591e-13, 5.01015949648e-13, 2.09956319908e-13, 6.89085019514e-13], "median": [2.57566061919e-05, 0.000166026336956, 0.000169999329955, 0.000101531637483, 0.000122706987895, 9.00621307665e-05, 6.79864897393e-05, 0.000103954291262, 0.000120186821732, 0.000106733234134, 7.91232087067e-05, 5.53801437491e-05, 3.70259367628e-05, 2.64893842541e-05, 2.99560906569e-05, 1.61976277013e-05, 2.36553860304e-05, 3.63628314517e-05, 3.36558914569e-05, 1.89736565517e-05, 1.99095502467e-05, 2.22959370149e-05, 2.04862899409e-05, 1.09425909613e-05, 5.08168568558e-06, 5.50424829271e-06, 4.07357856602e-06, 2.27189025281e-06, 8.87003182015e-07, 4.84259089717e-07, 5.64255060453e-07, 7.37250672955e-07, 3.48461526301e-07, 3.05514419097e-07, 3.02546538933e-07, 1.02939857527e-07, 7.56823794745e-08, 6.7562226036e-08, 6.29978700317e-08, 6.76055336157e-08], "dmean2": [9.01581151993e-05, 0.000202650757274, 0.000298818340525, 0.00025899746106, 0.000334620912326, 0.000217816093937, 0.000194433057914, 0.000309194991132, 0.00033222255297, 0.000218280241825, 0.000151452652062, 0.000165349396411, 0.000146271355334, 0.000116171941045, 8.42057124828e-05, 5.43610731256e-05, 7.46005098335e-05, 9.09103546292e-05, 7.53724743845e-05, 3.63517247024e-05, 3.81650970667e-05, 3.21009429172e-05, 2.66387851298e-05, 2.234913336e-05, 7.64673313824e-06, 7.55145219955e-06, 7.18378987585e-06, 4.21822460339e-06, 1.67161249465e-06, 1.20673200854e-06, 1.55314489803e-06, 3.82923644793e-06, 1.10584915092e-06, 6.82455151946e-07, 1.17437355129e-06, 3.32794087399e-07, 2.59945267089e-07, 2.1948206097e-07, 1.76447599642e-07, 2.94459596262e-07], "dmean": [6.40188809484e-05, 0.000119783682749, 0.000179851835128, 0.00016050854174, 0.000218338624109, 0.000143826415297, 0.000125021397253, 0.000196167689865, 0.00021742375975, 0.000143751865835, 9.72676207311e-05, 0.000107653671876, 9.34574127314e-05, 7.45418365113e-05, 5.29621684109e-05, 3.52204224328e-05, 4.65422090201e-05, 5.8847690525e-05, 4.86940916744e-05, 2.43027789111e-05, 2.59176740656e-05, 2.12122886296e-05, 1.74034466909e-05, 1.45195235746e-05, 4.89749800181e-06, 4.98580448038e-06, 4.88007481181e-06, 2.90963362204e-06, 1.1336917396e-06, 8.14280895156e-07, 1.04424645997e-06, 2.41067164097e-06, 7.3217637464e-07, 4.61647772454e-07, 7.74609588916e-07, 2.29335853419e-07, 1.83325454373e-07, 1.53738213271e-07, 1.23360123894e-07, 2.00664388217e-07], "var": [4.02183033543e-08, 9.95677140736e-08, 1.63957764698e-07, 2.21263334765e-07, 5.75017679694e-07, 2.91335737757e-07, 5.91704008457e-07, 4.77153037082e-07, 6.19586614903e-07, 2.11940545114e-07, 1.25784936245e-07, 1.58447576837e-07, 1.98502632998e-07, 2.13388958059e-07, 4.47017001193e-08, 1.98412486441e-08, 2.69088555882e-08, 6.34999111071e-08, 2.72751830011e-08, 7.39409511397e-09, 1.36664999317e-08, 3.91199428407e-09, 2.49472598135e-09, 1.8182175765e-09, 1.81978085378e-10, 2.1344316592e-10, 2.81368789379e-10, 1.00581397378e-10, 1.23068699329e-11, 6.15761911946e-12, 1.08734731288e-11, 5.19708789892e-11, 5.18973839597e-12, 2.04035746632e-12, 5.00226986569e-12, 8.717892944e-13, 5.65469817238e-13, 3.09921494935e-13, 2.00424773349e-13, 4.29021970944e-13], "dvar": [2.38391493212e-08, 3.22981144052e-08, 9.79343326435e-08, 9.45968210431e-08, 2.46027070716e-07, 1.19111376762e-07, 2.36734351233e-07, 2.39854131223e-07, 3.00395129216e-07, 1.23816505493e-07, 5.11012530069e-08, 6.91646988571e-08, 9.51281151629e-08, 8.07230762234e-08, 2.13492050705e-08, 8.55549497913e-09, 1.07467812427e-08, 2.07673185315e-08, 1.06957802615e-08, 2.73289368913e-09, 3.10778003332e-09, 1.27376642567e-09, 8.3837742304e-10, 6.09254924289e-10, 7.56514711986e-11, 8.62321186679e-11, 7.82009595968e-11, 2.42200755979e-11, 4.41034665385e-12, 4.04949337951e-12, 7.89918651323e-12, 4.93139071245e-11, 3.95898418215e-12, 1.33463552709e-12, 3.73279055235e-12, 5.90691937637e-13, 3.73797049086e-13, 2.17856670746e-13, 9.47880215616e-14, 3.05037462303e-13], "mean": [9.63503771345e-05, 0.000270421121968, 0.000300953543046, 0.000251748570008, 0.000407111831009, 0.000281747605186, 0.000239023851464, 0.000319401500747, 0.000360887905117, 0.000239797547692, 0.000196077788132, 0.000196731663891, 0.000165319157531, 0.000132652174216, 9.23288971535e-05, 6.09874005022e-05, 8.34934107843e-05, 0.000114029302495, 9.12059913389e-05, 4.87366196467e-05, 5.83219298278e-05, 4.50924853794e-05, 3.85475796065e-05, 3.0101477023e-05, 9.93686353468e-06, 1.01501300378e-05, 1.07540481622e-05, 6.75762248648e-06, 2.25298617806e-06, 1.25976737309e-06, 1.55429199822e-06, 2.87971215585e-06, 1.02792466805e-06, 7.3439832704e-07, 1.0590168813e-06, 3.30115511815e-07, 2.606590499e-07, 2.39233145294e-07, 2.23612332206e-07, 2.87563352686e-07]}, "barkbands_skewness": {"min": -3.35300683975, "max": 16.336933136, "dvar2": 0.607265412807, "median": 0.441421538591, "dmean2": 0.584687113762, "dmean": 0.378830581903, "var": 1.16334962845, "dvar": 0.237829312682, "mean": 0.486570835114}, "spectral_entropy": {"min": 5.64440393448, "max": 9.8303937912, "dvar2": 0.0443714484572, "median": 7.38480758667, "dmean2": 0.202369019389, "dmean": 0.14624081552, "var": 0.276548206806, "dvar": 0.0239890292287, "mean": 7.45635557175}, "spectral_rolloff": {"min": 21.533203125, "max": 19832.0800781, "dvar2": 854511.4375, "median": 1851.85546875, "dmean2": 560.403442383, "dmean": 342.914703369, "var": 8033618, "dvar": 393794.875, "mean": 2339.80639648}, "barkbands": {"min": [3.91956609464e-25, 2.2090550815e-24, 5.27013072356e-25, 9.6036074513e-25, 3.49358529803e-24, 3.63050827978e-24, 5.12403457138e-24, 6.60385913791e-24, 7.94570443795e-24, 1.20622677868e-23, 1.02435584361e-23, 2.33862453855e-23, 2.31632817392e-23, 2.22242895597e-23, 3.97965022782e-23, 4.78774577073e-23, 4.25261882022e-23, 7.78605524127e-23, 9.32076709298e-23, 1.47022304069e-22, 2.18872600975e-22, 3.0215955085e-22, 3.49350118968e-22, 5.8273314103e-22, 7.42765578962e-22, 1.23224738403e-21, 1.95292637226e-21], "max": [0.000405173981562, 0.00857211649418, 0.00892253965139, 0.012878132984, 0.0277763195336, 0.0556440651417, 0.130686461926, 0.0954220741987, 0.0624701231718, 0.0278393309563, 0.0601524934173, 0.0553644038737, 0.0273504070938, 0.0321715548635, 0.0305083040148, 0.0211103912443, 0.00957330223173, 0.006253445521, 0.00612256349996, 0.00305921258405, 0.00240711844526, 0.00301747978665, 0.00154029368423, 0.00113398290705, 0.00179158872925, 8.05921154097e-05, 7.21488686395e-05], "dvar2": [1.28815047518e-09, 5.6147905525e-07, 7.4267046557e-07, 1.73106548118e-06, 7.3160977081e-06, 9.04165335669e-06, 1.09428838186e-05, 2.59602402366e-05, 1.41923792398e-05, 5.2800451158e-06, 1.72515610757e-05, 1.08559033833e-05, 3.32229387823e-06, 3.97141593567e-06, 4.3381701289e-06, 1.29309103158e-06, 8.01755675184e-07, 4.40576457095e-07, 1.06399518529e-07, 5.90438737902e-08, 1.57328834405e-08, 8.67166534135e-08, 1.27643895453e-08, 3.34187677531e-09, 1.28367645402e-08, 5.63921236096e-11, 2.50347329672e-11], "median": [6.05348850513e-06, 0.000134764035465, 0.000410961947637, 0.000296947342576, 0.000492740189657, 0.0004762786848, 0.000316189340083, 0.000554052123334, 0.00084234867245, 0.000358512799721, 0.000227159122005, 0.000255457620369, 0.000255733320955, 0.000309544004267, 0.000461263989564, 0.000263747264398, 0.000376225449145, 0.000236158652115, 0.000148342121975, 8.84708424564e-05, 2.37015228777e-05, 2.93015255011e-05, 1.71194442373e-05, 6.37223138256e-06, 7.68506379245e-06, 6.21607625817e-07, 1.32702297151e-07], "dmean2": [2.36539308389e-05, 0.000352656294126, 0.000569536583498, 0.000745517958421, 0.00141492357943, 0.00121822988149, 0.000948201748542, 0.00201592198573, 0.00163312721997, 0.00101288431324, 0.00113031896763, 0.000913361320272, 0.000756439752877, 0.000936269585509, 0.000996131682768, 0.000542490975931, 0.000539229833521, 0.00041808388778, 0.000176795190782, 0.000144689751323, 5.04196032125e-05, 0.000108052583528, 4.63680335088e-05, 1.839700235e-05, 3.89003180317e-05, 2.86011254502e-06, 1.62163883033e-06], "dmean": [1.43117704283e-05, 0.000237578438828, 0.000335150398314, 0.000440081668785, 0.000889456889126, 0.000805793388281, 0.00060680200113, 0.00129559531342, 0.00107530155219, 0.00065262283897, 0.000719900825061, 0.000583985587582, 0.000482245988678, 0.000587316695601, 0.000640895217657, 0.000357131269993, 0.000355898577254, 0.000270764401648, 0.000117999399663, 0.000100048506283, 3.47803179466e-05, 7.02842226019e-05, 3.1309966289e-05, 1.31331971716e-05, 2.64812952082e-05, 2.04281514016e-06, 1.12535735752e-06], "var": [8.89806894833e-10, 4.44602108018e-07, 6.65733182359e-07, 9.46927514178e-07, 7.88430679677e-06, 9.29491670831e-06, 1.08588383227e-05, 2.34608723986e-05, 1.12798297778e-05, 5.76380580242e-06, 1.41063028423e-05, 1.04600167106e-05, 3.15857960231e-06, 4.20860351369e-06, 4.94331879963e-06, 2.31668900597e-06, 1.09555219296e-06, 5.80050652843e-07, 1.25421792063e-07, 1.19363647855e-07, 1.19237784091e-08, 4.39596021806e-08, 8.74092798142e-09, 2.54439758152e-09, 7.07050329396e-09, 4.27718936657e-11, 1.49593844256e-11], "dvar": [5.45080980352e-10, 2.63777735654e-07, 2.60418147491e-07, 6.58519240915e-07, 3.01270370073e-06, 4.0422719394e-06, 4.62151683678e-06, 1.13059986688e-05, 6.30959948467e-06, 2.13943644667e-06, 6.78874357618e-06, 4.07331708629e-06, 1.34005756536e-06, 1.58912746429e-06, 1.87376724625e-06, 5.63041453461e-07, 3.5360838524e-07, 1.85116931561e-07, 4.56533726378e-08, 2.87080474948e-08, 7.37064276279e-09, 3.72528319303e-08, 5.87392312568e-09, 1.61164093182e-09, 5.63392532626e-09, 2.79024060801e-11, 1.18394174672e-11], "mean": [1.7616448531e-05, 0.00037744018482, 0.000692301662639, 0.00062632188201, 0.00150945445057, 0.0015363675775, 0.00107731006574, 0.0020584310405, 0.00184399192221, 0.00121950404719, 0.00121682009194, 0.00102973706089, 0.000832905527204, 0.00107673020102, 0.00123765331227, 0.000790544901974, 0.000761625764426, 0.000581957749091, 0.00026299955789, 0.000242404756136, 5.82883512834e-05, 9.24663399928e-05, 4.68051948701e-05, 2.07876582863e-05, 3.55372176273e-05, 2.80905646832e-06, 1.2581132296e-06]}, "melbands_flatness_db": {"min": 0.00263088219799, "max": 0.430178165436, "dvar2": 0.000926916254684, "median": 0.16692148149, "dmean2": 0.0302693508565, "dmean": 0.0210426151752, "var": 0.00346499984153, "dvar": 0.00045472275815, "mean": 0.171573385596}, "melbands_skewness": {"min": -1.72764968872, "max": 29.0011634827, "dvar2": 1.13894474506, "median": 1.04463005066, "dmean2": 0.664925992489, "dmean": 0.427735745907, "var": 2.68328595161, "dvar": 0.43769967556, "mean": 1.19716417789}, "silence_rate_60dB": {"min": 0, "max": 1, "dvar2": 0.0408272594213, "median": 0, "dmean2": 0.0335610695183, "dmean": 0.0167785231024, "var": 0.0865818113089, "dvar": 0.0164971463382, "mean": 0.0957459583879}, "spectral_energyband_low": {"min": 8.30360826406e-24, "max": 0.0184348281473, "dvar2": 2.48001128966e-06, "median": 0.000946716463659, "dmean2": 0.00103484257124, "dmean": 0.000641143356916, "var": 2.39483802034e-06, "dvar": 9.77675426839e-07, "mean": 0.00144082959741}, "spectral_energyband_middle_low": {"min": 1.28452909635e-22, "max": 0.140680715442, "dvar2": 6.22339721303e-05, "median": 0.00611930480227, "dmean2": 0.00494085205719, "dmean": 0.00330532342196, "var": 8.46871698741e-05, "dvar": 2.73015120911e-05, "mean": 0.00893169641495}, "melbands_kurtosis": {"min": -1.74477291107, "max": 1049.42626953, "dvar2": 1805.26086426, "median": 1.03211939335, "dmean2": 5.68645620346, "dmean": 3.43387818336, "var": 1539.18164063, "dvar": 646.271179199, "mean": 5.02354669571}, "spectral_decrease": {"min": -3.76861173379e-08, "max": 2.27538650872e-18, "dvar2": 5.12577107665e-18, "median": -4.01272925998e-09, "dmean2": 1.67245017835e-09, "dmean": 1.14076392776e-09, "var": 1.24499963156e-17, "dvar": 2.33678274892e-18, "mean": -4.58589877184e-09}, "erbbands_kurtosis": {"min": -1.66189861298, "max": 27.4551582336, "dvar2": 2.35095262527, "median": -0.0019178976072, "dmean2": 1.17226612568, "dmean": 0.744787693024, "var": 2.48133254051, "dvar": 0.976271927357, "mean": 0.393639266491}, "melbands_crest": {"min": 1.52854549885, "max": 39.3004074097, "dvar2": 18.2860565186, "median": 9.90444660187, "dmean2": 4.65872335434, "dmean": 2.85582947731, "var": 25.372833252, "dvar": 7.06628513336, "mean": 10.882900238}, "mfcc": {"mean": [-672.979248047, 130.795043945, -40.7152099609, 11.0184793472, -0.548101902008, -7.6626162529, -8.99070072174, 2.24979567528, -0.162242174149, 0.145868882537, -0.401942521334, -8.09499073029, -1.34128952026], "icov": [[0.000108125976112, -7.45453944546e-05, 8.62549422891e-05, -0.00015369222092, 0.000268386007519, -3.01431446132e-05, 0.000245966395596, -7.19308300177e-05, 1.1538821127e-05, 8.84478795342e-05, 8.56810002006e-05, 0.000262006564299, 7.82335628173e-05], [-7.45453944546e-05, 0.000756182824261, 0.000359195866622, 9.86262020888e-05, -0.00055898737628, 0.000298898696201, -0.000300769344904, -0.00043040284072, -2.06690037885e-05, -0.000143991026562, -0.0003613983572, -3.08403177769e-05, 4.97592809552e-05], [8.62549422891e-05, 0.000359195866622, 0.00225811521523, -0.000388207612559, 0.000254940910963, -0.00094639317831, 0.00080079655163, -0.000417124363594, -0.000805183139164, 0.000849168165587, -0.000351919152308, -0.000103712001874, 8.88023350853e-05], [-0.00015369222092, 9.86262020888e-05, -0.000388207612559, 0.00583839835599, -0.00366938230582, 0.00189325329848, 0.000547001953237, -0.00154241395649, 0.000170762883499, -0.00116668944247, 0.00144236825872, 1.97483786906e-05, -0.00131035922095], [0.000268386007519, -0.00055898737628, 0.000254940910963, -0.00366938230582, 0.00923561770469, -0.00186613202095, 7.05797574483e-05, 0.00104003201704, -0.00127795268781, -0.000262196495896, 0.00138864770997, -0.000522938207723, -0.00041228273767], [-3.01431446132e-05, 0.000298898696201, -0.00094639317831, 0.00189325329848, -0.00186613202095, 0.00802616029978, -0.00249367207289, -0.000299556850223, -7.47707308619e-05, 0.00146680185571, -0.0019808690995, 0.000877696205862, 0.000612847448792], [0.000245966395596, -0.000300769344904, 0.00080079655163, 0.000547001953237, 7.05797574483e-05, -0.00249367207289, 0.0097690243274, -0.00481127947569, 0.00237985281274, -0.00386215676554, 0.00135998346377, -0.000149351457367, 0.000890531344339], [-7.19308300177e-05, -0.00043040284072, -0.000417124363594, -0.00154241395649, 0.00104003201704, -0.000299556850223, -0.00481127947569, 0.0161684397608, -0.00512343505397, 8.16603424028e-05, -0.000929206493311, 0.000905988854356, -0.00311718136072], [1.1538821127e-05, -2.06690037885e-05, -0.000805183139164, 0.000170762883499, -0.00127795268781, -7.47707308619e-05, 0.00237985281274, -0.00512343505397, 0.011343434453, -0.00402087857947, 0.0023218812421, -0.00059084611712, -0.000597695354372], [8.84478795342e-05, -0.000143991026562, 0.000849168165587, -0.00116668944247, -0.000262196495896, 0.00146680185571, -0.00386215676554, 8.16603424028e-05, -0.00402087857947, 0.0152354734018, -0.0049642957747, -9.91093402263e-05, 0.00247752666473], [8.56810002006e-05, -0.0003613983572, -0.000351919152308, 0.00144236825872, 0.00138864770997, -0.0019808690995, 0.00135998346377, -0.000929206493311, 0.0023218812421, -0.0049642957747, 0.012534099631, -0.00186264235526, -0.00142255739775], [0.000262006564299, -3.08403177769e-05, -0.000103712001874, 1.97483786906e-05, -0.000522938207723, 0.000877696205862, -0.000149351457367, 0.000905988854356, -0.00059084611712, -9.91093402263e-05, -0.00186264235526, 0.0152078690007, -0.00491470936686], [7.82335628173e-05, 4.97592809552e-05, 8.88023350853e-05, -0.00131035922095, -0.00041228273767, 0.000612847448792, 0.000890531344339, -0.00311718136072, -0.000597695354372, 0.00247752666473, -0.00142255739775, -0.00491470936686, 0.0145896915346]], "cov": [[13341.7421875, 1230.82983398, -644.071533203, 224.261550903, -263.969726563, -272.772918701, -347.25881958, -34.3221588135, -68.4610214233, -135.666305542, -177.83770752, -294.076263428, -129.985626221], [1230.82983398, 1849.43444824, -414.723022461, 85.4701690674, 95.7515792847, -85.9999771118, 99.1726760864, 83.1069335938, 24.336479187, 88.6697769165, 23.4268684387, -11.8713684082, -0.460827410221], [-644.071533203, -414.723022461, 619.863098145, 5.19979572296, -1.03971838951, 73.7679824829, -57.8898239136, 3.39083456993, 42.2157592773, -45.8833351135, 6.3049788475, 17.5854492188, 18.751865387], [224.261550903, 85.4701690674, 5.19979572296, 310.296356201, 120.516853333, -72.2868423462, -24.4716663361, 36.2022323608, 48.7656288147, 15.477186203, -50.8666229248, 10.5455989838, 39.9761352539], [-263.969726563, 95.7515792847, -1.03971838951, 120.516853333, 178.765945435, -0.0195006597787, 9.0027179718, 17.6742744446, 37.2419509888, 15.246014595, -24.908624649, 15.3248405457, 21.8688907623], [-272.772918701, -85.9999771118, 73.7679824829, -72.2868423462, -0.0195006597787, 177.411392212, 47.6914672852, 5.94407606125, -8.4111328125, -4.05359840393, 30.7159118652, -5.75694942474, -12.8798017502], [-347.25881958, 99.1726760864, -57.8898239136, -24.4716663361, 9.0027179718, 47.6914672852, 174.841766357, 47.4757537842, -3.2458896637, 50.1627807617, 17.2054386139, 1.66209924221, -9.0129442215], [-34.3221588135, 83.1069335938, 3.39083456993, 36.2022323608, 17.6742744446, 5.94407606125, 47.4757537842, 99.1108856201, 46.0593299866, 24.8891811371, 4.22675466537, 4.94702863693, 21.3980140686], [-68.4610214233, 24.336479187, 42.2157592773, 48.7656288147, 37.2419509888, -8.4111328125, -3.2458896637, 46.0593299866, 130.950424194, 29.5011844635, -13.9878120422, 9.88288021088, 18.1719360352], [-135.666305542, 88.6697769165, -45.8833351135, 15.477186203, 15.246014595, -4.05359840393, 50.1627807617, 24.8891811371, 29.5011844635, 102.842666626, 29.7871646881, 5.2768034935, -6.62218379974], [-177.83770752, 23.4268684387, 6.3049788475, -50.8666229248, -24.908624649, 30.7159118652, 17.2054386139, 4.22675466537, -13.9878120422, 29.7871646881, 110.90927124, 15.1711397171, 4.41896533966], [-294.076263428, -11.8713684082, 17.5854492188, 10.5455989838, 15.3248405457, -5.75694942474, 1.66209924221, 4.94702863693, 9.88288021088, 5.2768034935, 15.1711397171, 84.612991333, 33.578830719], [-129.985626221, -0.460827410221, 18.751865387, 39.9761352539, 21.8688907623, -12.8798017502, -9.0129442215, 21.3980140686, 18.1719360352, -6.62218379974, 4.41896533966, 33.578830719, 92.6086578369]]}, "spectral_energy": {"min": 9.81703363195e-21, "max": 0.148599028587, "dvar2": 8.37748302729e-05, "median": 0.0169669240713, "dmean2": 0.00682100187987, "dmean": 0.00469273142517, "var": 0.000216477797949, "dvar": 3.87376312574e-05, "mean": 0.0192503351718}, "melbands_spread": {"min": 0.612108230591, "max": 250.099182129, "dvar2": 150.147018433, "median": 28.9720211029, "dmean2": 10.5353469849, "dmean": 6.86507606506, "var": 516.608032227, "dvar": 66.7448654175, "mean": 33.611530304}, "erbbands_flatness_db": {"min": 0.0199109949172, "max": 0.40900605917, "dvar2": 0.000541307148524, "median": 0.206022918224, "dmean2": 0.0250817611814, "dmean": 0.0175958536565, "var": 0.00253170542419, "dvar": 0.000285960762994, "mean": 0.202883988619}, "spectral_contrast_valleys": {"min": [-28.4902267456, -28.1738491058, -27.9051628113, -27.7407226563, -27.4886379242, -27.4254398346], "max": [-6.06875753403, -4.80744171143, -5.27392959595, -5.40628671646, -5.90836000443, -8.09056472778], "dvar2": [0.338954389095, 0.236015453935, 0.188927873969, 0.158246442676, 0.159664064646, 0.231384798884], "median": [-8.19986343384, -6.65368843079, -7.12243556976, -7.43102264404, -7.65306425095, -10.7204866409], "dmean2": [0.699727654457, 0.557462751865, 0.482782542706, 0.422486931086, 0.380721986294, 0.421532899141], "dmean": [0.427343845367, 0.347492545843, 0.307931572199, 0.278110444546, 0.281823337078, 0.340464621782], "var": [10.2057361603, 11.7962446213, 11.2725172043, 10.9149112701, 10.7713680267, 8.13773822784], "dvar": [0.135858252645, 0.109239526093, 0.0919995307922, 0.0818340629339, 0.0925996229053, 0.144069582224], "mean": [-8.80255413055, -7.34462165833, -7.79021263123, -8.0812664032, -8.33078193665, -11.3407373428]}, "barkbands_flatness_db": {"min": 0.0243778992444, "max": 0.368296742439, "dvar2": 0.000688099302351, "median": 0.126820623875, "dmean2": 0.0269995015115, "dmean": 0.0182212796062, "var": 0.00192640081514, "dvar": 0.000323844491504, "mean": 0.130318149924}, "zerocrossingrate": {"min": 0.00537109375, "max": 0.5380859375, "dvar2": 0.000155449233716, "median": 0.064453125, "dmean2": 0.0101451650262, "dmean": 0.00854977872223, "var": 0.00550133176148, "dvar": 0.000118530340842, "mean": 0.0773697271943}, "spectral_skewness": {"min": -0.114214271307, "max": 4.68538856506