{"lowlevel": {"spectral_complexity": {"min": 0, "max": 49, "dvar2": 22.2273902893, "median": 20, "dmean2": 4.94800567627, "dmean": 3.40379047394, "var": 74.9609222412, "dvar": 11.5643978119, "mean": 19.389919281}, "silence_rate_20dB": {"min": 1, "max": 1, "dvar2": 0, "median": 1, "dmean2": 0, "dmean": 0, "var": 0, "dvar": 0, "mean": 1}, "average_loudness": 0.959129929543, "erbbands_spread": {"min": 4.03451442719, "max": 163.315093994, "dvar2": 243.17539978, "median": 31.9041957855, "dmean2": 12.852432251, "dmean": 8.18550300598, "var": 367.357116699, "dvar": 105.024543762, "mean": 35.4644126892}, "spectral_kurtosis": {"min": -1.21441686153, "max": 38.7855873108, "dvar2": 13.4632825851, "median": 4.16008758545, "dmean2": 3.24039745331, "dmean": 1.91667151451, "var": 16.106174469, "dvar": 4.85623693466, "mean": 5.25925731659}, "barkbands_kurtosis": {"min": -1.91390120983, "max": 110.149742126, "dvar2": 88.1378936768, "median": -0.186069265008, "dmean2": 4.16376304626, "dmean": 2.54214024544, "var": 65.5530395508, "dvar": 34.5220756531, "mean": 2.53760194778}, "spectral_strongpeak": {"min": 0, "max": 16.708158493, "dvar2": 5.19484758377, "median": 0.462359637022, "dmean2": 1.34143936634, "dmean": 0.780237138271, "var": 3.90269565582, "dvar": 2.07750463486, "mean": 1.30646586418}, "spectral_spread": {"min": 1599319.375, "max": 40925036, "dvar2": 757311930368, "median": 3605934.75, "dmean2": 604921.625, "dmean": 413746.78125, "var": 1623392911360.0, "dvar": 402384158720, "mean": 3740211.75}, "spectral_rms": {"min": 3.17912428154e-12, "max": 0.00890741031617, "dvar2": 1.49544882788e-06, "median": 0.00450594397262, "dmean2": 0.00103440822568, "dmean": 0.000654563948046, "var": 2.19636513066e-06, "dvar": 5.83219843975e-07, "mean": 0.00426475377753}, "dynamic_complexity": 3.03029537201, "erbbands": {"min": [9.22728960006e-22, 3.49980642237e-21, 2.56552425741e-20, 3.44550128814e-20, 6.93579699139e-20, 9.28069634668e-20, 1.67792617904e-19, 1.53144063512e-19, 8.36478174337e-19, 4.41368323716e-19, 7.11468488012e-19, 6.33631567853e-19, 1.70177335666e-18, 1.48643715011e-18, 2.50510552497e-18, 2.01857484587e-18, 3.59357822417e-18, 6.2037499558e-18, 6.62808988773e-18, 4.56483632863e-18, 4.58096180109e-18, 1.29387624503e-17, 8.80159959144e-18, 8.37824359085e-18, 1.34714378134e-17, 1.38931105015e-17, 1.31247349859e-17, 1.49313611366e-17, 1.61949903645e-17, 1.41361378198e-17, 1.68528818472e-17, 1.513384337e-17, 1.31032770936e-17, 1.4823809459e-17, 6.19227654711e-18, 5.12900618003e-18, 3.7263870346e-18, 1.28851485321e-18, 2.81610072327e-19, 3.42144907313e-20], "max": [0.905312299728, 5.85540771484, 51.4466629028, 134.630020142, 165.274276733, 122.58908844, 111.037162781, 230.270187378, 206.581161499, 278.316772461, 568.042907715, 639.273620605, 421.181518555, 482.242828369, 917.461975098, 1511.8939209, 1120.38842773, 598.894714355, 1577.57421875, 1676.98278809, 1316.82043457, 1201.76818848, 1443.77746582, 612.539978027, 1163.86669922, 544.510742188, 262.04776001, 213.21472168, 576.458862305, 323.967498779, 470.285369873, 102.833251953, 183.455169678, 36.4768409729, 29.6740531921, 1.48799240589, 0.0987539291382, 0.0121351117268, 0.00213777320459, 0.000215786625631], "dvar2": [0.00500580342487, 0.386334985495, 31.3652591705, 404.195373535, 263.533538818, 162.958557129, 126.436416626, 593.90435791, 732.618469238, 210.86277771, 682.497375488, 917.475830078, 443.62588501, 933.570007324, 2837.0925293, 2745.16967773, 1515.03320313, 1390.83081055, 6561.01074219, 7400.02392578, 8233.87207031, 4552.87304688, 2578.02978516, 874.330566406, 1627.22644043, 713.191650391, 79.3071212769, 210.06590271, 1333.43969727, 159.634262085, 782.257263184, 26.2895774841, 21.0850772858, 1.50043773651, 1.03545689583, 0.00435026595369, 5.30032120878e-05, 8.0132980429e-07, 1.19707888047e-08, 3.05717090532e-10], "median": [0.0120874522254, 0.221682786942, 1.77957129478, 4.85661411285, 4.16225337982, 1.88214433193, 1.69239342213, 1.9784860611, 1.60150432587, 1.6606669426, 3.30065107346, 5.40220737457, 5.96640348434, 6.95852661133, 5.36445522308, 5.54144954681, 6.22206878662, 8.51073360443, 21.6262779236, 28.9653625488, 27.899148941, 23.3246440887, 25.5845355988, 17.8078365326, 14.7406616211, 7.16002321243, 2.2333817482, 3.05415773392, 4.76880264282, 2.27680015564, 1.4897633791, 0.629032611847, 0.319203734398, 0.182038187981, 0.0777587220073, 0.0147381955758, 0.00203338172287, 0.000247097224928, 3.93261871068e-05, 3.06420006382e-05], "dmean2": [0.0387991704047, 0.42536342144, 3.3100540638, 10.0336847305, 8.47645950317, 6.03965377808, 4.92764472961, 7.40244054794, 8.59165000916, 5.57368087769, 10.9283599854, 13.0692987442, 10.930934906, 14.4250707626, 18.625005722, 15.4595546722, 14.0217084885, 17.2850990295, 36.7038383484, 44.1748199463, 45.0163803101, 35.270904541, 31.8851833344, 17.755153656, 17.7048873901, 14.7166891098, 4.34312152863, 7.13496780396, 12.0227117538, 4.90977954865, 6.5566163063, 1.65873122215, 0.970948219299, 0.40262940526, 0.202217832208, 0.0277217403054, 0.00367248686962, 0.000446250633104, 4.72079882456e-05, 1.33125486173e-05], "dmean": [0.0280184075236, 0.249957025051, 1.90963947773, 5.92543935776, 5.02868890762, 3.46634435654, 3.02239441872, 4.48547172546, 4.94916629791, 3.34165358543, 6.75400018692, 8.20606899261, 6.893866539, 9.09469509125, 11.7102899551, 9.90013980865, 9.14224243164, 11.2331266403, 23.8538589478, 29.3865909576, 29.0566940308, 22.9602603912, 21.561788559, 12.1389198303, 12.2718067169, 10.155298233, 2.99817228317, 4.85144615173, 7.91273498535, 3.3023891449, 4.16255426407, 1.10141217709, 0.666719973087, 0.274856239557, 0.133465766907, 0.0187524724752, 0.00248719099909, 0.000296875979984, 3.19046630466e-05, 8.53806068335e-06], "var": [0.00684570521116, 0.288255721331, 23.7580471039, 171.654754639, 115.446731567, 52.0605735779, 61.1039810181, 182.491485596, 188.205368042, 190.571624756, 785.273498535, 934.656982422, 485.670349121, 796.939147949, 2439.27807617, 2361.73730469, 1802.64709473, 1538.15698242, 7737.11083984, 9928.66210938, 14968.3242188, 6218.24560547, 4962.33886719, 1682.74047852, 2349.4362793, 1582.6394043, 331.923736572, 389.58291626, 912.51739502, 160.011352539, 309.408416748, 22.5325679779, 19.0533771515, 1.49114990234, 0.527117729187, 0.00449224561453, 8.32291916595e-05, 1.20039419471e-06, 1.38946880668e-08, 3.64032443079e-10], "dvar": [0.00278385938145, 0.138573899865, 10.8700447083, 142.457351685, 95.928314209, 59.2008552551, 50.4041481018, 221.404190063, 263.115234375, 84.7265701294, 296.936737061, 407.288421631, 189.420730591, 379.507446289, 1177.24230957, 1068.38000488, 626.968505859, 605.626831055, 2646.60595703, 3538.0012207, 3398.54223633, 1937.90185547, 1340.99182129, 449.821563721, 854.87286377, 361.191925049, 34.2004966736, 96.4102020264, 569.39453125, 78.8348236084, 302.987884521, 11.4263086319, 8.98374080658, 0.657724797726, 0.451330900192, 0.00191435962915, 2.32613201661e-05, 3.63347737675e-07, 5.69317792909e-09, 1.26663318722e-10], "mean": [0.0431264862418, 0.420664876699, 3.661049366, 9.34805202484, 7.62721443176, 4.09798002243, 4.17674064636, 5.44373655319, 5.06362342834, 4.77049970627, 10.6666889191, 13.2857370377, 12.3484382629, 16.1604862213, 19.6637153625, 17.4501399994, 17.4257640839, 22.0610771179, 50.9516525269, 61.3520393372, 70.7405014038, 52.9777412415, 51.1194534302, 31.3022003174, 28.8965988159, 24.839963913, 8.79382038116, 11.4027662277, 14.981836319, 6.64648199081, 6.05703783035, 2.01917243004, 1.27194786072, 0.521306991577, 0.218245133758, 0.0399404093623, 0.0058830389753, 0.000706385297235, 8.39754939079e-05, 3.1020372262e-05]}, "spectral_contrast_coeffs": {"min": [-0.962545573711, -0.951990783215, -0.971579015255, -0.973407447338, -0.963742315769, -0.961164295673], "max": [-0.293253928423, -0.318207919598, -0.449889630079, -0.495795816183, -0.506545901299, -0.578274846077], "dvar2": [0.00621296837926, 0.00355266057886, 0.00214566849172, 0.00187540461775, 0.00112257839646, 0.000837184430566], "median": [-0.607829868793, -0.76978623867, -0.769388735294, -0.73449331522, -0.713667750359, -0.749934196472], "dmean2": [0.0928971618414, 0.0734426751733, 0.0594631768763, 0.0538236312568, 0.040826767683, 0.0314157605171], "dmean": [0.0557970628142, 0.0441650263965, 0.0366459302604, 0.0340083800256, 0.0271771810949, 0.0214032400399], "var": [0.00792286917567, 0.00419482495636, 0.00332009233534, 0.00390233052894, 0.0039628171362, 0.00368169415742], "dvar": [0.00233781104907, 0.00132293871138, 0.000841877714265, 0.000805678719189, 0.000556662969757, 0.000430913380114], "mean": [-0.614568710327, -0.762439131737, -0.763734817505, -0.73223221302, -0.714748680592, -0.753652691841]}, "dissonance": {"min": 0.296260118484, "max": 0.500000119209, "dvar2": 0.000381559191737, "median": 0.484416663647, "dmean2": 0.01938807033, "dmean": 0.011327506043, "var": 0.000282926106593, "dvar": 0.000142654243973, "mean": 0.480177253485}, "spectral_energyband_high": {"min": 7.39708363039e-21, "max": 0.0202302280813, "dvar2": 2.50340576713e-06, "median": 0.000445433397545, "dmean2": 0.000648836838081, "dmean": 0.00044740177691, "var": 2.79975802187e-06, "dvar": 1.10648363716e-06, "mean": 0.00109990674537}, "gfcc": {"mean": [-20.6850032806, 87.3104553223, -140.890838623, 50.5693473816, -40.8251190186, 15.1947631836, -39.8986968994, 10.9244804382, -21.1296653748, -11.4488286972, -22.5306224823, -8.75713348389, -11.231385231], "icov": [[0.000204005409614, -0.00025043945061, 0.000371989211999, -0.00059398409212, 0.000333771196892, -0.000252895260928, 0.00031368600321, -0.000195889806491, 0.000572945922613, -0.000159479255672, 0.000244636437856, -0.000125756167108, 8.26437099022e-05], [-0.00025043945061, 0.00318396603689, -0.00254423799925, 0.00296871061437, -0.00229558511637, 0.00231080735102, -0.00145752553362, 0.00272464263253, -0.00239533162676, 0.00280393916182, -0.00213261204772, 0.00203917338513, -0.000863102031872], [0.000371989211999, -0.00254423799925, 0.00407614838332, -0.00376219348982, 0.00192265142687, -0.00172629207373, 0.00146353361197, -0.00143034255598, 0.00150133681018, -0.00086768559413, 0.00102971482556, -0.000747373444028, 0.000637546705548], [-0.00059398409212, 0.00296871061437, -0.00376219348982, 0.00726128136739, -0.00277159223333, 0.00176463543903, -0.00190117163584, 0.00235693552531, -0.00279452535324, 0.00167746318039, 0.000570261792745, -0.000256445491686, -0.000837171683088], [0.000333771196892, -0.00229558511637, 0.00192265142687, -0.00277159223333, 0.00471788924187, -0.000481649272842, -0.000149325671373, -0.00311849173158, 0.00239225104451, -0.000334736832883, 0.000644207990263, 0.000125922320876, -0.000226499178098], [-0.000252895260928, 0.00231080735102, -0.00172629207373, 0.00176463543903, -0.000481649272842, 0.0078868214041, -0.00445319153368, 0.00461020274088, -0.00300471158698, 0.00278719654307, -0.00275402585976, 0.00140097516123, -0.00165125203785], [0.00031368600321, -0.00145752553362, 0.00146353361197, -0.00190117163584, -0.000149325671373, -0.00445319153368, 0.0102907763794, -0.0029994349461, 0.00348421395756, -0.00434660026804, 0.00230232998729, -0.00114158657379, 0.00243495334871], [-0.000195889806491, 0.00272464263253, -0.00143034255598, 0.00235693552531, -0.00311849173158, 0.00461020274088, -0.0029994349461, 0.0123445931822, -0.00680129276589, 0.00226486334577, -0.00415507191792, 0.00503857433796, -0.0036896164529], [0.000572945922613, -0.00239533162676, 0.00150133681018, -0.00279452535324, 0.00239225104451, -0.00300471158698, 0.00348421395756, -0.00680129276589, 0.0125097204, -0.00370110827498, 0.00437029870227, -0.00566589226946, 0.00329865049571], [-0.000159479255672, 0.00280393916182, -0.00086768559413, 0.00167746318039, -0.000334736832883, 0.00278719654307, -0.00434660026804, 0.00226486334577, -0.00370110827498, 0.0155101008713, -0.00574341602623, 0.00265984865837, -0.00210994505323], [0.000244636437856, -0.00213261204772, 0.00102971482556, 0.000570261792745, 0.000644207990263, -0.00275402585976, 0.00230232998729, -0.00415507191792, 0.00437029870227, -0.00574341602623, 0.0125483963639, -0.00398091739044, 0.00191877188627], [-0.000125756167108, 0.00203917338513, -0.000747373444028, -0.000256445491686, 0.000125922320876, 0.00140097516123, -0.00114158657379, 0.00503857433796, -0.00566589226946, 0.00265984865837, -0.00398091739044, 0.0146938599646, -0.00639539025724], [8.26437099022e-05, -0.000863102031872, 0.000637546705548, -0.000837171683088, -0.000226499178098, -0.00165125203785, 0.00243495334871, -0.0036896164529, 0.00329865049571, -0.00210994505323, 0.00191877188627, -0.00639539025724, 0.0130996508524]], "cov": [[8297.54785156, -992.268737793, -264.851959229, 677.292724609, -627.869689941, 281.858734131, -96.4253616333, -347.919799805, -222.889160156, -24.5568389893, -228.451766968, 178.23651123, 55.701007843], [-992.268737793, 1738.0222168, 477.222229004, -290.914825439, 563.535522461, -289.547210693, -29.9693775177, 66.2823257446, -44.7110404968, -162.76675415, 104.757659912, -218.521240234, -60.5454368591], [-264.851959229, 477.222229004, 727.196044922, 210.609237671, 25.5239429474, -1.36535084248, -37.9497756958, -51.3558616638, 33.4702148438, -82.6476516724, -42.986366272, -2.5406961441, -12.6440525055], [677.292724609, -290.914825439, 210.609237671, 436.480133057, -57.6992988586, 63.4147224426, 3.61166739464, -55.1710510254, 41.0092201233, -17.9714183807, -102.699356079, 80.8217163086, 26.2688140869], [-627.869689941, 563.535522461, 25.5239429474, -57.6992988586, 579.871948242, -156.137771606, 39.9662590027, 139.751296997, -42.6579246521, -44.3931922913, 41.3851089478, -115.589073181, -0.463206112385], [281.858734131, -289.547210693, -1.36535084248, 63.4147224426, -156.137771606, 270.417480469, 61.9572486877, -93.930480957, 3.90904927254, 16.0672035217, -10.1703176498, 54.9188041687, 6.58313512802], [-96.4253616333, -29.9693775177, -37.9497756958, 3.61166739464, 39.9662590027, 61.9572486877, 153.005249023, 10.3630962372, -21.6772899628, 30.5533409119, 5.58345651627, -14.9367809296, -14.0395374298], [-347.919799805, 66.2823257446, -51.3558616638, -55.1710510254, 139.751296997, -93.930480957, 10.3630962372, 193.694564819, 44.484916687, 14.8028764725, 34.5042457581, -43.9461860657, 13.4145431519], [-222.889160156, -44.7110404968, 33.4702148438, 41.0092201233, -42.6579246521, 3.90904927254, -21.6772899628, 44.484916687, 155.822906494, 11.0106611252, -22.0901947021, 42.9722862244, 2.51675486565], [-24.5568389893, -162.76675415, -82.6476516724, -17.9714183807, -44.3931922913, 16.0672035217, 30.5533409119, 14.8028764725, 11.0106611252, 107.569984436, 33.2862358093, 10.8593320847, 7.03195095062], [-228.451766968, 104.757659912, -42.986366272, -102.699356079, 41.3851089478, -10.1703176498, 5.58345651627, 34.5042457581, -22.0901947021, 33.2862358093, 136.330535889, -9.62865924835, -1.75950407982], [178.23651123, -218.521240234, -2.5406961441, 80.8217163086, -115.589073181, 54.9188041687, -14.9367809296, -43.9461860657, 42.9722862244, 10.8593320847, -9.62865924835, 143.518890381, 47.4952774048], [55.701007843, -60.5454368591, -12.6440525055, 26.2688140869, -0.463206112385, 6.58313512802, -14.0395374298, 13.4145431519, 2.51675486565, 7.03195095062, -1.75950407982, 47.4952774048, 105.445571899]]}, "spectral_flux": {"min": 7.04817870734e-11, "max": 0.249277696013, "dvar2": 0.00121235533152, "median": 0.0714332684875, "dmean2": 0.0332088954747, "dmean": 0.0212362464517, "var": 0.00152657635044, "dvar": 0.000565473805182, "mean": 0.0756697282195}, "silence_rate_30dB": {"min": 1, "max": 1, "dvar2": 0, "median": 1, "dmean2": 0, "dmean": 0, "var": 0, "dvar": 0, "mean": 1}, "spectral_energyband_middle_high": {"min": 1.36886860124e-21, "max": 0.0491019971669, "dvar2": 1.57054637384e-05, "median": 0.00512760458514, "dmean2": 0.00301504367962, "dmean": 0.0020959097892, "var": 4.57301321148e-05, "dvar": 7.62224908613e-06, "mean": 0.00730136409402}, "barkbands_spread": {"min": 1.24885201454, "max": 96.8408432007, "dvar2": 137.011169434, "median": 29.19140625, "dmean2": 10.7951755524, "dmean": 6.87630796432, "var": 206.545455933, "dvar": 58.5948944092, "mean": 29.2805500031}, "spectral_centroid": {"min": 179.040603638, "max": 11015.4414063, "dvar2": 299521.96875, "median": 1986.34533691, "dmean2": 454.791412354, "dmean": 302.599639893, "var": 635802.75, "dvar": 134922.1875, "mean": 1914.94287109}, "pitch_salience": {"min": 0.157661274076, "max": 0.848437488079, "dvar2": 0.0120573099703, "median": 0.527590274811, "dmean2": 0.119578719139, "dmean": 0.0728565901518, "var": 0.0121585214511, "dvar": 0.00447209458798, "mean": 0.526266336441}, "erbbands_skewness": {"min": -4.54330253601, "max": 3.17949748039, "dvar2": 0.349440991879, "median": -0.593634545803, "dmean2": 0.554818987846, "dmean": 0.364640444517, "var": 0.629961371422, "dvar": 0.150938227773, "mean": -0.574718594551}, "erbbands_crest": {"min": 2.77044963837, "max": 25.2516212463, "dvar2": 11.5128602982, "median": 7.98866844177, "dmean2": 3.62870693207, "dmean": 2.24119377136, "var": 12.6876764297, "dvar": 4.58639526367, "mean": 8.81496429443}, "melbands": {"min": [6.40765680901e-24, 1.03912402973e-23, 6.37253553822e-24, 8.89777435357e-24, 5.31032920174e-24, 3.76910837982e-24, 1.26622288485e-23, 5.5259801074e-24, 5.71937448591e-24, 3.96934652111e-24, 8.48269388904e-24, 6.12001485157e-24, 5.4062893977e-24, 5.73538599571e-24, 5.5628487051e-24, 6.41108717066e-24, 1.16556581106e-23, 9.06287820787e-24, 8.35335304389e-24, 5.92351472768e-24, 4.57342030916e-24, 1.21409306296e-23, 1.26226501191e-23, 6.33848514611e-24, 5.96165773017e-24, 7.20168002e-24, 1.03688358587e-23, 8.95379609962e-24, 6.87733985881e-24, 9.1798181596e-24, 7.65085584171e-24, 1.02043899144e-23, 7.37475531374e-24, 8.20856156904e-24, 8.45988555369e-24, 1.30022878521e-23, 7.77222445856e-24, 8.82525437055e-24, 1.04296649231e-23, 1.14622270501e-23], "max": [0.00647619506344, 0.01916202344, 0.0196962542832, 0.00891722366214, 0.0031706339214, 0.00498258927837, 0.00300890649669, 0.00476474920288, 0.00406369008124, 0.00347239966504, 0.00212678080425, 0.00222361204214, 0.00411905907094, 0.00525715155527, 0.00234078220092, 0.00134594738483, 0.00114859454334, 0.00277518248186, 0.00158987403847, 0.00137861154508, 0.00215886672959, 0.00125745532569, 0.00137003231794, 0.00107776583172, 0.00053501786897, 0.000875699683093, 0.000463922391646, 0.000356148637366, 0.000246407202212, 0.00010438789468, 0.000159765739227, 0.000394970295019, 0.000205289805308, 0.000154920358909, 0.00037999972119, 0.000144570381963, 8.71261072461e-05, 0.000163977179909, 6.80401135469e-05, 1.98486868612e-05], "dvar2": [3.29391355081e-07, 4.50316247225e-06, 9.5343166322e-06, 1.09836969386e-06, 1.29756642764e-07, 2.92886824127e-07, 1.47849419818e-07, 3.1999316974e-08, 4.46290435718e-08, 3.27920801624e-08, 1.18636975799e-08, 1.6322797336e-08, 5.34548547648e-08, 3.54208324893e-08, 7.21053927677e-09, 5.22881382636e-09, 5.86243231737e-09, 2.15125748326e-08, 1.31830377725e-08, 9.29147070394e-09, 1.70573848379e-08, 5.99961769154e-09, 4.64954252877e-09, 3.57398888262e-09, 5.900691602e-10, 1.27356136748e-09, 6.10619665942e-10, 3.41006639593e-10, 6.23795598509e-11, 2.2414958778e-11, 1.16644777171e-10, 6.14693185241e-10, 1.27284405238e-10, 3.83074683086e-11, 5.32347388393e-10, 2.70730191737e-11, 9.54303042838e-12, 1.57918157717e-11, 4.06873840175e-12, 6.35669034771e-13], "median": [0.000155622474267, 0.000742724863812, 0.000910269096494, 0.000217736334889, 6.35888209217e-05, 4.50734478363e-05, 2.40628996835e-05, 1.73964272108e-05, 3.20472681778e-05, 3.28738860844e-05, 2.79403902823e-05, 2.77354210994e-05, 1.56610458362e-05, 1.39248550113e-05, 1.13185587907e-05, 1.17025401778e-05, 1.40463407661e-05, 3.01264662994e-05, 3.29154172505e-05, 3.02827083942e-05, 3.05632311211e-05, 2.29989454965e-05, 1.69657323568e-05, 2.2952504878e-05, 1.12292800623e-05, 9.73015903583e-06, 8.55086727825e-06, 3.30981220031e-06, 1.13567602966e-06, 9.04788635125e-07, 1.80403810646e-06, 2.75453226095e-06, 1.58309228482e-06, 9.5538689493e-07, 8.71902955168e-07, 4.80777259781e-07, 2.71290787168e-07, 2.04602827125e-07, 1.76277382025e-07, 1.34283922648e-07], "dmean2": [0.000366735359421, 0.00130178441759, 0.00159836839885, 0.000511551159434, 0.000167861653608, 0.00016849268286, 0.000124075522763, 6.30492650089e-05, 9.75412112894e-05, 7.9292585724e-05, 5.6290813518e-05, 6.05181048741e-05, 7.10764288669e-05, 5.57953680982e-05, 2.90786756523e-05, 3.10475370497e-05, 3.56984892278e-05, 6.37270277366e-05, 6.14806413068e-05, 5.14001767442e-05, 6.05413879384e-05, 3.99128111894e-05, 3.31787996402e-05, 3.61485763278e-05, 1.34122219606e-05, 1.34707324833e-05, 1.35895343192e-05, 9.73253918346e-06, 3.43188253282e-06, 2.36850837609e-06, 5.18193155585e-06, 8.12260805105e-06, 4.00548515245e-06, 2.51910205407e-06, 5.01919294038e-06, 1.5691673525e-06, 8.83246173089e-07, 7.66273558384e-07, 5.31777175183e-07, 2.94996084449e-07], "dmean": [0.00024263272644, 0.000751181156375, 0.000954443239607, 0.000296489044558, 0.000102974656329, 0.000103027341538, 7.17230504961e-05, 3.78409640689e-05, 6.04132910667e-05, 4.96074826515e-05, 3.54543626599e-05, 3.81165409635e-05, 4.4681775762e-05, 3.52173119609e-05, 1.88942776731e-05, 1.99782789423e-05, 2.30670830206e-05, 4.1356888687e-05, 4.04092497774e-05, 3.45021908288e-05, 3.90071218135e-05, 2.57040719589e-05, 2.17317265196e-05, 2.42560763581e-05, 9.15703913051e-06, 9.14786778594e-06, 9.39349047258e-06, 6.6501334004e-06, 2.29312558986e-06, 1.62270259807e-06, 3.4707843497e-06, 5.31729347131e-06, 2.62465550804e-06, 1.69017778262e-06, 3.14674639412e-06, 1.02188528217e-06, 5.78144693009e-07, 5.15379952049e-07, 3.64562481536e-07, 1.9772788562e-07], "var": [3.80897461127e-07, 3.41023860528e-06, 4.48842138212e-06, 3.66187862255e-07, 6.34191366089e-08, 9.62086161849e-08, 3.88911516325e-08, 2.650141262e-08, 5.06732718009e-08, 3.08662002624e-08, 1.27530492833e-08, 1.36209443724e-08, 4.31687929847e-08, 3.61234526736e-08, 7.13648962147e-09, 6.52877085727e-09, 6.50363185528e-09, 2.26108820556e-08, 1.79517112286e-08, 1.28701387325e-08, 2.92511277422e-08, 6.92516222145e-09, 5.97869576069e-09, 5.65874369585e-09, 1.03498365434e-09, 1.6619219334e-09, 1.03989494793e-09, 7.13408943032e-10, 2.32209446116e-10, 5.30159631473e-11, 1.93495039436e-10, 4.19109136285e-10, 1.01703326316e-10, 4.21964442554e-11, 1.95438554229e-10, 1.74920963131e-11, 7.77967881088e-12, 1.26168311909e-11, 4.26553323912e-12, 5.83709350386e-13], "dvar": [1.57099449893e-07, 1.56048440658e-06, 3.39921643899e-06, 3.9787556716e-07, 5.15750606667e-08, 1.10753319404e-07, 5.31664419157e-08, 1.24960788384e-08, 1.95097094036e-08, 1.42175107243e-08, 5.01097874306e-09, 6.54516352228e-09, 2.21894396191e-08, 1.40615394884e-08, 3.01345370879e-09, 2.24100493718e-09, 2.61958854608e-09, 8.60625259946e-09, 5.81219428142e-09, 4.50226211868e-09, 6.96491264662e-09, 2.49807019514e-09, 2.14230433393e-09, 1.74689640531e-09, 3.02994240808e-10, 6.56237009178e-10, 3.06545233641e-10, 1.70791381038e-10, 2.66505047197e-11, 1.05142049581e-11, 5.2328873873e-11, 2.60803351138e-10, 5.82220938128e-11, 1.93010642191e-11, 2.03807359878e-10, 1.13307930746e-11, 4.00799966133e-12, 6.53170790024e-12, 1.78651364535e-12, 2.78869104458e-13], "mean": [0.000393209338654, 0.00143336155452, 0.00161113229115, 0.00039993156679, 0.000145040496136, 0.000126681305119, 7.52164924052e-05, 5.45539078303e-05, 9.61806072155e-05, 7.86880627857e-05, 6.15036333329e-05, 6.56683187117e-05, 6.98641742929e-05, 5.86506976106e-05, 3.40158730978e-05, 3.60007179552e-05, 4.18651179643e-05, 8.12906437204e-05, 8.24894814286e-05, 6.85051054461e-05, 8.94718832569e-05, 5.38534477528e-05, 4.54038708995e-05, 5.16307773069e-05, 2.12407921936e-05, 2.02663941309e-05, 2.08320107049e-05, 1.54321714945e-05, 6.05929471931e-06, 3.90606510337e-06, 7.57298948884e-06, 9.80356981017e-06, 4.84228894493e-06, 3.2218601973e-06, 4.20244077759e-06, 1.72558225131e-06, 1.00598492736e-06, 9.36242713578e-07, 6.69632697736e-07, 3.5614442595e-07]}, "barkbands_skewness": {"min": -3.48036384583, "max": 9.26529407501, "dvar2": 1.15263354778, "median": 0.647452056408, "dmean2": 0.922616899014, "dmean": 0.591478466988, "var": 2.29620289803, "dvar": 0.46599984169, "mean": 0.92049497366}, "spectral_entropy": {"min": 5.67404317856, "max": 9.81600570679, "dvar2": 0.0578129068017, "median": 7.52035474777, "dmean2": 0.229379236698, "dmean": 0.157475039363, "var": 0.199436306953, "dvar": 0.0272827334702, "mean": 7.44491291046}, "spectral_rolloff": {"min": 64.599609375, "max": 19573.6816406, "dvar2": 1880844.75, "median": 2347.11914063, "dmean2": 980.157104492, "dmean": 589.320800781, "var": 2279727.25, "dvar": 826260.3125, "mean": 2297.73779297}, "barkbands": {"min": [4.24715414408e-24, 2.05629910918e-23, 2.52288225117e-23, 1.14016575209e-23, 3.74346716607e-23, 1.90870875584e-23, 5.58688332473e-23, 3.25441505669e-23, 2.73832994626e-23, 5.35625763028e-23, 1.71378248834e-23, 5.09942723873e-23, 7.25566745154e-23, 9.82012866776e-23, 1.22398963856e-22, 9.32316396795e-23, 2.132542705e-22, 1.45039827194e-22, 1.61593006751e-22, 2.60614248075e-22, 3.2605279714e-22, 4.40015556258e-22, 6.00813732004e-22, 7.5776665891e-22, 1.05142905447e-21, 1.85880206389e-21, 2.26257424521e-21], "max": [0.00187007780187, 0.0205109957606, 0.0493735484779, 0.0508775785565, 0.0319328792393, 0.0265975818038, 0.0131550552323, 0.0305948518217, 0.0225387979299, 0.0149353481829, 0.0260714683682, 0.0354361385107, 0.0236052554101, 0.0184383820742, 0.0242844037712, 0.0202235002071, 0.0197287257761, 0.0201642885804, 0.0164528992027, 0.00999821629375, 0.00403665564954, 0.0113895386457, 0.0113283516839, 0.00775699876249, 0.00268000271171, 0.000103783546365, 1.16695109682e-05], "dvar2": [4.17375751738e-08, 5.47551690033e-06, 4.64373770228e-05, 5.89267583564e-05, 1.46761367432e-05, 7.00592318026e-06, 2.33576633946e-06, 1.35017285174e-06, 1.51476046995e-06, 7.58115618282e-07, 2.3603581667e-06, 1.89315790067e-06, 7.28502982383e-07, 1.26257191368e-06, 2.88535852633e-06, 2.51108144766e-06, 1.98297084353e-06, 8.48337776915e-07, 5.32676722287e-07, 3.00423067756e-07, 5.45021201503e-08, 5.96032236899e-07, 4.91876221531e-07, 4.8689443588e-08, 1.26160895064e-08, 3.66091601478e-11, 3.36913954851e-13], "median": [4.67846475658e-05, 0.000713308574632, 0.00184442847967, 0.00173354346771, 0.000644599087536, 0.000248630705755, 0.000103849743027, 8.795112808e-05, 0.000245669682045, 0.000190352147911, 8.69310024427e-05, 0.000108838241431, 0.000116106435598, 0.000193620260688, 0.000476477667689, 0.00042846321594, 0.000400945602451, 0.000445457379101, 0.000265503942501, 0.000136069967994, 4.92899744131e-05, 0.000117456242151, 5.44227223145e-05, 2.25060048251e-05, 1.40576694321e-05, 1.66463166806e-06, 1.34811060093e-07], "dmean2": [0.00013003735512, 0.00159420724958, 0.00381423858926, 0.00391764147207, 0.00185972242616, 0.000865692039952, 0.000521790934727, 0.000402416480938, 0.000585737172514, 0.000422600423917, 0.000469659134978, 0.000416391325416, 0.000330157607095, 0.000529302691575, 0.000887020665687, 0.0008180240402, 0.000731146719772, 0.000596834346652, 0.00033872271888, 0.000305076653603, 0.000122078534332, 0.000277552782791, 0.000192791703739, 6.06279063504e-05, 3.09671304421e-05, 3.07815639644e-06, 2.46711948648e-07], "dmean": [8.04095980129e-05, 0.000986571772955, 0.00220059254207, 0.00234548933804, 0.00107160012703, 0.000534774211701, 0.000301804975607, 0.000246934505412, 0.000362538325135, 0.000269340816885, 0.000294997473247, 0.00026398562477, 0.00021212080901, 0.000337041041348, 0.000576202233788, 0.000533208367415, 0.000472874031402, 0.000401125580538, 0.000229607947404, 0.000207810575375, 8.35241371533e-05, 0.000183799580554, 0.000124521509861, 4.1324281483e-05, 2.06566201086e-05, 2.06805793823e-06, 1.64254231549e-07], "var": [2.80917245021e-08, 4.84915290144e-06, 2.76638311334e-05, 2.86330705421e-05, 4.65113407699e-06, 2.60846923084e-06, 7.54937389047e-07, 1.35915456667e-06, 1.47581965848e-06, 7.26896246306e-07, 1.93670462068e-06, 1.88871467799e-06, 8.55749135553e-07, 1.33579646899e-06, 3.62680452781e-06, 4.09539870816e-06, 2.34417143474e-06, 1.46566446801e-06, 7.69052860505e-07, 6.8239603479e-07, 1.24920035205e-07, 4.75122192256e-07, 2.36942042875e-07, 5.15907423448e-08, 8.08978661837e-09, 5.61099743057e-11, 3.8199844221e-13], "dvar": [1.58697144315e-08, 2.1997695967e-06, 1.61535099323e-05, 2.09905865631e-05, 5.32817102794e-06, 2.71522526418e-06, 8.47164074003e-07, 5.57685382319e-07, 6.45049624381e-07, 3.04947235463e-07, 9.80300114861e-07, 7.53255392283e-07, 3.02926423501e-07, 5.52479377802e-07, 1.2479738416e-06, 1.06194363525e-06, 8.52467735513e-07, 4.21433441034e-07, 2.72242061783e-07, 1.48633787944e-07, 2.54044287828e-08, 2.61232457888e-07, 1.97653548639e-07, 2.20099831694e-08, 5.37216093832e-09, 1.57674030082e-11, 1.5836675504e-13], "mean": [0.000109504282591, 0.00158707832452, 0.00387168116868, 0.00362280895934, 0.00130076240748, 0.000688622589223, 0.000332547235303, 0.000361474289093, 0.000579195504542, 0.000467422010843, 0.000442746299086, 0.000443935365183, 0.000380404584575, 0.000596177822445, 0.00116501387674, 0.00116252806038, 0.000960875011515, 0.000903561711311, 0.000527394760866, 0.000507755787112, 0.00020001672965, 0.000361237762263, 0.000199774265639, 7.95725427452e-05, 3.68248474842e-05, 4.73632780995e-06, 3.83055208886e-07]}, "melbands_flatness_db": {"min": 0.00431188708171, "max": 0.472712039948, "dvar2": 0.00199763081037, "median": 0.167603895068, "dmean2": 0.0425082184374, "dmean": 0.0281278304756, "var": 0.00671343458816, "dvar": 0.000849964329973, "mean": 0.184613540769}, "melbands_skewness": {"min": -1.87981975079, "max": 18.314332962, "dvar2": 2.39992046356, "median": 1.88239204884, "dmean2": 1.27256774902, "dmean": 0.80475538969, "var": 4.38873434067, "dvar": 0.963499248028, "mean": 2.35614156723}, "silence_rate_60dB": {"min": 0, "max": 1, "dvar2": 0.0283208079636, "median": 0, "dmean2": 0.0252731349319, "dmean": 0.0126349041238, "var": 0.0543205477297, "dvar": 0.0124755883589, "mean": 0.0576391629875}, "spectral_energyband_low": {"min": 5.53200132492e-23, "max": 0.0683525949717, "dvar2": 0.000119753523904, "median": 0.0048770327121, "dmean2": 0.0065481364727, "dmean": 0.0038427610416, "var": 7.15571150067e-05, "dvar": 4.18376657763e-05, "mean": 0.0076119620353}, "spectral_energyband_middle_low": {"min": 2.5584677666e-22, "max": 0.0675201788545, "dvar2": 0.000111932415166, "median": 0.00456782011315, "dmean2": 0.00629978952929, "dmean": 0.00380447972566, "var": 5.58517967875e-05, "dvar": 4.15581780544e-05, "mean": 0.00699300970882}, "melbands_kurtosis": {"min": -1.89935302734, "max": 464.271118164, "dvar2": 637.044921875, "median": 3.01340341568, "dmean2": 11.6218452454, "dmean": 7.11133527756, "var": 549.33770752, "dvar": 256.151580811, "mean": 11.541642189}, "spectral_decrease": {"min": -2.12425099733e-08, "max": 1.19349577727e-28, "dvar2": 1.2670353922e-17, "median": -4.75111594511e-09, "dmean2": 2.57822208027e-09, "dmean": 1.57029056425e-09, "var": 9.08173505923e-18, "dvar": 4.63184250774e-18, "mean": -4.94937912876e-09}, "erbbands_kurtosis": {"min": -1.92707705498, "max": 27.964006424, "dvar2": 5.17460536957, "median": 0.249931663275, "dmean2": 1.6370408535, "dmean": 1.04839587212, "var": 8.03960037231, "dvar": 2.24369120598, "mean": 1.12320137024}, "melbands_crest": {"min": 1.98072862625, "max": 33.0874633789, "dvar2": 27.7330150604, "median": 14.3873329163, "dmean2": 5.77799129486, "dmean": 3.51732611656, "var": 35.9013710022, "dvar": 10.4508161545, "mean": 14.9806966782}, "mfcc": {"mean": [-653.45501709, 107.888259888, -24.8510131836, 33.3031425476, 18.7935199738, 6.50067138672, -2.27026963234, 13.7634305954, 2.953977108, 4.33258056641, -1.69216275215, -13.1583414078, -3.41342592239], "icov": [[0.000200393886189, 5.46742994629e-05, 0.00013897754252, -0.000264578324277, 0.000279405794572, -0.000114356240374, 2.6132694984e-05, -4.00714611715e-07, 0.000184285803698, 0.000266975257546, 0.000223124938202, -3.26444642269e-05, 0.000203790055821], [5.46742994629e-05, 0.000857757229824, -0.00014380288485, -5.81795065955e-05, -0.000908363610506, 0.00047533531324, -0.000372515962226, -3.10154900944e-05, 0.000512841681484, 0.000251843215665, -0.000341488688719, 0.000567536335438, 0.000127548555611], [0.00013897754252, -0.00014380288485, 0.00183748512063, -0.00066672754474, 0.000537041167263, -0.000957435171586, 0.000913576048333, -0.000197939618374, 0.000627901754342, 0.000138469476951, 0.000528327247594, -0.000335186574375, 0.000203330506338], [-0.000264578324277, -5.81795065955e-05, -0.00066672754474, 0.0039243362844, -0.00194982893299, 4.2276638851e-05, -0.000213728053495, -0.000200276990654, -0.00161865539849, 2.98725644825e-05, 0.000417419010773, 0.000203145798878, -0.00100453279447], [0.000279405794572, -0.000908363610506, 0.000537041167263, -0.00194982893299, 0.00616718968377, 0.000893554417416, -0.000502792245243, -0.00147022574674, -0.000154114692123, -0.000285473215627, 0.00141257455107, 6.12794756307e-05, 0.000187855941476], [-0.000114356240374, 0.00047533531324, -0.000957435171586, 4.2276638851e-05, 0.000893554417416, 0.00472121499479, -0.00116984872147, -0.00137453281786, 9.55778814387e-05, 0.000829404743854, 0.000238113570958, 0.000473622756545, 0.000448568200227], [2.6132694984e-05, -0.000372515962226, 0.000913576048333, -0.000213728053495, -0.000502792245243, -0.00116984872147, 0.00547207612544, 0.00116157007869, 0.000660818303004, -0.00169196375646, 0.00012157621677, 0.000386077445, 0.00118897936773], [-4.00714611715e-07, -3.10154900944e-05, -0.000197939618374, -0.000200276990654, -0.00147022574674, -0.00137453281786, 0.00116157007869, 0.00922654848546, -0.00150144880172, -0.000121904246043, -0.00109583034646, 0.000116223316581, -0.00143277971074], [0.000184285803698, 0.000512841681484, 0.000627901754342, -0.00161865539849, -0.000154114692123, 9.55778814387e-05, 0.000660818303004, -0.00150144880172, 0.00827728956938, -0.000426628888818, 0.0014883375261, -0.00191002525389, 0.00141650764272], [0.000266975257546, 0.000251843215665, 0.000138469476951, 2.98725644825e-05, -0.000285473215627, 0.000829404743854, -0.00169196375646, -0.000121904246043, -0.000426628888818, 0.0101113207638, -0.0037930754479, 0.00232072430663, -0.00158156256657], [0.000223124938202, -0.000341488688719, 0.000528327247594, 0.000417419010773, 0.00141257455107, 0.000238113570958, 0.00012157621677, -0.00109583034646, 0.0014883375261, -0.0037930754479, 0.0109098451212, -0.000922613427974, 0.000577687809709], [-3.26444642269e-05, 0.000567536335438, -0.000335186574375, 0.000203145798878, 6.12794756307e-05, 0.000473622756545, 0.000386077445, 0.000116223316581, -0.00191002525389, 0.00232072430663, -0.000922613427974, 0.0126570938155, -0.00444594863802], [0.000203790055821, 0.000127548555611, 0.000203330506338, -0.00100453279447, 0.000187855941476, 0.000448568200227, 0.00118897936773, -0.00143277971074, 0.00141650764272, -0.00158156256657, 0.000577687809709, -0.00444594863802, 0.0157702490687]], "cov": [[7557.32861328, -1394.09118652, -10.3716945648, 233.35017395, -513.275146484, 439.589111328, -170.123321533, -41.0402870178, 20.5556373596, -380.721313477, -275.149139404, 97.4413070679, -71.1562805176], [-1394.09118652, 2201.29663086, -116.479469299, 117.258079529, 484.153961182, -322.618164063, 220.756958008, -0.877687931061, -117.362030029, 117.140304565, 86.1224594116, -146.403610229, -26.2716674805], [-10.3716945648, -116.479469299, 784.09979248, 92.3333129883, -73.4746627808, 172.612579346, -140.375152588, 42.9595375061, -6.07890176773, -74.4820861816, -56.0519180298, 35.2614631653, 12.3703584671], [233.35017395, 117.258079529, 92.3333129883, 408.615844727, 151.549331665, -6.66769886017, -10.5621099472, 44.6837539673, 80.0470275879, -24.7834701538, -55.7916183472, 9.99487113953, 19.3001308441], [-513.275146484, 484.153961182, -73.4746627808, 151.549331665, 346.818695068, -121.223495483, 61.8347930908, 37.0194625854, 22.1156349182, 37.8697395325, -8.41231441498, -29.1609306335, 5.23433256149], [439.589111328, -322.618164063, 172.612579346, -6.66769886017, -121.223495483, 328.385894775, -15.6847658157, 28.1439609528, 4.28949022293, -55.89686203, -33.9734382629, 13.4069652557, -10.8454504013], [-170.123321533, 220.756958008, -140.375152588, -10.5621099472, 61.8347930908, -15.6847658157, 262.753570557, -33.0302848816, -34.6902503967, 62.8278923035, 27.8117599487, -45.1254806519, -25.8750591278], [-41.0402870178, -0.877687931061, 42.9595375061, 44.6837539673, 37.0194625854, 28.1439609528, -33.0302848816, 132.081542969, 32.935508728, -3.42710518837, -0.418743669987, 9.96438407898, 15.6011238098], [20.5556373596, -117.362030029, -6.07890176773, 80.0470275879, 22.1156349182, 4.28949022293, -34.6902503967, 32.935508728, 164.050765991, -13.9987287521, -30.9963779449, 31.1265335083, 4.85452222824], [-380.721313477, 117.140304565, -74.4820861816, -24.7834701538, 37.8697395325, -55.89686203, 62.8278923035, -3.42710518837, -13.9987287521, 154.771728516, 64.044708252, -31.891204834, 4.88698196411], [-275.149139404, 86.1224594116, -56.0519180298, -55.7916183472, -8.41231441498, -33.9734382629, 27.8117599487, -0.418743669987, -30.9963779449, 64.044708252, 131.831085205, -11.4667358398, 0.104762852192], [97.4413070679, -146.403610229, 35.2614631653, 9.99487113953, -29.1609306335, 13.4069652557, -45.1254806519, 9.96438407898, 31.1265335083, -31.891204834, -11.4667358398, 107.450897217, 29.0989112854], [-71.1562805176, -26.2716674805, 12.3703584671, 19.3001308441, 5.23433256149, -10.8454504013, -25.8750591278, 15.6011238098, 4.85452222824, 4.88698196411, 0.104762852192, 29.0989112854, 77.4805831909]]}, "spectral_energy": {"min": 1.03595025551e-20, "max": 0.0813255012035, "dvar2": 0.000184680742677, "median": 0.0208111200482, "dmean2": 0.0101640662178, "dmean": 0.00624992419034, "var": 0.000147276528878, "dvar": 6.82315949234e-05, "mean": 0.0208940133452}, "melbands_spread": {"min": 0.962150752544, "max": 216.318450928, "dvar2": 455.715667725, "median": 36.9628601074, "dmean2": 17.7359313965, "dmean": 11.3559684753, "var": 793.686096191, "dvar": 194.657165527, "mean": 41.288684845}, "erbbands_flatness_db": {"min": 0.071000777185, "max": 0.368311703205, "dvar2": 0.000354166812031, "median": 0.180513143539, "dmean2": 0.0207194462419, "dmean": 0.0141841508448, "var": 0.00146808393765, "dvar": 0.0001707408519, "mean": 0.182103320956}, "spectral_contrast_valleys": {"min": [-27.227273941, -27.7134971619, -27.2174396515, -27.2931118011, -27.2089252472, -27.2554798126], "max": [-5.74867677689, -4.74338817596, -5.4222111702, -5.86863946915, -5.94621610641, -7.51034736633], "dvar2": [0.301650822163, 0.378275632858, 0.250588029623, 0.220974698663, 0.176087334752, 0.14659409225], "median": [-7.50118017197, -7.21818685532, -7.48424339294, -7.66765975952, -7.49341201782, -10.1086702347], "dmean2": [0.667053461075, 0.675084888935, 0.548585414886, 0.495761752129, 0.426532357931, 0.350455313921], "dmean": [0.400105446577, 0.421434283257, 0.351156413555, 0.326609611511, 0.300002634525, 0.275433510542], "var": [1.08998858929, 1.06492519379, 1.0153336525, 0.992296695709, 1.23371648788, 1.36756467819], "dvar": [0.115380898118, 0.169901251793, 0.123115032911, 0.110624879599, 0.0972823128104, 0.0930711999536], "mean": [-7.68261051178, -7.30469942093, -7.6161570549, -7.81625699997, -7.75924825668, -10.3892002106]}, "barkbands_flatness_db": {"min": 0.00722498167306, "max": 0.338124126196, "dvar2": 0.00110073213, "median": 0.118920095265, "dmean2": 0.0310429986566, "dmean": 0.0200842041522, "var": 0.00280528981239, "dvar": 0.000448322418379, "mean": 0.132646948099}, "zerocrossingrate": {"min": 0.00439453125, "max": 0.5078125, "dvar2": 0.00020985971787, "median": 0.07373046875, "dmean2": 0.0128398621455, "dmean": 0.0108078652993, "var": 0.00131948536728, "dvar": 0.000158399154316, "mean": 0.0743887722492}, "spectral_skewness": {"min": -0.151148825884, "max": 4.66568565369, "dvar2": 0.139199495316, "median": 1.35581672192, "dmean2": 0.378281712532, "dmean": 0.234561309218, "var": 0.226694405079, "dva