{"lowlevel": {"spectral_complexity": {"min": 0, "max": 50, "dvar2": 17.9829540253, "median": 21, "dmean2": 4.48447799683, "dmean": 3.12967395782, "var": 77.9542999268, "dvar": 10.0885763168, "mean": 20.3309764862}, "silence_rate_20dB": {"min": 1, "max": 1, "dvar2": 0, "median": 1, "dmean2": 0, "dmean": 0, "var": 0, "dvar": 0, "mean": 1}, "average_loudness": 0.706979930401, "erbbands_spread": {"min": 2.48004698753, "max": 174.219039917, "dvar2": 68.3419494629, "median": 23.9988079071, "dmean2": 7.53438854218, "dmean": 4.95829439163, "var": 191.050857544, "dvar": 30.9394874573, "mean": 25.9426879883}, "spectral_kurtosis": {"min": -1.25211048126, "max": 52.3073501587, "dvar2": 27.3839054108, "median": 6.04820156097, "dmean2": 4.36325788498, "dmean": 2.57926464081, "var": 19.1625804901, "dvar": 9.62749958038, "mean": 6.91149377823}, "barkbands_kurtosis": {"min": -1.83510863781, "max": 299.163482666, "dvar2": 170.570724487, "median": -0.086025416851, "dmean2": 2.32876014709, "dmean": 1.41676640511, "var": 75.8316650391, "dvar": 60.4529953003, "mean": 1.06168246269}, "spectral_strongpeak": {"min": 0, "max": 17.3474788666, "dvar2": 2.94951796532, "median": 1.04728198051, "dmean2": 1.28724181652, "dmean": 0.777770757675, "var": 3.21568465233, "dvar": 1.18804931641, "mean": 1.63424646854}, "spectral_spread": {"min": 1138767.5, "max": 42256508, "dvar2": 817502552064, "median": 2977844, "dmean2": 624170.625, "dmean": 445050, "var": 37064754069500.0, "dvar": 446905155584, "mean": 4211395.5}, "spectral_rms": {"min": 3.11155008009e-12, "max": 0.0120405424386, "dvar2": 6.20297441856e-07, "median": 0.00406854972243, "dmean2": 0.000710481021088, "dmean": 0.000504533411004, "var": 3.27913880938e-06, "dvar": 3.28040130171e-07, "mean": 0.00393720529974}, "dynamic_complexity": 3.85430979729, "erbbands": {"min": [4.78371974021e-23, 4.25585636849e-22, 1.50294173462e-21, 2.99572849436e-21, 8.32485231348e-21, 1.0983763808e-20, 3.36740251362e-20, 5.13754479068e-20, 1.02072362142e-19, 9.95597881067e-20, 2.30572847587e-19, 3.46909312545e-19, 5.07812020009e-19, 7.09485994578e-19, 7.86838807284e-19, 6.62456330658e-19, 1.14443901566e-18, 1.20144168603e-18, 1.82061087975e-18, 2.88111846359e-18, 3.49156534794e-18, 4.33026238257e-18, 4.52846643787e-18, 5.65573204664e-18, 6.19106844983e-18, 6.42106519197e-18, 7.77539849632e-18, 9.96445092375e-18, 8.81442998992e-18, 9.87280841086e-18, 9.90802893416e-18, 9.1127328255e-18, 7.76605880003e-18, 7.36108854292e-18, 5.78608495783e-18, 4.07890949138e-18, 2.3506456756e-18, 9.13856733039e-19, 2.38994321705e-19, 2.50622558568e-20], "max": [0.234298676252, 1.95276796818, 7.37079715729, 24.3017120361, 73.3818511963, 126.112640381, 371.711181641, 277.580200195, 2292.1940918, 975.59979248, 1480.3260498, 1251.95690918, 1047.85827637, 2035.1072998, 1648.69238281, 2028.38769531, 1167.3894043, 847.520935059, 2843.38085938, 1330.66992188, 1407.33752441, 629.712890625, 447.227478027, 296.551879883, 235.09161377, 123.777130127, 70.8431472778, 131.621505737, 160.48236084, 43.4851760864, 44.5454978943, 29.9079208374, 18.0268726349, 10.4025535583, 19.6849308014, 0.867208480835, 0.160678431392, 0.0448127165437, 0.0100708464161, 0.00108275131788], "dvar2": [0.000679926015437, 0.0272650010884, 0.552718997002, 6.74387407303, 31.7042999268, 115.51184845, 611.954833984, 485.066711426, 3136.89941406, 2862.55151367, 11331.5, 7767.31640625, 4927.29492188, 10736.6445313, 16101.9355469, 8383.02832031, 5295.91894531, 5607.9765625, 12728.6738281, 5819.52294922, 3961.1965332, 2403.46044922, 1653.28833008, 243.50340271, 283.105743408, 106.07233429, 18.6386642456, 42.4629402161, 222.819534302, 10.328543663, 13.0410013199, 2.17775821686, 0.777553975582, 0.639461696148, 1.24622106552, 0.00435176678002, 0.000178714923095, 1.34629081003e-05, 5.82165455398e-07, 4.46297221401e-09], "median": [0.00155494909268, 0.042683634907, 0.39415755868, 0.902481198311, 1.02669394016, 1.77046954632, 3.41527462006, 3.93274521828, 5.04309749603, 9.01021575928, 14.3820695877, 16.8342227936, 16.9566688538, 14.3356838226, 11.6431474686, 12.5525331497, 11.5084457397, 13.6527404785, 24.7750282288, 22.8302116394, 18.2905445099, 22.9016151428, 18.6184844971, 8.48661613464, 7.96697950363, 4.26365613937, 1.52295291424, 1.07124888897, 1.19439840317, 0.602901101112, 0.461715877056, 0.157057657838, 0.103955067694, 0.0899900943041, 0.0459970720112, 0.00579196540639, 0.000918635167181, 0.000156396214152, 3.60576777894e-05, 2.79752239294e-05], "dmean2": [0.0100141027942, 0.085832118988, 0.496658414602, 1.62224650383, 2.78294110298, 5.29157400131, 10.1922206879, 9.314868927, 13.5028896332, 22.460483551, 41.1600799561, 34.7751922607, 29.2967014313, 39.4052810669, 40.3278884888, 29.7196903229, 28.4404335022, 34.5639839172, 49.423664093, 37.9750328064, 29.5897388458, 29.0987815857, 25.6602344513, 9.19548511505, 9.56627845764, 6.35711956024, 2.20684862137, 2.49870967865, 5.2423825264, 1.30437028408, 1.46241819859, 0.451926231384, 0.289122164249, 0.29979300499, 0.359678596258, 0.0243038237095, 0.00488392869011, 0.0012543402845, 0.0002559927525, 2.60271735897e-05], "dmean": [0.00746337138116, 0.0539744868875, 0.291629970074, 0.969084858894, 1.68484306335, 3.28934288025, 6.64511346817, 6.1311378479, 8.71405982971, 14.247382164, 26.84532547, 22.9268531799, 18.8058605194, 25.645362854, 25.762254715, 19.1941452026, 18.2131080627, 21.6680774689, 32.0472564697, 24.990196228, 20.0605773926, 19.2294998169, 16.8878250122, 6.09114980698, 6.47098684311, 4.46668672562, 1.54150164127, 1.71858870983, 3.34223508835, 0.901550114155, 0.981148183346, 0.321717977524, 0.20545078814, 0.208796158433, 0.240105584264, 0.0171680431813, 0.00349540845491, 0.000882234075107, 0.000177216221346, 1.83316642506e-05], "var": [0.000658436911181, 0.019409911707, 0.653864443302, 4.60889482498, 23.5537147522, 108.382347107, 546.341674805, 546.174926758, 3079.14868164, 2227.85961914, 10067.8408203, 5816.21386719, 4638.35791016, 9962.30273438, 13495.3710938, 9730.12402344, 5084.06689453, 5525.48144531, 18092.3847656, 7132.16552734, 8562.3515625, 3618.62841797, 2462.57983398, 324.410980225, 400.603668213, 237.863357544, 22.8783187866, 28.7233104706, 99.2176742554, 8.10468673706, 8.36393547058, 1.68189573288, 0.556652486324, 0.449429661036, 0.615216016769, 0.00286761275493, 0.000129095249576, 8.70415533427e-06, 3.56716810757e-07, 3.09926284636e-09], "dvar": [0.000375023344532, 0.011404321529, 0.194119215012, 2.53134632111, 12.8330526352, 47.3678092957, 261.269470215, 217.259399414, 1292.75341797, 1212.71679688, 4847.97265625, 3463.60864258, 1945.22363281, 4474.546875, 6006.21972656, 3293.00952148, 2117.07861328, 2115.93115234, 5896.88134766, 2669.91821289, 1816.42578125, 1046.81677246, 705.258361816, 102.751998901, 125.174995422, 53.0078849792, 8.80126476288, 19.7611255646, 92.326789856, 5.11255836487, 5.81160306931, 1.08001446724, 0.348827660084, 0.289184898138, 0.535989940166, 0.0020169687923, 8.80320512806e-05, 6.50110450806e-06, 2.78017097344e-07, 2.11098472036e-09], "mean": [0.0107263801619, 0.094516992569, 0.671646118164, 1.64178752899, 2.3755698204, 5.33827495575, 12.0805263519, 11.9659194946, 16.9218101501, 23.5892314911, 44.5121040344, 38.2879180908, 38.6489982605, 47.8642997742, 47.1732788086, 37.8025627136, 34.1349754333, 42.8289718628, 67.2222595215, 51.8664970398, 49.0854644775, 44.9291496277, 39.3608665466, 15.1885900497, 14.7577915192, 11.2312898636, 3.30594325066, 2.68059206009, 4.14109897614, 1.4639788866, 1.40845441818, 0.480842202902, 0.345257878304, 0.322952002287, 0.292239814997, 0.0239167232066, 0.00461472803727, 0.00105602655094, 0.000207519493415, 3.95855859097e-05]}, "spectral_contrast_coeffs": {"min": [-0.981644511223, -0.984104931355, -0.977169394493, -0.972028851509, -0.969597578049, -0.968098759651], "max": [-0.306197822094, -0.314196765423, -0.425017774105, -0.514574825764, -0.552049160004, -0.630234599113], "dvar2": [0.00488749053329, 0.00391650106758, 0.00244618603028, 0.00173920264933, 0.000932628754526, 0.000576006656047], "median": [-0.621630012989, -0.730183899403, -0.7466173172, -0.745868325233, -0.742281198502, -0.757976233959], "dmean2": [0.0846556127071, 0.073834694922, 0.0595698468387, 0.0506683923304, 0.0363974682987, 0.0269001796842], "dmean": [0.0515945181251, 0.0459125824273, 0.0373006649315, 0.0318357609212, 0.02383027412, 0.0171537753195], "var": [0.0101941525936, 0.00808444805443, 0.00609114766121, 0.00508874328807, 0.00442777061835, 0.00215061102062], "dvar": [0.00186117668636, 0.00159873056691, 0.000985517632216, 0.000722480297554, 0.000446667778306, 0.00024593246053], "mean": [-0.624585032463, -0.727917551994, -0.742744326591, -0.744648218155, -0.745341539383, -0.764028429985]}, "dissonance": {"min": 0.24600161612, "max": 0.499999880791, "dvar2": 0.000798235705588, "median": 0.470280379057, "dmean2": 0.0276059694588, "dmean": 0.0165698044002, "var": 0.000618560530711, "dvar": 0.000293279095786, "mean": 0.465124547482}, "spectral_energyband_high": {"min": 6.93164994078e-21, "max": 0.00611397018656, "dvar2": 3.16702312375e-07, "median": 0.000164752447745, "dmean2": 0.000268135714578, "dmean": 0.000191818966414, "var": 2.93448067623e-07, "dvar": 1.576502342e-07, "mean": 0.000352229602868}, "gfcc": {"mean": [-60.9605293274, 100.886230469, -155.577774048, 14.8067970276, -53.567943573, 1.34094071388, -40.4503936768, 7.63494110107, -18.9577980042, -6.26751184464, -15.8891105652, -8.32680797577, -7.57190561295], "icov": [[0.000159217699547, -0.000195298111066, 0.000467168341856, -0.000424852740252, 0.00068681203993, -0.000288614275632, 0.000335426535457, -0.000349638285115, 0.000314787699608, -0.0001032665823, 0.000313770317007, -0.000172635787749, 9.55895375228e-05], [-0.000195298111066, 0.00132541486528, -0.000211603284697, 0.000672277237754, -0.0012755447533, 0.000115065580758, 4.45002151537e-05, 3.21168613482e-07, -0.00103034870699, 0.00149982597213, -0.00140735704917, 0.00167518889066, -0.000272580131423], [0.000467168341856, -0.000211603284697, 0.00251543382183, -0.00153753254563, 0.00152698869351, -0.00104995677248, 0.000391663430491, -0.000705002516042, 0.000141554919537, -0.000373430957552, 0.0015799344983, -0.00116716022603, 0.000496830733027], [-0.000424852740252, 0.000672277237754, -0.00153753254563, 0.0054494603537, -0.00306029594503, 0.000599779421464, 0.00116998143494, -0.00116826838348, -0.000595839053858, 0.00168823997956, -0.000278628023807, 0.000640749232844, -0.000774970219936], [0.00068681203993, -0.0012755447533, 0.00152698869351, -0.00306029594503, 0.00836210418493, -0.00109819776844, -0.00141464360058, -0.000941808859352, -0.00061153731076, -0.000318120990414, -0.000747703190427, -0.000248268566793, -0.00138017791323], [-0.000288614275632, 0.000115065580758, -0.00104995677248, 0.000599779421464, -0.00109819776844, 0.00668264552951, -0.00347295659594, 0.0014608562924, 0.00213275151327, -0.0029430447612, 0.0019144974649, -0.000731402134988, 0.000664180959575], [0.000335426535457, 4.45002151537e-05, 0.000391663430491, 0.00116998143494, -0.00141464360058, -0.00347295659594, 0.0104767465964, -0.00360984262079, -0.000295810052194, 0.00266568525694, -0.00332564115524, 0.00253129610792, 0.00122682983056], [-0.000349638285115, 3.21168613482e-07, -0.000705002516042, -0.00116826838348, -0.000941808859352, 0.0014608562924, -0.00360984262079, 0.010933146812, -0.00356789398938, -0.00163937022444, 0.00184561719652, -0.000426672690082, -0.000502980896272], [0.000314787699608, -0.00103034870699, 0.000141554919537, -0.000595839053858, -0.00061153731076, 0.00213275151327, -0.000295810052194, -0.00356789398938, 0.0154867582023, -0.00580565957353, 0.00276950444095, 0.000138500909088, -0.00029104022542], [-0.0001032665823, 0.00149982597213, -0.000373430957552, 0.00168823997956, -0.000318120990414, -0.0029430447612, 0.00266568525694, -0.00163937022444, -0.00580565957353, 0.0186556987464, -0.00586787704378, -0.00275761028752, 0.00363585725427], [0.000313770317007, -0.00140735704917, 0.0015799344983, -0.000278628023807, -0.000747703190427, 0.0019144974649, -0.00332564115524, 0.00184561719652, 0.00276950444095, -0.00586787704378, 0.0152971958742, -0.0042397971265, -0.000556940620299], [-0.000172635787749, 0.00167518889066, -0.00116716022603, 0.000640749232844, -0.000248268566793, -0.000731402134988, 0.00253129610792, -0.000426672690082, 0.000138500909088, -0.00275761028752, -0.0042397971265, 0.0161053426564, -0.00586557202041], [9.55895375228e-05, -0.000272580131423, 0.000496830733027, -0.000774970219936, -0.00138017791323, 0.000664180959575, 0.00122682983056, -0.000502980896272, -0.00029104022542, 0.00363585725427, -0.000556940620299, -0.00586557202041, 0.0156165072694]], "cov": [[41987.8710938, 2381.18383789, -5309.38818359, 576.215759277, -2320.07177734, -108.139289856, -1557.92858887, 160.85585022, -720.59979248, -374.125488281, -635.457580566, -273.976165771, -142.706893921], [2381.18383789, 1768.61047363, -635.174682617, -14.72219944, 189.978851318, -98.8317642212, 70.8103256226, 54.0557594299, 38.9091949463, -153.473068237, 84.5721893311, -215.278717041, 11.5582590103], [-5309.38818359, -635.174682617, 1383.19018555, 86.8704299927, 165.237991333, 102.876831055, 123.331619263, 19.6093463898, 89.0121307373, 77.1381530762, -29.8597602844, 99.9982833862, 3.0827357769], [576.215759277, -14.72219944, 86.8704299927, 318.228424072, 46.7718696594, -27.8775749207, -49.7269477844, 58.1126899719, 14.4015493393, -26.2810401917, -38.6129951477, 5.32586765289, 27.352432251], [-2320.07177734, 189.978851318, 165.237991333, 46.7718696594, 372.41973877, -1.36488461494, 152.409454346, 34.1873130798, 70.9140853882, -5.12379789352, 76.947517395, -20.6684780121, 34.1772117615], [-108.139289856, -98.8317642212, 102.876831055, -27.8775749207, -1.36488461494, 230.144729614, 62.1979408264, -12.2420339584, -25.7908687592, 32.9572486877, -12.3070774078, 11.4647693634, -25.1954860687], [-1557.92858887, 70.8103256226, 123.331619263, -49.7269477844, 152.409454346, 62.1979408264, 225.44229126, 31.9079799652, 32.9471740723, 0.401907235384, 54.4129180908, -32.5465240479, -11.2412433624], [160.85585022, 54.0557594299, 19.6093463898, 58.1126899719, 34.1873130798, -12.2420339584, 31.9079799652, 135.51473999, 41.4478912354, 4.44214057922, -13.3604879379, -7.93569374084, 3.90012097359], [-720.59979248, 38.9091949463, 89.0121307373, 14.4015493393, 70.9140853882, -25.7908687592, 32.9471740723, 41.4478912354, 105.581687927, 23.1840267181, 7.2962603569, -3.37773060799, 4.64516353607], [-374.125488281, -153.473068237, 77.1381530762, -26.2810401917, -5.12379789352, 32.9572486877, 0.401907235384, 4.44214057922, 23.1840267181, 95.6459960938, 22.7183837891, 37.5535087585, -12.811126709], [-635.457580566, 84.5721893311, -29.8597602844, -38.6129951477, 76.947517395, -12.3070774078, 54.4129180908, -13.3604879379, 7.2962603569, 22.7183837891, 119.287483215, 14.9951982498, 11.751745224], [-273.976165771, -215.278717041, 99.9982833862, 5.32586765289, -20.6684780121, 11.4647693634, -32.5465240479, -7.93569374084, -3.37773060799, 37.5535087585, 14.9951982498, 114.987602234, 29.9073047638], [-142.706893921, 11.5582590103, 3.0827357769, 27.352432251, 34.1772117615, -25.1954860687, -11.2412433624, 3.90012097359, 4.64516353607, -12.811126709, 11.751745224, 29.9073047638, 86.1918182373]]}, "spectral_flux": {"min": 6.4036512204e-11, "max": 0.247522860765, "dvar2": 0.000733585271519, "median": 0.0651120021939, "dmean2": 0.0265052169561, "dmean": 0.0175327435136, "var": 0.00162584893405, "dvar": 0.000337295001373, "mean": 0.0695433989167}, "silence_rate_30dB": {"min": 0, "max": 1, "dvar2": 0.000479214941151, "median": 1, "dmean2": 0.000479443842778, "dmean": 0.000239693195908, "var": 0.00035937994835, "dvar": 0.000239629196585, "mean": 0.999640524387}, "spectral_energyband_middle_high": {"min": 1.1050399911e-21, "max": 0.0743475183845, "dvar2": 3.5776211007e-05, "median": 0.00571425398812, "dmean2": 0.00359471421689, "dmean": 0.00251721218228, "var": 8.85736371856e-05, "dvar": 1.5370458641e-05, "mean": 0.00901772361249}, "barkbands_spread": {"min": 0.894994676113, "max": 111.621086121, "dvar2": 46.7355232239, "median": 18.9124507904, "dmean2": 6.04084825516, "dmean": 3.97803020477, "var": 83.6780776978, "dvar": 20.8449306488, "mean": 20.3138980865}, "spectral_centroid": {"min": 254.130187988, "max": 11778.2773438, "dvar2": 147419, "median": 1568.38427734, "dmean2": 315.272003174, "dmean": 210.34286499, "var": 2541099.75, "dvar": 70636.09375, "mean": 1793.51098633}, "pitch_salience": {"min": 0.0609836131334, "max": 0.949675500393, "dvar2": 0.00715992134064, "median": 0.608315467834, "dmean2": 0.0966665148735, "dmean": 0.0597808249295, "var": 0.0100646531209, "dvar": 0.00279635493644, "mean": 0.602716267109}, "erbbands_skewness": {"min": -2.78856158257, "max": 5.12111282349, "dvar2": 0.220692932606, "median": -0.0196213889867, "dmean2": 0.499892264605, "dmean": 0.327618688345, "var": 0.531460046768, "dvar": 0.0922566279769, "mean": -0.0601390972733}, "erbbands_crest": {"min": 2.06933903694, "max": 30.814825058, "dvar2": 13.7687988281, "median": 8.29477882385, "dmean2": 3.91883683205, "dmean": 2.40863752365, "var": 15.4659080505, "dvar": 5.51259994507, "mean": 9.06941509247}, "melbands": {"min": [9.65593160907e-25, 8.50284080492e-25, 7.81868688676e-25, 7.41907115281e-25, 1.51009897732e-24, 1.14899553137e-24, 1.30958256534e-24, 9.11247349855e-25, 1.98684558627e-24, 2.22546141618e-24, 2.0617928943e-24, 2.25246688597e-24, 2.67666658257e-24, 1.04015461734e-24, 2.82810302725e-24, 2.16934480961e-24, 1.89123189747e-24, 2.07027807941e-24, 2.84255476182e-24, 3.56071893879e-24, 3.1188860316e-24, 3.48503522911e-24, 3.7795489539e-24, 4.18526169517e-24, 3.7834916807e-24, 3.98487958677e-24, 4.02573193203e-24, 4.02380040611e-24, 3.20175705298e-24, 4.14071432543e-24, 5.00142902063e-24, 4.27786568241e-24, 4.69983526922e-24, 4.91311012583e-24, 4.68610238415e-24, 5.63227595894e-24, 4.51175978536e-24, 4.87626519396e-24, 6.2258003101e-24, 5.57881958856e-24], "max": [0.00230590207502, 0.00303710834123, 0.00502013461664, 0.00721998792142, 0.00996649824083, 0.00755479745567, 0.031264513731, 0.0158626344055, 0.0116565879434, 0.00704694632441, 0.00537303835154, 0.00750897079706, 0.00668172212318, 0.00849234405905, 0.00326861767098, 0.00264508510008, 0.00187656015623, 0.0057196659036, 0.00206097145565, 0.00117918569595, 0.0020856235642, 0.000624831300229, 0.00046655620099, 0.000374083319912, 0.000276931590633, 0.000218354485696, 0.000169675564393, 8.4543164121e-05, 5.15611573064e-05, 4.84513184347e-05, 8.40790817165e-05, 0.000107963154733, 3.40053520631e-05, 2.37057138293e-05, 3.13198943331e-05, 2.58679556282e-05, 2.01855345949e-05, 1.46441070683e-05, 8.92194384505e-06, 1.15746006486e-05], "dvar2": [4.6784844443e-08, 9.0432550337e-08, 2.56582779912e-07, 2.28449039241e-07, 5.77255946155e-07, 2.70930286206e-07, 5.56211318781e-07, 5.53150812266e-07, 7.11106281415e-07, 2.77193549891e-07, 1.2943802119e-07, 1.65253680962e-07, 2.4856166192e-07, 2.17729549945e-07, 5.41939364496e-08, 2.15151789718e-08, 2.84552950092e-08, 4.38160547844e-08, 2.49893776783e-08, 6.10831341064e-09, 6.77029010632e-09, 2.91468826852e-09, 1.90399229716e-09, 1.45886869252e-09, 1.84425266725e-10, 2.05686218058e-10, 1.69222982849e-10, 5.02139302361e-11, 9.79071337892e-12, 8.67453765069e-12, 1.74172464645e-11, 1.19713336466e-10, 8.92773441979e-12, 2.75113850971e-12, 8.73765036019e-12, 1.21870937821e-12, 7.67116784591e-13, 5.01015949648e-13, 2.09956319908e-13, 6.89085019514e-13], "median": [2.57566061919e-05, 0.000166026336956, 0.000169999329955, 0.000101531637483, 0.000122706987895, 9.00621307665e-05, 6.79864897393e-05, 0.000103954291262, 0.000120186821732, 0.000106733234134, 7.91232087067e-05, 5.53801437491e-05, 3.70259367628e-05, 2.64893842541e-05, 2.99560906569e-05, 1.61976277013e-05, 2.36553860304e-05, 3.63628314517e-05, 3.36558914569e-05, 1.89736565517e-05, 1.99095502467e-05, 2.22959370149e-05, 2.04862899409e-05, 1.09425909613e-05, 5.08168568558e-06, 5.50424829271e-06, 4.07357856602e-06, 2.27189025281e-06, 8.87003182015e-07, 4.84259089717e-07, 5.64255060453e-07, 7.37250672955e-07, 3.48461526301e-07, 3.05514419097e-07, 3.02546538933e-07, 1.02939857527e-07, 7.56823794745e-08, 6.7562226036e-08, 6.29978700317e-08, 6.76055336157e-08], "dmean2": [9.01581151993e-05, 0.000202650757274, 0.000298818340525, 0.00025899746106, 0.000334620912326, 0.000217816093937, 0.000194433057914, 0.000309194991132, 0.00033222255297, 0.000218280241825, 0.000151452652062, 0.000165349396411, 0.000146271355334, 0.000116171941045, 8.42057124828e-05, 5.43610731256e-05, 7.46005098335e-05, 9.09103546292e-05, 7.53724743845e-05, 3.63517247024e-05, 3.81650970667e-05, 3.21009429172e-05, 2.66387851298e-05, 2.234913336e-05, 7.64673313824e-06, 7.55145219955e-06, 7.18378987585e-06, 4.21822460339e-06, 1.67161249465e-06, 1.20673200854e-06, 1.55314489803e-06, 3.82923644793e-06, 1.10584915092e-06, 6.82455151946e-07, 1.17437355129e-06, 3.32794087399e-07, 2.59945267089e-07, 2.1948206097e-07, 1.76447599642e-07, 2.94459596262e-07], "dmean": [6.40188809484e-05, 0.000119783682749, 0.000179851835128, 0.00016050854174, 0.000218338624109, 0.000143826415297, 0.000125021397253, 0.000196167689865, 0.00021742375975, 0.000143751865835, 9.72676207311e-05, 0.000107653671876, 9.34574127314e-05, 7.45418365113e-05, 5.29621684109e-05, 3.52204224328e-05, 4.65422090201e-05, 5.8847690525e-05, 4.86940916744e-05, 2.43027789111e-05, 2.59176740656e-05, 2.12122886296e-05, 1.74034466909e-05, 1.45195235746e-05, 4.89749800181e-06, 4.98580448038e-06, 4.88007481181e-06, 2.90963362204e-06, 1.1336917396e-06, 8.14280895156e-07, 1.04424645997e-06, 2.41067164097e-06, 7.3217637464e-07, 4.61647772454e-07, 7.74609588916e-07, 2.29335853419e-07, 1.83325454373e-07, 1.53738213271e-07, 1.23360123894e-07, 2.00664388217e-07], "var": [4.02183033543e-08, 9.95677140736e-08, 1.63957764698e-07, 2.21263334765e-07, 5.75017679694e-07, 2.91335737757e-07, 5.91704008457e-07, 4.77153037082e-07, 6.19586614903e-07, 2.11940545114e-07, 1.25784936245e-07, 1.58447576837e-07, 1.98502632998e-07, 2.13388958059e-07, 4.47017001193e-08, 1.98412486441e-08, 2.69088555882e-08, 6.34999111071e-08, 2.72751830011e-08, 7.39409511397e-09, 1.36664999317e-08, 3.91199428407e-09, 2.49472598135e-09, 1.8182175765e-09, 1.81978085378e-10, 2.1344316592e-10, 2.81368789379e-10, 1.00581397378e-10, 1.23068699329e-11, 6.15761911946e-12, 1.08734731288e-11, 5.19708789892e-11, 5.18973839597e-12, 2.04035746632e-12, 5.00226986569e-12, 8.717892944e-13, 5.65469817238e-13, 3.09921494935e-13, 2.00424773349e-13, 4.29021970944e-13], "dvar": [2.38391493212e-08, 3.22981144052e-08, 9.79343326435e-08, 9.45968210431e-08, 2.46027070716e-07, 1.19111376762e-07, 2.36734351233e-07, 2.39854131223e-07, 3.00395129216e-07, 1.23816505493e-07, 5.11012530069e-08, 6.91646988571e-08, 9.51281151629e-08, 8.07230762234e-08, 2.13492050705e-08, 8.55549497913e-09, 1.07467812427e-08, 2.07673185315e-08, 1.06957802615e-08, 2.73289368913e-09, 3.10778003332e-09, 1.27376642567e-09, 8.3837742304e-10, 6.09254924289e-10, 7.56514711986e-11, 8.62321186679e-11, 7.82009595968e-11, 2.42200755979e-11, 4.41034665385e-12, 4.04949337951e-12, 7.89918651323e-12, 4.93139071245e-11, 3.95898418215e-12, 1.33463552709e-12, 3.73279055235e-12, 5.90691937637e-13, 3.73797049086e-13, 2.17856670746e-13, 9.47880215616e-14, 3.05037462303e-13], "mean": [9.63503771345e-05, 0.000270421121968, 0.000300953543046, 0.000251748570008, 0.000407111831009, 0.000281747605186, 0.000239023851464, 0.000319401500747, 0.000360887905117, 0.000239797547692, 0.000196077788132, 0.000196731663891, 0.000165319157531, 0.000132652174216, 9.23288971535e-05, 6.09874005022e-05, 8.34934107843e-05, 0.000114029302495, 9.12059913389e-05, 4.87366196467e-05, 5.83219298278e-05, 4.50924853794e-05, 3.85475796065e-05, 3.0101477023e-05, 9.93686353468e-06, 1.01501300378e-05, 1.07540481622e-05, 6.75762248648e-06, 2.25298617806e-06, 1.25976737309e-06, 1.55429199822e-06, 2.87971215585e-06, 1.02792466805e-06, 7.3439832704e-07, 1.0590168813e-06, 3.30115511815e-07, 2.606590499e-07, 2.39233145294e-07, 2.23612332206e-07, 2.87563352686e-07]}, "barkbands_skewness": {"min": -3.35300445557, "max": 16.336933136, "dvar2": 0.607440710068, "median": 0.441421538591, "dmean2": 0.584390282631, "dmean": 0.378647387028, "var": 1.16068708897, "dvar": 0.237985119224, "mean": 0.487149775028}, "spectral_entropy": {"min": 5.64440393448, "max": 9.8244562149, "dvar2": 0.0443980246782, "median": 7.38480758667, "dmean2": 0.202261477709, "dmean": 0.146186098456, "var": 0.276527255774, "dvar": 0.0239970255643, "mean": 7.4563536644}, "spectral_rolloff": {"min": 21.533203125, "max": 19595.2148438, "dvar2": 853139.5, "median": 1851.85546875, "dmean2": 559.678344727, "dmean": 342.026885986, "var": 8033067.5, "dvar": 393634.84375, "mean": 2339.81616211}, "barkbands": {"min": [1.26455857569e-25, 2.38026590249e-24, 1.1652445869e-24, 3.4261851209e-25, 3.61612458447e-24, 5.33912656909e-24, 4.82904437461e-24, 7.64863362054e-24, 1.4274591119e-23, 1.21661489351e-23, 9.62870683594e-24, 8.03140313125e-24, 2.35736408712e-23, 2.77693806114e-23, 3.89353533151e-23, 4.67767474644e-23, 6.18866239529e-23, 8.43561467022e-23, 1.04352369633e-22, 1.18434514978e-22, 2.11233398187e-22, 2.86940568588e-22, 3.1208094717e-22, 5.31380694238e-22, 7.71239191481e-22, 1.21893625871e-21, 1.81640360489e-21], "max": [0.000405173981562, 0.00857211649418, 0.00892253965139, 0.012878132984, 0.0277763195336, 0.0556440651417, 0.130686461926, 0.0954220741987, 0.0624701231718, 0.0278393309563, 0.0601524934173, 0.0553644038737, 0.0273504070938, 0.0321715548635, 0.0305083040148, 0.0211103912443, 0.00957330223173, 0.006253445521, 0.00612256349996, 0.00305921258405, 0.00240711844526, 0.00301747978665, 0.00154029368423, 0.00113398290705, 0.00179158872925, 8.05921154097e-05, 7.21488686395e-05], "dvar2": [1.28815047518e-09, 5.6147905525e-07, 7.4267046557e-07, 1.73106548118e-06, 7.3160977081e-06, 9.04165335669e-06, 1.09428838186e-05, 2.59602402366e-05, 1.41923792398e-05, 5.2800451158e-06, 1.72515610757e-05, 1.08559033833e-05, 3.32229387823e-06, 3.97141593567e-06, 4.3381701289e-06, 1.29309103158e-06, 8.01755675184e-07, 4.40576457095e-07, 1.06399518529e-07, 5.90438737902e-08, 1.57328834405e-08, 8.67166534135e-08, 1.27643895453e-08, 3.34187677531e-09, 1.28367645402e-08, 5.63921236096e-11, 2.50347329672e-11], "median": [6.05348850513e-06, 0.000134764035465, 0.000410961947637, 0.000296947342576, 0.000492740189657, 0.0004762786848, 0.000316189340083, 0.000554052123334, 0.00084234867245, 0.000358512799721, 0.000227159122005, 0.000255457620369, 0.000255733320955, 0.000309544004267, 0.000461263989564, 0.000263747264398, 0.000376225449145, 0.000236158652115, 0.000148342121975, 8.84708424564e-05, 2.37015228777e-05, 2.93015255011e-05, 1.71194442373e-05, 6.37223138256e-06, 7.68506379245e-06, 6.21607625817e-07, 1.32702297151e-07], "dmean2": [2.36539308389e-05, 0.000352656294126, 0.000569536583498, 0.000745517958421, 0.00141492357943, 0.00121822988149, 0.000948201748542, 0.00201592198573, 0.00163312721997, 0.00101288431324, 0.00113031896763, 0.000913361320272, 0.000756439752877, 0.000936269585509, 0.000996131682768, 0.000542490975931, 0.000539229833521, 0.00041808388778, 0.000176795190782, 0.000144689751323, 5.04196032125e-05, 0.000108052583528, 4.63680335088e-05, 1.839700235e-05, 3.89003180317e-05, 2.86011254502e-06, 1.62163883033e-06], "dmean": [1.43117704283e-05, 0.000237578438828, 0.000335150398314, 0.000440081668785, 0.000889456889126, 0.000805793388281, 0.00060680200113, 0.00129559531342, 0.00107530155219, 0.00065262283897, 0.000719900825061, 0.000583985587582, 0.000482245988678, 0.000587316695601, 0.000640895217657, 0.000357131269993, 0.000355898577254, 0.000270764401648, 0.000117999399663, 0.000100048506283, 3.47803179466e-05, 7.02842226019e-05, 3.1309966289e-05, 1.31331971716e-05, 2.64812952082e-05, 2.04281514016e-06, 1.12535735752e-06], "var": [8.89806894833e-10, 4.44602108018e-07, 6.65733182359e-07, 9.46927514178e-07, 7.88430679677e-06, 9.29491670831e-06, 1.08588383227e-05, 2.34608723986e-05, 1.12798297778e-05, 5.76380580242e-06, 1.41063028423e-05, 1.04600167106e-05, 3.15857960231e-06, 4.20860351369e-06, 4.94331879963e-06, 2.31668900597e-06, 1.09555219296e-06, 5.80050652843e-07, 1.25421792063e-07, 1.19363647855e-07, 1.19237784091e-08, 4.39596021806e-08, 8.74092798142e-09, 2.54439758152e-09, 7.07050329396e-09, 4.27718936657e-11, 1.49593844256e-11], "dvar": [5.45080980352e-10, 2.63777735654e-07, 2.60418147491e-07, 6.58519240915e-07, 3.01270370073e-06, 4.0422719394e-06, 4.62151683678e-06, 1.13059986688e-05, 6.30959948467e-06, 2.13943644667e-06, 6.78874357618e-06, 4.07331708629e-06, 1.34005756536e-06, 1.58912746429e-06, 1.87376724625e-06, 5.63041453461e-07, 3.5360838524e-07, 1.85116931561e-07, 4.56533726378e-08, 2.87080474948e-08, 7.37064276279e-09, 3.72528319303e-08, 5.87392312568e-09, 1.61164093182e-09, 5.63392532626e-09, 2.79024060801e-11, 1.18394174672e-11], "mean": [1.7616448531e-05, 0.00037744018482, 0.000692301662639, 0.00062632188201, 0.00150945445057, 0.0015363675775, 0.00107731006574, 0.0020584310405, 0.00184399192221, 0.00121950404719, 0.00121682009194, 0.00102973706089, 0.000832905527204, 0.00107673020102, 0.00123765331227, 0.000790544901974, 0.000761625764426, 0.000581957749091, 0.00026299955789, 0.000242404756136, 5.82883512834e-05, 9.24663399928e-05, 4.68051948701e-05, 2.07876582863e-05, 3.55372176273e-05, 2.80905646832e-06, 1.2581132296e-06]}, "melbands_flatness_db": {"min": 0.00311239110306, "max": 0.430178165436, "dvar2": 0.000927117303945, "median": 0.16692148149, "dmean2": 0.0302641876042, "dmean": 0.0210400763899, "var": 0.00346547411755, "dvar": 0.000454831751995, "mean": 0.171571865678}, "melbands_skewness": {"min": -1.72764968872, "max": 29.0011634827, "dvar2": 1.13938331604, "median": 1.04463005066, "dmean2": 0.664666175842, "dmean": 0.427600294352, "var": 2.68141841888, "dvar": 0.43785738945, "mean": 1.19795048237}, "silence_rate_60dB": {"min": 0, "max": 1, "dvar2": 0.0408272594213, "median": 0, "dmean2": 0.0335610695183, "dmean": 0.0167785231024, "var": 0.0865818113089, "dvar": 0.0164971463382, "mean": 0.0957459583879}, "spectral_energyband_low": {"min": 1.99643608384e-23, "max": 0.0184348281473, "dvar2": 2.48001128966e-06, "median": 0.000946716463659, "dmean2": 0.00103484257124, "dmean": 0.000641143356916, "var": 2.39483802034e-06, "dvar": 9.77675426839e-07, "mean": 0.00144082959741}, "spectral_energyband_middle_low": {"min": 1.43177383395e-22, "max": 0.140680715442, "dvar2": 6.22339721303e-05, "median": 0.00611930480227, "dmean2": 0.00494085205719, "dmean": 0.00330532342196, "var": 8.46871698741e-05, "dvar": 2.73015120911e-05, "mean": 0.00893169641495}, "melbands_kurtosis": {"min": -1.74477291107, "max": 1049.42626953, "dvar2": 1805.26721191, "median": 1.03211939335, "dmean2": 5.68573570251, "dmean": 3.43349099159, "var": 1539.1796875, "dvar": 646.274169922, "mean": 5.02372407913}, "spectral_decrease": {"min": -3.76861173379e-08, "max": 2.27539085142e-18, "dvar2": 5.12577107665e-18, "median": -4.01272925998e-09, "dmean2": 1.67245017835e-09, "dmean": 1.14076392776e-09, "var": 1.24499963156e-17, "dvar": 2.33678274892e-18, "mean": -4.58589877184e-09}, "erbbands_kurtosis": {"min": -1.66189861298, "max": 27.4551582336, "dvar2": 2.3542971611, "median": -0.0111727239564, "dmean2": 1.16976749897, "dmean": 0.744013667107, "var": 2.4823589325, "dvar": 0.976654589176, "mean": 0.39181637764}, "melbands_crest": {"min": 1.53415238857, "max": 39.3004074097, "dvar2": 18.268491745, "median": 9.90444660187, "dmean2": 4.66151046753, "dmean": 2.85660862923, "var": 25.3602695465, "dvar": 7.06427574158, "mean": 10.8836565018}, "mfcc": {"mean": [-672.979248047, 130.795043945, -40.7152099609, 11.0184793472, -0.548101902008, -7.6626162529, -8.99070072174, 2.24979567528, -0.162242174149, 0.145868882537, -0.401942521334, -8.09499073029, -1.34128952026], "icov": [[0.000108125976112, -7.45453944546e-05, 8.62549422891e-05, -0.00015369222092, 0.000268386007519, -3.01431446132e-05, 0.000245966395596, -7.19308300177e-05, 1.1538821127e-05, 8.84478795342e-05, 8.56810002006e-05, 0.000262006564299, 7.82335628173e-05], [-7.45453944546e-05, 0.000756182824261, 0.000359195866622, 9.86262020888e-05, -0.00055898737628, 0.000298898696201, -0.000300769344904, -0.00043040284072, -2.06690037885e-05, -0.000143991026562, -0.0003613983572, -3.08403177769e-05, 4.97592809552e-05], [8.62549422891e-05, 0.000359195866622, 0.00225811521523, -0.000388207612559, 0.000254940910963, -0.00094639317831, 0.00080079655163, -0.000417124363594, -0.000805183139164, 0.000849168165587, -0.000351919152308, -0.000103712001874, 8.88023350853e-05], [-0.00015369222092, 9.86262020888e-05, -0.000388207612559, 0.00583839835599, -0.00366938230582, 0.00189325329848, 0.000547001953237, -0.00154241395649, 0.000170762883499, -0.00116668944247, 0.00144236825872, 1.97483786906e-05, -0.00131035922095], [0.000268386007519, -0.00055898737628, 0.000254940910963, -0.00366938230582, 0.00923561770469, -0.00186613202095, 7.05797574483e-05, 0.00104003201704, -0.00127795268781, -0.000262196495896, 0.00138864770997, -0.000522938207723, -0.00041228273767], [-3.01431446132e-05, 0.000298898696201, -0.00094639317831, 0.00189325329848, -0.00186613202095, 0.00802616029978, -0.00249367207289, -0.000299556850223, -7.47707308619e-05, 0.00146680185571, -0.0019808690995, 0.000877696205862, 0.000612847448792], [0.000245966395596, -0.000300769344904, 0.00080079655163, 0.000547001953237, 7.05797574483e-05, -0.00249367207289, 0.0097690243274, -0.00481127947569, 0.00237985281274, -0.00386215676554, 0.00135998346377, -0.000149351457367, 0.000890531344339], [-7.19308300177e-05, -0.00043040284072, -0.000417124363594, -0.00154241395649, 0.00104003201704, -0.000299556850223, -0.00481127947569, 0.0161684397608, -0.00512343505397, 8.16603424028e-05, -0.000929206493311, 0.000905988854356, -0.00311718136072], [1.1538821127e-05, -2.06690037885e-05, -0.000805183139164, 0.000170762883499, -0.00127795268781, -7.47707308619e-05, 0.00237985281274, -0.00512343505397, 0.011343434453, -0.00402087857947, 0.0023218812421, -0.00059084611712, -0.000597695354372], [8.84478795342e-05, -0.000143991026562, 0.000849168165587, -0.00116668944247, -0.000262196495896, 0.00146680185571, -0.00386215676554, 8.16603424028e-05, -0.00402087857947, 0.0152354734018, -0.0049642957747, -9.91093402263e-05, 0.00247752666473], [8.56810002006e-05, -0.0003613983572, -0.000351919152308, 0.00144236825872, 0.00138864770997, -0.0019808690995, 0.00135998346377, -0.000929206493311, 0.0023218812421, -0.0049642957747, 0.012534099631, -0.00186264235526, -0.00142255739775], [0.000262006564299, -3.08403177769e-05, -0.000103712001874, 1.97483786906e-05, -0.000522938207723, 0.000877696205862, -0.000149351457367, 0.000905988854356, -0.00059084611712, -9.91093402263e-05, -0.00186264235526, 0.0152078690007, -0.00491470936686], [7.82335628173e-05, 4.97592809552e-05, 8.88023350853e-05, -0.00131035922095, -0.00041228273767, 0.000612847448792, 0.000890531344339, -0.00311718136072, -0.000597695354372, 0.00247752666473, -0.00142255739775, -0.00491470936686, 0.0145896915346]], "cov": [[13341.7421875, 1230.82983398, -644.071533203, 224.261550903, -263.969726563, -272.772918701, -347.25881958, -34.3221588135, -68.4610214233, -135.666305542, -177.83770752, -294.076263428, -129.985626221], [1230.82983398, 1849.43444824, -414.723022461, 85.4701690674, 95.7515792847, -85.9999771118, 99.1726760864, 83.1069335938, 24.336479187, 88.6697769165, 23.4268684387, -11.8713684082, -0.460827410221], [-644.071533203, -414.723022461, 619.863098145, 5.19979572296, -1.03971838951, 73.7679824829, -57.8898239136, 3.39083456993, 42.2157592773, -45.8833351135, 6.3049788475, 17.5854492188, 18.751865387], [224.261550903, 85.4701690674, 5.19979572296, 310.296356201, 120.516853333, -72.2868423462, -24.4716663361, 36.2022323608, 48.7656288147, 15.477186203, -50.8666229248, 10.5455989838, 39.9761352539], [-263.969726563, 95.7515792847, -1.03971838951, 120.516853333, 178.765945435, -0.0195006597787, 9.0027179718, 17.6742744446, 37.2419509888, 15.246014595, -24.908624649, 15.3248405457, 21.8688907623], [-272.772918701, -85.9999771118, 73.7679824829, -72.2868423462, -0.0195006597787, 177.411392212, 47.6914672852, 5.94407606125, -8.4111328125, -4.05359840393, 30.7159118652, -5.75694942474, -12.8798017502], [-347.25881958, 99.1726760864, -57.8898239136, -24.4716663361, 9.0027179718, 47.6914672852, 174.841766357, 47.4757537842, -3.2458896637, 50.1627807617, 17.2054386139, 1.66209924221, -9.0129442215], [-34.3221588135, 83.1069335938, 3.39083456993, 36.2022323608, 17.6742744446, 5.94407606125, 47.4757537842, 99.1108856201, 46.0593299866, 24.8891811371, 4.22675466537, 4.94702863693, 21.3980140686], [-68.4610214233, 24.336479187, 42.2157592773, 48.7656288147, 37.2419509888, -8.4111328125, -3.2458896637, 46.0593299866, 130.950424194, 29.5011844635, -13.9878120422, 9.88288021088, 18.1719360352], [-135.666305542, 88.6697769165, -45.8833351135, 15.477186203, 15.246014595, -4.05359840393, 50.1627807617, 24.8891811371, 29.5011844635, 102.842666626, 29.7871646881, 5.2768034935, -6.62218379974], [-177.83770752, 23.4268684387, 6.3049788475, -50.8666229248, -24.908624649, 30.7159118652, 17.2054386139, 4.22675466537, -13.9878120422, 29.7871646881, 110.90927124, 15.1711397171, 4.41896533966], [-294.076263428, -11.8713684082, 17.5854492188, 10.5455989838, 15.3248405457, -5.75694942474, 1.66209924221, 4.94702863693, 9.88288021088, 5.2768034935, 15.1711397171, 84.612991333, 33.578830719], [-129.985626221, -0.460827410221, 18.751865387, 39.9761352539, 21.8688907623, -12.8798017502, -9.0129442215, 21.3980140686, 18.1719360352, -6.62218379974, 4.41896533966, 33.578830719, 92.6086578369]]}, "spectral_energy": {"min": 9.92378759079e-21, "max": 0.148599028587, "dvar2": 8.37748302729e-05, "median": 0.0169669240713, "dmean2": 0.00682100187987, "dmean": 0.00469273142517, "var": 0.000216477797949, "dvar": 3.87376312574e-05, "mean": 0.0192503351718}, "melbands_spread": {"min": 0.612108230591, "max": 250.099472046, "dvar2": 147.572860718, "median": 28.9720211029, "dmean2": 10.4493122101, "dmean": 6.82627344131, "var": 516.809143066, "dvar": 66.3251266479, "mean": 33.6130981445}, "erbbands_flatness_db": {"min": 0.0199109949172, "max": 0.40900605917, "dvar2": 0.000541977700777, "median": 0.206022918224, "dmean2": 0.0250062569976, "dmean": 0.0175508372486, "var": 0.0025395124685, "dvar": 0.000286717899144, "mean": 0.202845111489}, "spectral_contrast_valleys": {"min": [-28.2740249634, -28.0514755249, -27.9253387451, -27.7706203461, -27.6188869476, -27.4107685089], "max": [-6.06875753403, -4.80744171143, -5.27392959595, -5.40628671646, -5.90836000443, -8.09056472778], "dvar2": [0.329612106085, 0.238024786115, 0.187361568213, 0.158824086189, 0.158750548959, 0.231812134385], "median": [-8.19986343384, -6.65368843079, -7.12243556976, -7.43102264404, -7.65306425095, -10.7204866409], "dmean2": [0.698409497738, 0.558034777641, 0.48247769475, 0.422713309526, 0.380864858627, 0.421287357807], "dmean": [0.426497995853, 0.347707986832, 0.307744383812, 0.278124541044, 0.281956791878, 0.340323805809], "var": [10.2216472626, 11.8107051849, 11.2702617645, 10.9073467255, 10.7689199448, 8.1422624588], "dvar": [0.133886322379, 0.109711579978, 0.0914931446314, 0.0818778723478, 0.0925169810653, 0.144296944141], "mean": [-8.80299472809, -7.34498167038, -7.79015350342, -8.08106517792, -8.33071136475, -11.340886116]}, "barkbands_flatness_db": {"min": 0.0243778992444, "max": 0.368296742439, "dvar2": 0.000688256230205, "median": 0.126820623875, "dmean2": 0.0268931332976, "dmean": 0.0181685984135, "var": 0.00193161389325, "dvar": 0.000324321823427, "mean": 0.130267292261}, "zerocrossingrate": {"min": 0.00537109375, "max": 0.5341796875, "dvar2": 0.000151966145495, "median": 0.064453125, "dmean2": 0.0101001001894, "dmean": 0.00852227490395, "var": 0.00547610409558, "dvar": 0.000117630057503, "mean": 0.077340118587}, "spectral_skewness": {"min": -0.0849858522415, "max": 4.68538856506, "dvar2": 0