{"lowlevel": {"spectral_complexity": {"min": 0, "max": 59, "dvar2": 26.5340957642, "median": 20, "dmean2": 5.22691488266, "dmean": 3.73279261589, "var": 98.6045074463, "dvar": 16.7244968414, "mean": 20.489862442}, "silence_rate_20dB": {"min": 1, "max": 1, "dvar2": 0, "median": 1, "dmean2": 0, "dmean": 0, "var": 0, "dvar": 0, "mean": 1}, "average_loudness": 0.939683198929, "erbbands_spread": {"min": 2.81434392929, "max": 91.884803772, "dvar2": 59.1676292419, "median": 20.9336242676, "dmean2": 8.02521800995, "dmean": 5.28134536743, "var": 128.268112183, "dvar": 26.5697555542, "mean": 23.2672729492}, "spectral_kurtosis": {"min": -1.27558195591, "max": 141.239608765, "dvar2": 159.69670105, "median": 18.640422821, "dmean2": 8.73411846161, "dmean": 5.57271099091, "var": 161.308410645, "dvar": 59.6405754089, "mean": 21.253993988}, "barkbands_kurtosis": {"min": -1.66719853878, "max": 87.2715682983, "dvar2": 40.9322319031, "median": 2.45222568512, "dmean2": 3.83931112289, "dmean": 2.38707756996, "var": 32.2837867737, "dvar": 15.9452705383, "mean": 3.88853502274}, "spectral_strongpeak": {"min": 0, "max": 215.000793457, "dvar2": 1081.95483398, "median": 0.430537283421, "dmean2": 11.8079013824, "dmean": 6.50389671326, "var": 331.655578613, "dvar": 416.923583984, "mean": 5.11766624451}, "spectral_spread": {"min": 1258379.375, "max": 43750740, "dvar2": 905860939776, "median": 3246649.5, "dmean2": 723750.0625, "dmean": 451102.21875, "var": 39844977836000.0, "dvar": 392116699136, "mean": 4345250.5}, "spectral_rms": {"min": 3.08671599565e-12, "max": 0.0115386098623, "dvar2": 1.2499793911e-06, "median": 0.00575968809426, "dmean2": 0.00120200205129, "dmean": 0.000798745371867, "var": 4.47586398877e-06, "dvar": 5.49406877326e-07, "mean": 0.00548669416457}, "dynamic_complexity": 2.96552634239, "erbbands": {"min": [4.2527993116e-23, 3.74718194362e-22, 1.88664771789e-21, 2.93514821776e-21, 9.689423251e-21, 1.54759595716e-20, 5.97400953625e-20, 3.5042453288e-20, 8.62447716463e-20, 1.93411797342e-19, 2.10532277598e-19, 3.71955979601e-19, 3.84994077964e-19, 2.65596993042e-19, 7.72451344697e-19, 1.18388953381e-18, 1.25282904081e-18, 1.6861475013e-18, 2.28323583235e-18, 2.11168394998e-18, 2.54863507753e-18, 3.6147776225e-18, 4.99218637081e-18, 6.33686234151e-18, 4.87029179497e-18, 7.10841464428e-18, 8.58696111173e-18, 8.34976541672e-18, 1.13770851584e-17, 1.0054464718e-17, 1.04533742228e-17, 1.03761428505e-17, 8.86220876928e-18, 7.16756963861e-18, 5.53588350204e-18, 3.54922066382e-18, 2.38423810066e-18, 9.8444253625e-19, 2.273958278e-19, 2.38872910332e-20], "max": [1.72347319126, 15.3347482681, 35.3170661926, 90.2776412964, 119.495811462, 271.058776855, 935.95690918, 715.866333008, 617.505554199, 1320.62780762, 1982.35510254, 1499.40454102, 1227.14697266, 1240.99462891, 1410.94238281, 1806.98620605, 1274.07055664, 594.840881348, 618.740478516, 561.340820312, 428.472869873, 710.559997559, 1199.59289551, 360.026031494, 501.804718018, 349.387298584, 233.339599609, 142.297683716, 253.075149536, 14.2913303375, 5.4354839325, 1.68014609814, 0.627103030682, 0.422667860985, 0.262810051441, 0.146652922034, 0.146412268281, 0.755131840706, 0.44147118926, 0.092732809484], "dvar2": [0.0626832842827, 2.83322787285, 13.8746681213, 49.0914039612, 79.0303497314, 353.692596436, 1590.00842285, 1383.9543457, 2017.10449219, 7977.69091797, 6626.63085938, 4889.77734375, 10517.0859375, 13067.1845703, 10140.2001953, 9323.765625, 9194.29882812, 3297.38598633, 1986.57788086, 2620.22045898, 628.292175293, 1143.65344238, 10009.0654297, 586.45513916, 1183.96166992, 290.65133667, 125.253013611, 154.848770142, 359.563720703, 1.32112324238, 0.280954509974, 0.0189177244902, 0.00668773846701, 0.00307853519917, 0.00121785607189, 0.000397430121666, 0.000187358105904, 0.00340951094404, 0.00090581481345, 5.81503627473e-05], "median": [0.0998369082808, 0.857756972313, 1.3211774826, 1.55644035339, 2.1688785553, 4.16484928131, 7.10119247437, 9.17734718323, 10.779296875, 9.89588069916, 12.9400882721, 13.2938766479, 17.9618377686, 28.8484172821, 24.9700984955, 27.1051635742, 33.6373519897, 21.6577186584, 19.791009903, 14.4892654419, 7.09322929382, 4.57984447479, 6.15855932236, 3.79345655441, 3.50448083878, 1.61880970001, 1.27903914452, 1.39489650726, 0.910908102989, 0.167573556304, 0.0584319084883, 0.0248120874166, 0.01233214885, 0.00861669331789, 0.00598207395524, 0.00400558393449, 0.00394618604332, 0.00747159449384, 0.00850225239992, 0.0118469260633], "dmean2": [0.198804825544, 1.41051769257, 2.57892608643, 3.82441234589, 4.97233819962, 9.75955581665, 18.901927948, 18.4649410248, 24.0801391602, 29.8476753235, 33.3257484436, 32.5252380371, 49.634853363, 60.0826911926, 50.4447975159, 49.5236358643, 55.2359848022, 35.3829231262, 25.25689888, 28.9642181396, 12.885187149, 12.5266141891, 31.6214618683, 9.85609817505, 13.6243400574, 5.13527584076, 3.83876132965, 4.97795915604, 6.2083530426, 0.522325694561, 0.245009824634, 0.0876874998212, 0.0512570030987, 0.0351226106286, 0.02253324911, 0.0133394990116, 0.00936379469931, 0.0236386042088, 0.0146664138883, 0.00590314995497], "dmean": [0.114964731038, 0.812448859215, 1.50509250164, 2.34279823303, 3.03470873833, 5.94568586349, 11.9361410141, 11.5089492798, 15.2393255234, 19.1423625946, 21.3647651672, 20.467622757, 31.0206336975, 37.5028457642, 31.9089927673, 32.3680915833, 34.6793212891, 22.5829925537, 16.3821582794, 18.6384906769, 8.43300819397, 8.62961196899, 20.5024089813, 6.9590587616, 9.10857963562, 3.6542506218, 2.72919154167, 3.45340633392, 4.21668577194, 0.366644054651, 0.160690978169, 0.0534831397235, 0.0303555633873, 0.020808134228, 0.0133854690939, 0.00795839633793, 0.00596310431138, 0.016889045015, 0.0113043906167, 0.0044174217619], "var": [0.0373347364366, 2.03092169762, 7.12815284729, 28.0201797485, 52.0620002747, 216.64630127, 1316.34265137, 837.416870117, 2052.43896484, 5667.56005859, 6749.63085938, 4460.16210938, 9727.29394531, 10070.2353516, 7643.7109375, 9975.52929688, 6852.02734375, 2959.33569336, 2088.61279297, 2492.49658203, 538.683410645, 723.751281738, 4474.1640625, 524.730529785, 809.272155762, 226.683288574, 94.2026824951, 116.07762146, 207.797714233, 1.0196993351, 0.157147750258, 0.00899299699813, 0.00263975234702, 0.00122885615565, 0.000500342110172, 0.000171508872882, 0.000122932658996, 0.00257031014189, 0.00110372039489, 0.000121425437101], "dvar": [0.0223441887647, 1.00676178932, 5.23108673096, 20.0251197815, 31.5045928955, 139.259811401, 706.394470215, 546.333496094, 902.925476074, 3242.05517578, 2969.96069336, 2090.20874023, 4389.75097656, 5075.17578125, 4039.84448242, 4084.54638672, 3575.17089844, 1318.25524902, 845.659423828, 1090.65405273, 261.451690674, 514.4921875, 4066.98608398, 300.096374512, 533.086303711, 145.320755005, 59.7907676697, 71.4520263672, 160.994689941, 0.633427500725, 0.123319454491, 0.0075526391156, 0.00256564863957, 0.0011834903853, 0.000470470899018, 0.000154890585691, 8.18668850116e-05, 0.00162862241268, 0.000510281068273, 3.50069967681e-05], "mean": [0.167253628373, 1.29723787308, 2.13255953789, 3.25145816803, 4.54681825638, 8.76984786987, 17.4559402466, 18.0119972229, 25.5221939087, 30.9617481232, 35.4909248352, 33.8979759216, 51.9381408691, 63.964225769, 54.4029922485, 59.9733963013, 61.5780105591, 41.9661254883, 33.8411102295, 33.6861305237, 15.0841283798, 12.8628501892, 25.6341991425, 11.016620636, 12.9177179337, 5.2925825119, 4.22949266434, 5.09544563293, 5.44688463211, 0.527050077915, 0.193601742387, 0.0596656538546, 0.0306705124676, 0.0211363621056, 0.0139402989298, 0.00865314062685, 0.00790076889098, 0.0250361487269, 0.0202011633664, 0.0144029054791]}, "spectral_contrast_coeffs": {"min": [-0.995118260384, -0.989439666271, -0.982627511024, -0.974271118641, -0.970302224159, -0.965513467789], "max": [-0.313544750214, -0.43225312233, -0.542845726013, -0.605566322803, -0.575561642647, -0.386979609728], "dvar2": [0.00497500644997, 0.00396030349657, 0.00275867222808, 0.00153357046656, 0.00111397495493, 0.00434177415445], "median": [-0.695174455643, -0.771455287933, -0.784405171871, -0.785205006599, -0.810265302658, -0.730993449688], "dmean2": [0.0869823917747, 0.0786907449365, 0.0654898360372, 0.0492506101727, 0.0385834239423, 0.0754511579871], "dmean": [0.0523258335888, 0.0472801849246, 0.0397688150406, 0.030202312395, 0.0239627920091, 0.0490580014884], "var": [0.00746247312054, 0.00554420007393, 0.00463721342385, 0.00311699928716, 0.0026094247587, 0.00958643108606], "dvar": [0.00180215900764, 0.00147175230086, 0.00105679978151, 0.000580690801144, 0.000464110955363, 0.00192119355779], "mean": [-0.696131825447, -0.766406297684, -0.781502664089, -0.786552011967, -0.812421381474, -0.729319214821]}, "dissonance": {"min": 0.00578083703294, "max": 0.500000119209, "dvar2": 0.00147454114631, "median": 0.470945775509, "dmean2": 0.0380722172558, "dmean": 0.0224762950093, "var": 0.000907670997549, "dvar": 0.000530625809915, "mean": 0.463068515062}, "spectral_energyband_high": {"min": 6.79832361255e-21, "max": 0.0101929707453, "dvar2": 7.53525512209e-07, "median": 0.000204008436413, "dmean2": 0.000385601393646, "dmean": 0.000290157156996, "var": 7.57023997267e-07, "dvar": 3.93431520251e-07, "mean": 0.000497752684169}, "gfcc": {"mean": [-47.0997505188, 110.973258972, -105.378005981, -13.0686645508, -11.8008785248, -18.327299118, 8.11250782013, -20.7375106812, -2.35563325882, -3.29548764229, -3.8527238369, -1.72862505913, -2.2160153389], "icov": [[8.60228101374e-05, -0.000337547564413, 0.000542131019756, -0.00045528812916, 0.000365142710507, -0.000326471868902, 0.000221197464271, -2.84254256258e-05, 2.80958320218e-05, 1.41491373142e-05, -9.3027301773e-06, -4.8513058573e-05, 0.000124984784634], [-0.000337547564413, 0.00290715880692, -0.00195379462093, 0.00226191314869, -0.00114805565681, 0.00154350523371, -0.00157658068929, 0.00131025211886, -0.000775887281634, 0.000449721846962, -0.00194050814025, 0.00198122020811, -0.00209625670686], [0.000542131019756, -0.00195379462093, 0.00580350449309, -0.00413297396153, 0.00299760070629, -0.00355323054828, 0.00250451243483, -0.0010929472046, -0.000545194256119, 0.000698623887729, -0.00141506886575, 4.08622472605e-05, 0.000192265491933], [-0.00045528812916, 0.00226191314869, -0.00413297396153, 0.00881404057145, -0.00566879054531, 0.0046345689334, -0.00179912266321, -0.00184031319804, 0.00327342818491, -0.00286297313869, 0.00342534040101, -0.00597058143467, 0.00396148767322], [0.000365142710507, -0.00114805565681, 0.00299760070629, -0.00566879054531, 0.0108877588063, -0.00583198992535, -0.002146957675, 0.00478470604867, -0.00340453558601, 0.00346724875271, -0.00503455940634, 0.00550611549988, -0.00425447244197], [-0.000326471868902, 0.00154350523371, -0.00355323054828, 0.0046345689334, -0.00583198992535, 0.0099005093798, 0.000217873268411, -0.00374288344756, 0.00522993132472, -0.00316625554115, 0.000868650269695, -0.000573591154534, 3.20971048495e-05], [0.000221197464271, -0.00157658068929, 0.00250451243483, -0.00179912266321, -0.002146957675, 0.000217873268411, 0.00933077931404, -0.00190029863734, -0.00261909677647, 0.0014101077104, 0.00250479113311, -0.00347583182156, 0.00311061390676], [-2.84254256258e-05, 0.00131025211886, -0.0010929472046, -0.00184031319804, 0.00478470604867, -0.00374288344756, -0.00190029863734, 0.0113714653999, -0.00586688751355, 0.00204751943238, -0.00407772744074, 0.00644323043525, -0.0037171812728], [2.80958320218e-05, -0.000775887281634, -0.000545194256119, 0.00327342818491, -0.00340453558601, 0.00522993132472, -0.00261909677647, -0.00586688751355, 0.0180557090789, -0.00998157262802, 0.00428916327655, -0.00410920893773, 0.00520195579156], [1.41491373142e-05, 0.000449721846962, 0.000698623887729, -0.00286297313869, 0.00346724875271, -0.00316625554115, 0.0014101077104, 0.00204751943238, -0.00998157262802, 0.0233975406736, -0.011821443215, 0.00616655824706, -0.00637943483889], [-9.3027301773e-06, -0.00194050814025, -0.00141506886575, 0.00342534040101, -0.00503455940634, 0.000868650269695, 0.00250479113311, -0.00407772744074, 0.00428916327655, -0.011821443215, 0.0278177950531, -0.0143888397142, 0.00446783704683], [-4.8513058573e-05, 0.00198122020811, 4.08622472605e-05, -0.00597058143467, 0.00550611549988, -0.000573591154534, -0.00347583182156, 0.00644323043525, -0.00410920893773, 0.00616655824706, -0.0143888397142, 0.0238210447133, -0.00823915936053], [0.000124984784634, -0.00209625670686, 0.000192265491933, 0.00396148767322, -0.00425447244197, 3.20971048495e-05, 0.00311061390676, -0.0037171812728, 0.00520195579156, -0.00637943483889, 0.00446783704683, -0.00823915936053, 0.0200101695955]], "cov": [[48747.9101562, 3788.79370117, -4264.43701172, 5.36351108551, -177.779647827, -1047.00036621, 542.743408203, -1029.50549316, -32.3320350647, -185.366287231, -153.02116394, 56.6422729492, -172.595565796], [3788.79370117, 1082.3638916, -272.441467285, -287.404846191, 38.138217926, -47.3781318665, 35.3297195435, -115.346664429, 34.4634056091, 24.2513484955, 39.4624137878, -72.6518936157, 90.5514831543], [-4264.43701172, -272.441467285, 809.228210449, 66.3880310059, -47.3184814453, 235.462677002, -173.728713989, 186.187713623, -30.8577480316, 53.2480964661, 61.6206932068, 2.24280381203, 40.4946594238], [5.36351108551, -287.404846191, 66.3880310059, 455.89175415, 74.8033065796, -115.499786377, 114.158859253, -29.6933288574, -2.40408325195, -32.183631897, -10.65188694, 113.473182678, -88.7416305542], [-177.779647827, 38.138217926, -47.3184814453, 74.8033065796, 229.383895874, 44.648273468, 71.334022522, -60.6789932251, -3.37453627586, -9.60184383392, 12.1900472641, 4.25895166397, 13.9372320175], [-1047.00036621, -47.3781318665, 235.462677002, -115.499786377, 44.648273468, 315.258117676, -118.283889771, 97.7412719727, -57.8337974548, 39.3298530579, 34.7991523743, -49.9532699585, 66.9467926025], [542.743408203, 35.3297195435, -173.728713989, 114.158859253, 71.334022522, -118.283889771, 238.573913574, -44.5394859314, 54.4416275024, -33.5164642334, -25.7294864655, 38.4945716858, -53.8675994873], [-1029.50549316, -115.346664429, 186.187713623, -29.6933288574, -60.6789932251, 97.7412719727, -44.5394859314, 200.957366943, 29.9256858826, 33.8883666992, 13.4208450317, -34.9650306702, 15.2635536194], [-32.3320350647, 34.4634056091, -30.8577480316, -2.40408325195, -3.37453627586, -57.8337974548, 54.4416275024, 29.9256858826, 111.88482666, 29.5547618866, 0.881915032864, 1.67122805119, -18.1165103912], [-185.366287231, 24.2513484955, 53.2480964661, -32.183631897, -9.60184383392, 39.3298530579, -33.5164642334, 33.8883666992, 29.5547618866, 82.5697021484, 36.1172103882, -6.631919384, 26.8050365448], [-153.02116394, 39.4624137878, 61.6206932068, -10.65188694, 12.1900472641, 34.7991523743, -25.7294864655, 13.4208450317, 0.881915032864, 36.1172103882, 74.4840240479, 27.541639328, 21.6301555634], [56.6422729492, -72.6518936157, 2.24280381203, 113.473182678, 4.25895166397, -49.9532699585, 38.4945716858, -34.9650306702, 1.67122805119, -6.631919384, 27.541639328, 105.630554199, -7.14969348907], [-172.595565796, 90.5514831543, 40.4946594238, -88.7416305542, 13.9372320175, 66.9467926025, -53.8675994873, 15.2635536194, -18.1165103912, 26.8050365448, 21.6301555634, -7.14969348907, 97.2652587891]]}, "spectral_flux": {"min": 6.3764764302e-11, "max": 0.276845306158, "dvar2": 0.000882296997588, "median": 0.103488221765, "dmean2": 0.0317297801375, "dmean": 0.0208049342036, "var": 0.002039069077, "dvar": 0.000388173095416, "mean": 0.101684689522}, "silence_rate_30dB": {"min": 0, "max": 1, "dvar2": 0.00428388500586, "median": 1, "dmean2": 0.00334049155936, "dmean": 0.00167004647665, "var": 0.00119126227219, "dvar": 0.00166730512865, "mean": 0.998807251453}, "spectral_energyband_middle_high": {"min": 1.11325717019e-21, "max": 0.0826890394092, "dvar2": 4.0319544496e-05, "median": 0.00618387572467, "dmean2": 0.00471206242219, "dmean": 0.00323807750829, "var": 6.89695298206e-05, "dvar": 1.78560585482e-05, "mean": 0.00879770051688}, "barkbands_spread": {"min": 1.50922679901, "max": 84.5098953247, "dvar2": 72.2381820679, "median": 22.1200180054, "dmean2": 8.53136539459, "dmean": 5.62517642975, "var": 124.034866333, "dvar": 34.9226036072, "mean": 23.7437381744}, "spectral_centroid": {"min": 226.908065796, "max": 11875.7099609, "dvar2": 144893.15625, "median": 1044.77404785, "dmean2": 322.054168701, "dmean": 224.25553894, "var": 3026768.25, "dvar": 81439.7109375, "mean": 1428.47436523}, "pitch_salience": {"min": 0.151792749763, "max": 0.977214515209, "dvar2": 0.0104335751384, "median": 0.572501420975, "dmean2": 0.121467731893, "dmean": 0.0737775340676, "var": 0.0125653436407, "dvar": 0.00389695563354, "mean": 0.567493021488}, "erbbands_skewness": {"min": -2.81188321114, "max": 3.96819996834, "dvar2": 0.223126754165, "median": 0.078123241663, "dmean2": 0.541559576988, "dmean": 0.354190289974, "var": 0.492574721575, "dvar": 0.096970833838, "mean": 0.0769821256399}, "erbbands_crest": {"min": 2.1784183979, "max": 30.4952964783, "dvar2": 15.0138130188, "median": 8.13775062561, "dmean2": 4.29293584824, "dmean": 2.62930345535, "var": 15.1728563309, "dvar": 6.05570363998, "mean": 8.94679641724}, "melbands": {"min": [7.85578060564e-25, 6.98351540906e-25, 7.6073490781e-25, 1.01940629363e-24, 2.19711843271e-24, 7.54128740071e-25, 1.43668649679e-24, 2.11136885788e-24, 1.74230146667e-24, 1.93201127311e-24, 1.61305715836e-24, 8.42183958109e-25, 2.1168867427e-24, 1.98392581485e-24, 2.16304713579e-24, 2.12571449066e-24, 2.56742827985e-24, 2.80415143523e-24, 2.57779075671e-24, 2.56104777564e-24, 3.14142674589e-24, 3.00252352605e-24, 3.83012164324e-24, 3.69221731852e-24, 4.30095919098e-24, 2.61922804233e-24, 4.18828027143e-24, 3.85918091241e-24, 4.7873937021e-24, 4.90897649469e-24, 3.67445335423e-24, 4.96252161192e-24, 4.39215230048e-24, 5.0675978845e-24, 4.86762558933e-24, 4.77025530451e-24, 5.85731115393e-24, 5.77814580665e-24, 6.09036709217e-24, 5.76391988351e-24], "max": [0.0164286419749, 0.0141125507653, 0.0153970131651, 0.0132893137634, 0.0310961399227, 0.01438995637, 0.00822648685426, 0.012111980468, 0.0132051259279, 0.00809296779335, 0.00637055421248, 0.00540562905371, 0.0061330255121, 0.00996867660433, 0.00327849481255, 0.00199410808273, 0.00102022220381, 0.000984661863185, 0.00134006480221, 0.000735676847398, 0.000436278583948, 0.000726521015167, 0.000885863264557, 0.000850404205266, 0.000272173754638, 0.000428985513281, 0.00031915778527, 0.000218246292206, 0.000173763590283, 9.51855181484e-05, 0.00013668606698, 0.000225828262046, 2.03431573027e-05, 3.72027921003e-06, 2.75090133073e-06, 2.5507324608e-06, 6.8989538704e-07, 4.45992583309e-07, 3.90788414961e-07, 3.44458356949e-07], "dvar2": [4.22275752499e-06, 3.36256766786e-06, 1.34111769512e-06, 6.1030004872e-07, 1.85861460977e-06, 6.02750901635e-07, 4.8014709364e-07, 9.16082626645e-07, 3.72822540839e-07, 1.82069555876e-07, 2.92297556825e-07, 2.31013757457e-07, 1.50447945657e-07, 1.24439893057e-07, 6.80201708292e-08, 4.1819838259e-08, 9.84083037281e-09, 5.2764721481e-09, 9.17553411028e-09, 3.45402062507e-09, 7.60370433284e-10, 1.1232040853e-09, 5.07772401903e-09, 5.17822051904e-09, 3.14177184269e-10, 1.20410093007e-09, 2.13411704975e-10, 1.30844640678e-10, 7.16358430908e-11, 2.70574049277e-11, 1.17167692215e-10, 2.94236468523e-10, 1.29820026257e-12, 1.37298402899e-13, 1.04674366505e-13, 3.88215020298e-14, 4.79144684812e-15, 3.37870537111e-15, 2.63114458504e-15, 2.05041329069e-15], "median": [0.00109175755642, 0.000969574088231, 0.000309133494738, 0.000229585653869, 0.000256742612692, 0.00020246321219, 0.000164078781381, 0.000109892629553, 0.0001084493706, 7.74080253905e-05, 8.7384993094e-05, 0.000112837391498, 8.72996606631e-05, 5.93663280597e-05, 7.7039723692e-05, 6.17781770416e-05, 3.40521328326e-05, 2.86208778562e-05, 2.39536784647e-05, 1.38987707032e-05, 5.62394234294e-06, 3.73316515834e-06, 5.45558305021e-06, 4.63512606075e-06, 2.34134677157e-06, 3.05927005684e-06, 1.45361764226e-06, 8.67606615884e-07, 7.65019876781e-07, 6.6001371124e-07, 7.50288222662e-07, 6.32152932667e-07, 1.36640778692e-07, 5.03971939736e-08, 3.25416209535e-08, 2.07595896029e-08, 1.08790434439e-08, 8.06249467189e-09, 7.5020896162e-09, 7.0378147754e-09], "dmean2": [0.00174294156022, 0.00144873664249, 0.000668137858156, 0.000434984802268, 0.000655565119814, 0.000402998528443, 0.00036993942922, 0.000343283172697, 0.000273689482128, 0.000201258837478, 0.000261485227384, 0.00025240186369, 0.000197081142687, 0.000154846464284, 0.000147124112118, 0.000125434191432, 6.21034778305e-05, 4.10672364524e-05, 4.90970887768e-05, 3.28268870362e-05, 1.29689915411e-05, 1.24327807498e-05, 2.43715148827e-05, 2.38256088778e-05, 6.82823292664e-06, 1.38361065183e-05, 4.91467244501e-06, 3.36891434927e-06, 2.73988507615e-06, 2.06447225537e-06, 3.93507616536e-06, 5.44036993233e-06, 4.75368835851e-07, 1.88695480574e-07, 1.52673038656e-07, 9.04641126453e-08, 4.36976286267e-08, 3.62618557403e-08, 3.23142117509e-08, 2.8693253995e-08], "dmean": [0.00101254531182, 0.000846048118547, 0.000413387577282, 0.000264510948909, 0.000412907509599, 0.00025292209466, 0.000234786028159, 0.000220014961087, 0.000174880784471, 0.000126579776406, 0.000163088538102, 0.000157332935487, 0.000123365520267, 9.98773684842e-05, 9.1950474598e-05, 7.81272101449e-05, 3.93221671402e-05, 2.61669083557e-05, 3.12556221616e-05, 2.10455164051e-05, 8.32023761177e-06, 8.34303955344e-06, 1.60968629643e-05, 1.53127130034e-05, 4.70050781587e-06, 9.01030853129e-06, 3.36101470566e-06, 2.33649711845e-06, 1.89174693332e-06, 1.40358861245e-06, 2.67547511612e-06, 3.64907214134e-06, 3.23838520444e-07, 1.24094682974e-07, 9.94130431309e-08, 5.61456836579e-08, 2.58567105504e-08, 2.14427942069e-08, 1.91054212451e-08, 1.70037957048e-08], "var": [3.04572495224e-06, 2.10168627746e-06, 9.08141203126e-07, 3.55182947942e-07, 1.4781144273e-06, 4.0108895405e-07, 4.6250562491e-07, 7.01039425621e-07, 3.71478790839e-07, 1.57185624516e-07, 2.63104340092e-07, 1.72925865627e-07, 1.06992928295e-07, 1.2503367941e-07, 5.16412903551e-08, 3.17818233952e-08, 8.65631477609e-09, 4.94951679642e-09, 7.59255947003e-09, 3.36214989183e-09, 5.20850973462e-10, 6.49784837048e-10, 2.71337929902e-09, 2.34612840266e-09, 2.53581045051e-10, 7.78458075779e-10, 1.55614562902e-10, 9.23251614049e-11, 4.54193800625e-11, 2.19671416474e-11, 7.32753857591e-11, 1.62415816907e-10, 8.24193144289e-13, 9.15485203379e-14, 5.90072085703e-14, 1.64416176257e-14, 1.91175505602e-15, 1.32181619589e-15, 1.0376406655e-15, 8.20467558809e-16], "dvar": [1.51814913352e-06, 1.2190319012e-06, 5.57117402877e-07, 2.35058607245e-07, 8.08522827356e-07, 2.42392843575e-07, 2.10218701113e-07, 3.70608916e-07, 1.64681665638e-07, 7.70558585828e-08, 1.21380054452e-07, 8.88992062187e-08, 6.13056911902e-08, 5.47093357284e-08, 2.71867257595e-08, 1.62555409133e-08, 3.9538701202e-09, 2.17074624942e-09, 3.78650888422e-09, 1.48535972411e-09, 3.06314390519e-10, 4.89897122868e-10, 2.17323137264e-09, 2.12107864606e-09, 1.56202620283e-10, 5.29150556705e-10, 1.02935354684e-10, 6.28868901398e-11, 3.24145744968e-11, 1.25069373261e-11, 5.21306782464e-11, 1.30171165513e-10, 5.92351525903e-13, 6.24840213207e-14, 4.6130637423e-14, 1.57425206768e-14, 1.8396827166e-15, 1.29579227326e-15, 1.01010627136e-15, 7.88665389167e-16], "mean": [0.00164469517767, 0.00138197676279, 0.000620421837084, 0.000415711110691, 0.000617322395556, 0.000397437164793, 0.000394336297177, 0.000353713840013, 0.000287581468001, 0.000202235969482, 0.000263676891336, 0.000262067012955, 0.000197424116777, 0.000165736739291, 0.000154966794071, 0.000129754596855, 6.93847177899e-05, 5.03810333612e-05, 5.41266417713e-05, 3.59763216693e-05, 1.32117811518e-05, 1.15312877824e-05, 2.10775506275e-05, 1.90174123418e-05, 7.01436783856e-06, 1.23971785797e-05, 4.70230270366e-06, 3.18834167956e-06, 2.70084069598e-06, 2.22084304369e-06, 3.60742956218e-06, 4.54856444776e-06, 4.38523301227e-07, 1.57459481898e-07, 1.16561160723e-07, 6.13012929307e-08, 2.64295394459e-08, 2.11843218523e-08, 1.90836164649e-08, 1.72616854144e-08]}, "barkbands_skewness": {"min": -2.25911355019, "max": 7.81998729706, "dvar2": 0.548974692822, "median": 1.19778835773, "dmean2": 0.748961567879, "dmean": 0.479581803083, "var": 1.15688765049, "dvar": 0.228643506765, "mean": 1.26066958904}, "spectral_entropy": {"min": 5.81768989563, "max": 9.8274679184, "dvar2": 0.0593747235835, "median": 7.39722537994, "dmean2": 0.245564252138, "dmean": 0.163148924708, "var": 0.277786821127, "dvar": 0.0253102257848, "mean": 7.43100500107}, "spectral_rolloff": {"min": 21.533203125, "max": 22050, "dvar2": 134626592, "median": 20973.3398438, "dmean2": 8791.04394531, "dmean": 4572.6875, "var": 80926264, "dvar": 56293132, "mean": 14869.3916016}, "barkbands": {"min": [3.64265175804e-25, 1.69068688928e-24, 3.99782775245e-25, 2.91162199926e-25, 5.08185496764e-24, 5.30187655714e-24, 6.67651007184e-24, 8.72147498531e-24, 1.33603660164e-23, 4.85131352353e-24, 1.16907860867e-23, 2.12546343568e-23, 2.50391030417e-23, 1.96590969117e-23, 3.49925886455e-23, 4.39038296436e-23, 4.86084225329e-23, 7.61743590723e-23, 9.0779639105e-23, 1.36112181045e-22, 2.17027272302e-22, 3.05363058188e-22, 3.45895791728e-22, 5.61645790939e-22, 7.25167493183e-22, 1.20887832004e-21, 1.84756848265e-21], "max": [0.0280456095934, 0.0626761987805, 0.0424909628928, 0.0448001399636, 0.093855202198, 0.0637013688684, 0.0547257885337, 0.0908992365003, 0.0715897679329, 0.0552982911468, 0.0409360378981, 0.0721839517355, 0.0233171861619, 0.0104328868911, 0.0142467152327, 0.00826591439545, 0.0127934524789, 0.0172001365572, 0.0090985475108, 0.00774720823392, 0.00432478170842, 0.00595758296549, 0.00015793487546, 4.65036318928e-05, 3.73293587472e-05, 6.79527438479e-05, 0.0038553129416], "dvar2": [5.76725778956e-06, 5.25371833646e-05, 1.41241052916e-05, 9.22574599826e-06, 2.81613793049e-05, 1.48445324157e-05, 1.79074540938e-05, 1.86113211385e-05, 9.53031394602e-06, 1.45384447023e-05, 9.8985965451e-06, 7.91525962995e-06, 5.18652814208e-06, 8.02786530585e-07, 1.2785361605e-06, 4.10831887621e-07, 3.26148636987e-07, 2.24458881348e-06, 3.72067859189e-07, 1.32890150439e-07, 4.56913262781e-08, 2.58602852909e-07, 2.89911039619e-10, 2.69809348474e-11, 2.4289376066e-11, 4.91854022788e-11, 1.01310838829e-07], "median": [0.000377589516575, 0.0039518577978, 0.000865506590344, 0.000504462397657, 0.00136660796124, 0.00100390007719, 0.000633223855402, 0.000478164409287, 0.00058449129574, 0.000633785675745, 0.000639778212644, 0.000553377321921, 0.000764942844398, 0.00028466276126, 0.000358681281796, 0.000145841564517, 6.48922432447e-05, 0.00010487815598, 7.67848687246e-05, 3.05906105496e-05, 2.85646983684e-05, 2.24171235459e-05, 2.10634971154e-06, 8.26938730825e-07, 8.00994541805e-07, 1.88855938177e-06, 0.000250049284659], "dmean2": [0.00139340374153, 0.00621813349426, 0.00227250740863, 0.00155340973288, 0.00278833322227, 0.00206447788514, 0.00186549162026, 0.00161943607964, 0.0014753038995, 0.00191803404596, 0.0016198529629, 0.00132763641886, 0.00141634768806, 0.000530852819793, 0.000624688342214, 0.000347442430211, 0.000207604607567, 0.000495960237458, 0.000252014491707, 0.000107940664748, 8.28195115901e-05, 0.0001650924969, 8.62964316184e-06, 3.31015235133e-06, 3.1523557027e-06, 4.87848865305e-06, 0.000215749882045], "dmean": [0.000836829131003, 0.00360119040124, 0.00133616069797, 0.000959528551903, 0.00173411483411, 0.00130646803882, 0.00118032493629, 0.00102922972292, 0.000933395582251, 0.00118801416829, 0.00101113354322, 0.000858873769175, 0.000886583293322, 0.000335601333063, 0.000401974451961, 0.000222083952394, 0.000139818715979, 0.000325793080265, 0.000170829720446, 7.61533010518e-05, 5.80687228648e-05, 0.000111957167974, 5.70067732042e-06, 1.95905590772e-06, 1.86977092653e-06, 3.0934663755e-06, 0.000159986448125], "var": [3.30510374624e-06, 3.81187128369e-05, 6.34352045381e-06, 6.12920575804e-06, 1.92862335098e-05, 1.15976645247e-05, 1.40049269248e-05, 1.75981167558e-05, 8.42874123919e-06, 1.19251681099e-05, 7.30325473342e-06, 8.24187281978e-06, 4.1648622755e-06, 6.28371026323e-07, 1.18401737836e-06, 3.61510132052e-07, 1.89994779021e-07, 1.09737413823e-06, 2.78324762348e-07, 1.02962360415e-07, 3.77062328027e-08, 1.46577875171e-07, 1.86580889627e-10, 1.08751341266e-11, 9.82687629186e-12, 3.14365894427e-11, 1.6899443267e-07], "dvar": [2.47029333877e-06, 1.86341057997e-05, 5.48228399566e-06, 3.84250870411e-06, 1.14600752568e-05, 6.31091006653e-06, 7.52669348003e-06, 7.92901391833e-06, 4.03969579565e-06, 5.79958077651e-06, 4.07516336054e-06, 3.47725358552e-06, 2.03075296668e-06, 3.24914452676e-07, 5.38127721939e-07, 1.72816811528e-07, 1.42673073356e-07, 9.35030300298e-07, 1.72658701558e-07, 6.65927046839e-08, 2.17119708878e-08, 1.14750775992e-07, 1.32251654072e-10, 1.03986671704e-11, 9.35789553486e-12, 2.1307259776e-11, 5.87689292786e-08], "mean": [0.000965154438745, 0.00585864065215, 0.00163699896075, 0.00129011587705, 0.00271224603057, 0.00203922740184, 0.00185489631258, 0.00158918090165, 0.00148428836837, 0.00190147035755, 0.00153124262579, 0.0014667349169, 0.00149789208081, 0.000564140500501, 0.000730508647393, 0.000366495340131, 0.000196838402189, 0.000417657691287, 0.000252555764746, 0.000107750718598, 9.29869274842e-05, 0.000142283912282, 6.99787642588e-06, 2.00492945623e-06, 1.91750245904e-06, 3.93798973164e-06, 0.00037768704351]}, "melbands_flatness_db": {"min": 0.00270489812829, "max": 0.496929317713, "dvar2": 0.00164376455359, "median": 0.236479401588, "dmean2": 0.0465608499944, "dmean": 0.0302046108991, "var": 0.00442029861733, "dvar": 0.000701156910509, "mean": 0.234969735146}, "melbands_skewness": {"min": -1.30322778225, "max": 9.996925354, "dvar2": 0.733581542969, "median": 1.33241462708, "dmean2": 0.898244142532, "dmean": 0.569179296494, "var": 1.32150423527, "dvar": 0.291270315647, "mean": 1.50512135029}, "silence_rate_60dB": {"min": 0, "max": 1, "dvar2": 0.00687433918938, "median": 0, "dmean2": 0.00668098311871, "dmean": 0.00334009295329, "var": 0.0701049342752, "dvar": 0.00332921999507, "mean": 0.0758587792516}, "spectral_energyband_low": {"min": 1.182691508e-23, "max": 0.0676709264517, "dvar2": 7.84229414421e-05, "median": 0.0067513724789, "dmean2": 0.00778878154233, "dmean": 0.00461804866791, "var": 6.17428086116e-05, "dvar": 2.8642023608e-05, "mean": 0.00874304492027}, "spectral_energyband_middle_low": {"min": 1.36455278741e-22, "max": 0.128051921725, "dvar2": 8.92001044122e-05, "median": 0.00842143967748, "dmean2": 0.00678909290582, "dmean": 0.00446441117674, "var": 0.000119066018669, "dvar": 3.78438380721e-05, "mean": 0.0115542532876}, "melbands_kurtosis": {"min": -1.78776216507, "max": 133.255996704, "dvar2": 65.0348205566, "median": 1.98282051086, "dmean2": 4.91912317276, "dmean": 3.03679704666, "var": 58.2300605774, "dvar": 26.1357917786, "mean": 4.15828084946}, "spectral_decrease": {"min": -3.40453354397e-08, "max": 6.47294395861e-09, "dvar2": 1.07741714079e-17, "median": -4.98575536412e-09, "dmean2": 3.08836889396e-09, "dmean": 1.9607375723e-09, "var": 1.50872135445e-17, "dvar": 4.34856954389e-18, "mean": -5.43517542084e-09}, "erbbands_kurtosis": {"min": -1.65038895607, "max": 24.4298362732, "dvar2": 3.57749938965, "median": 0.397169589996, "dmean2": 1.60611319542, "dmean": 1.01693463326, "var": 4.20562696457, "dvar": 1.48448967934, "mean": 1.00825893879}, "melbands_crest": {"min": 1.53083109856, "max": 34.0521316528, "dvar2": 23.9662742615, "median": 11.5785188675, "dmean2": 5.72583532333, "dmean": 3.42435693741, "var": 25.8427066803, "dvar": 8.9816236496, "mean": 12.3208208084}, "mfcc": {"mean": [-686.893188477, 174.144744873, -33.4664802551, 22.9555339813, -10.6574239731, 17.5043449402, 5.03159189224, 0.946414709091, 4.21083259583, -2.61981749535, 7.57402086258, -0.9629316926, -0.788558959961], "icov": [[0.000181371331564, -0.000270484510111, 0.000221361086005, -0.000262254674453, 6.31112852716e-05, -7.00813179719e-05, 7.76569941081e-05, -0.00013402159675, 0.000223239592742, -8.47321352921e-05, 0.000144320743857, -0.000266940594884, 0.000222482936806], [-0.000270484510111, 0.00100890127942, -0.000205435586395, 0.000505251984578, 0.000124344049254, -0.000310086470563, -0.000455728557426, 0.000899274135008, -0.000745502708014, 7.30119354557e-05, -0.000734458677471, 0.000819395703729, -0.000707139959559], [0.000221361086005, -0.000205435586395, 0.0026995188091, 6.55842522974e-05, -0.00157742155716, 0.00156595860608, 6.75036935718e-05, -0.000748977297917, 0.00126745377202, -0.000393807480577, -8.65693800733e-05, -0.000466297729872, -0.000123278281535], [-0.000262254674453, 0.000505251984578, 6.55842522974e-05, 0.00328636309132, 0.000715789268725, -0.00115838483907, 0.00107409642078, -0.00164650601801, -0.000249902921496, 0.00179476465564, -0.00166067923419, 8.63767272676e-05, -0.00079633918358], [6.31112852716e-05, 0.000124344049254, -0.00157742155716, 0.000715789268725, 0.00779513735324, -0.00258341454901, -0.00244312454015, 0.00102118216455, 0.000848513154779, -0.00160490639973, 0.00178358925041, -0.00160238530952, -6.9876514317e-05], [-7.00813179719e-05, -0.000310086470563, 0.00156595860608, -0.00115838483907, -0.00258341454901, 0.00987752620131, -0.00362035096623, 0.000317084311973, 0.000678411510307, 0.0021418496035, -0.000379012577469, 0.00177109357901, -0.00246863090433], [7.76569941081e-05, -0.000455728557426, 6.75036935718e-05, 0.00107409642078, -0.00244312454015, -0.00362035096623, 0.0126386480406, -0.00331264035776, -0.00239190924913, 0.00119586579967, 0.00203703157604, -0.00268569565378, 0.00128033978399], [-0.00013402159675, 0.000899274135008, -0.000748977297917, -0.00164650601801, 0.00102118216455, 0.000317084311973, -0.00331264035776, 0.011685596779, -0.00189044023864, -1.01833893495e-06, -0.00264087296091, 0.001363246236, -0.000819030043203], [0.000223239592742, -0.000745502708014, 0.00126745377202, -0.000249902921496, 0.000848513154779, 0.000678411510307, -0.00239190924913, -0.00189044023864, 0.0157404374331, -0.00585585087538, 0.000573723111302, -0.0032648826018, 0.00331453909166], [-8.47321352921e-05, 7.30119354557e-05, -0.000393807480577, 0.00179476465564, -0.00160490639973, 0.0021418496035, 0.00119586579967, -1.01833893495e-06, -0.00585585087538, 0.0132923834026, -0.00381688866764, 0.00203057425097, -0.0028764528688], [0.000144320743857, -0.000734458677471, -8.65693800733e-05, -0.00166067923419, 0.00178358925041, -0.000379012577469, 0.00203703157604, -0.00264087296091, 0.000573723111302, -0.00381688866764, 0.0158292911947, -0.0060194991529, 0.00447970721871], [-0.000266940594884, 0.000819395703729, -0.000466297729872, 8.63767272676e-05, -0.00160238530952, 0.00177109357901, -0.00268569565378, 0.001363246236, -0.0032648826018, 0.00203057425097, -0.0060194991529, 0.0258718319237, -0.0136186089367], [0.000222482936806, -0.000707139959559, -0.000123278281535, -0.00079633918358, -6.9876514317e-05, -0.00246863090433, 0.00128033978399, -0.000819030043203, 0.00331453909166, -0.0028764528688, 0.00447970721871, -0.0136186089367, 0.0215046107769]], "cov": [[13948.25, 3137.99194336, -1544.26660156, 1176.4777832, -520.827758789, 486.532409668, -13.2593708038, 53.4575042725, 19.7222805023, -220.894271851, 162.561050415, -11.539809227, -23.1790561676], [3137.99194336, 2089.42260742, -258.960662842, -74.9403839111, -35.4528465271, 137.392379761, 67.7328338623, -112.345062256, 68.058013916, 23.3337230682, 32.0723190308, -14.0103588104, 16.404958725], [-1544.26660156, -258.960662842, 669.122192383, -220.852935791, 161.343002319, -117.55594635, 6.45927047729, -5.46952962875, -27.0095882416, 61.9767227173, -21.8465995789, 21.2427101135, 20.0118942261], [1176.4777832, -74.9403839111, -220.852935791, 629.920410156, -143.448074341, 83.3896789551, -43.7395439148, 103.486572266, -21.5710029602, -100.322738647, 70.1227798462, 6.68057537079, 2.60567641258], [-520.827758789, -35.4528465271, 161.343002319, -143.448074341, 235.717376709, 36.331489563, 67.0334777832, -27.2814731598, -7.55371522903, 24.3385887146, -43.414981842, 20.4469242096, 26.1545333862], [486.532409668, 137.392379761, -117.55594635, 83.3896789551, 36.331489563, 183.305252075, 59.4502182007, 4.54394674301, -10.3345537186, -47.0826339722, -11.6268491745, 4.1332154274, 20.0272655487], [-13.2593708038, 67.7328338623, 6.45927047729, -43.7395439148, 67.0334777832, 59.4502182007, 128.128921509, 14.7170267105, 16.3859615326, -6.07723093033, -21.2739772797, 13.734872818, 10.5474805832], [53.4575042725, -112.345062256, -5.46952962875, 103.486572266, -27.2814731598, 4.54394674301, 14.7170267105, 122.963638306, 12.1519832611, -6.45678329468, 27.0213737488, 3.95099139214, -2.06995201111], [19.7222805023, 68.058013916, -27.0095882416, -21.5710029602, -7.55371522903, -10.3345537186, 16.3859615326, 12.1519832611, 91.2864761353, 42.324836731, 12.4588937759, 5.84887075424, -7.94348573685], [-220.894271851, 23.3337230682, 61.9767227173, -100.322738647, 24.3385887146, -47.0826339722, -6.07723093033, -6.45678329468, 42.324836731, 124.015228271, 17.8021030426, 4.59782648087, 3.75096058846], [162.561050415, 32.0723190308, -21.8465995789, 70.1227798462, -43.414981842, -11.6268491745, -21.2739772797, 27.0213737488, 12.4588937759, 17.8021030426, 93.0649261475, 11.6653223038, -8.87403869629], [-11.539809227, -14.0103588104, 21.2427101135, 6.68057537079, 20.4469242096, 4.1332154274, 13.734872818, 3.95099139214, 5.84887075424, 4.59782648087, 11.6653223038, 64.7239303589, 38.1738357544], [-23.1790561676, 16.404958725, 20.0118942261, 2.60567641258, 26.1545333862, 20.0272655487, 10.5474805832, -2.06995201111, -7.94348573685, 3.75096058846, -8.87403869629, 38.1738357544, 76.9190139771]]}, "spectral_energy": {"min": 9.76601096688e-21, "max": 0.136468008161, "dvar2": 0.000243808113737, "median": 0.0340033583343, "dmean2": 0.0152538986877, "dmean": 0.0100490460172, "var": 0.000441629672423, "dvar": 0.000106529951154, "mean": 0.0354443006217}, "melbands_spread": {"min": 1.16529095173, "max": 178.868026733, "dvar2": 126.426391602, "median": 21.5567188263, "dmean2": 9.81132316589, "dmean": 6.4192738533, "var": 497.783843994, "dvar": 58.4883422852, "mean": 26.5601463318}, "erbbands_flatness_db": {"min": 0.0349602848291, "max": 0.399801641703, "dvar2": 0.000895100238267, "median": 0.173652470112, "dmean2": 0.0351348370314, "dmean": 0.0227602552623, "var": 0.00195598066784, "dvar": 0.000359072349966, "mean": 0.176596611738}, "spectral_contrast_valleys": {"min": [-28.4832630157, -28.0599479675, -28.0495357513, -27.7484874725, -27.6478729248, -27.4364280701], "max": [-5.58192873001, -4.73915910721, -4.99834394455, -5.49347448349, -5.25233030319, -9.21833515167], "dvar2": [0.28052675724, 0.187785536051, 0.146366462111, 0.11558778584, 0.224790722132, 0.824208319187], "median": [-6.81361103058, -6.23886013031, -6.57576131821, -7.06797218323, -7.72249794006, -11.2804450989], "dmean2": [0.672559261322, 0.555700957775, 0.480640411377, 0.409244388342, 0.466198384762, 1.06624507904], "dmean": [0.397104233503, 0.34406915307, 0.305462479591, 0.275928944349, 0.343397080898, 0.650526106358], "var": [13.000752449, 13.5627708435, 13.0422105789, 12.6180295944, 12.113243103, 8.35515022278], "dvar": [0.109905973077, 0.0853077322245, 0.0706174075603, 0.0656417757273, 0.122227989137, 0.321448385715], "mean": [-7.63095235825, -7.01272296906, -7.34049606323, -7.84086990356, -8.42894268036, -11.8603458405]}, "barkbands_flatness_db": {"min": 0.0406588278711, "max": 0.324865609407, "dvar2": 0.000989504973404, "median": 0.132658362389, "dmean2": 0.0363070070744, "dmean": 0.0231536608189, "var": 0.00163533946034, "dvar": 0.000412490393501, "mean": 0.135693341494}, "zerocrossingrate": {"min": 0.0693359375, "max": 0.646484375, "dvar2": 0.00138672243338, "median": 0.2802734375, "dmean2": 0.0429962463677, "dmean": 0.0335694365203, "var": 0.00592332659289, "dvar": 0.00086320261471, "mean": 0.290161192417}, "spectral_skewness": {"min": -0.103530555964, "max": 10.3152351379, "dvar2": 0.590994954109, "median": 2.87228536606, "dmean2": 0.62678194046, "dmean": 0.422141373158, "var": 1.27282762527, 