{"lowlevel": {"spectral_complexity": {"min": 0, "max": 56, "dvar2": 26.7934894562, "median": 23, "dmean2": 5.36922311783, "dmean": 3.78714513779, "var": 86.6621780396, "dvar": 15.0918130875, "mean": 22.9947166443}, "silence_rate_20dB": {"min": 1, "max": 1, "dvar2": 0, "median": 1, "dmean2": 0, "dmean": 0, "var": 0, "dvar": 0, "mean": 1}, "average_loudness": 0.946063876152, "erbbands_spread": {"min": 3.56952810287, "max": 117.728881836, "dvar2": 100.596313477, "median": 29.2542953491, "dmean2": 9.63770675659, "dmean": 6.3144235611, "var": 197.828842163, "dvar": 45.7300720215, "mean": 31.3290748596}, "spectral_kurtosis": {"min": -1.25752699375, "max": 39.8154029846, "dvar2": 13.2400617599, "median": 4.10811185837, "dmean2": 2.92752099037, "dmean": 1.75515127182, "var": 9.97947597504, "dvar": 4.53110933304, "mean": 4.68884801865}, "barkbands_kurtosis": {"min": -1.87457537651, "max": 32.7904930115, "dvar2": 5.70411300659, "median": -0.384558647871, "dmean2": 1.52450811863, "dmean": 0.972868084908, "var": 6.14901351929, "dvar": 2.4824783802, "mean": 0.36053815484}, "spectral_strongpeak": {"min": 0, "max": 14.1401557922, "dvar2": 4.12791872025, "median": 0.507180213928, "dmean2": 1.34246945381, "dmean": 0.780032634735, "var": 2.95301222801, "dvar": 1.59231686592, "mean": 1.35050559044}, "spectral_spread": {"min": 1133272.875, "max": 42299344, "dvar2": 967556988928, "median": 3636006.25, "dmean2": 697804.0625, "dmean": 503952.9375, "var": 10426450444300.0, "dvar": 559855828992, "mean": 4141573.75}, "spectral_rms": {"min": 3.11648753679e-12, "max": 0.00811917334795, "dvar2": 5.53974132345e-07, "median": 0.00464913155884, "dmean2": 0.000782388669904, "dmean": 0.000514117826242, "var": 2.02732530852e-06, "dvar": 2.54717122061e-07, "mean": 0.00439265789464}, "dynamic_complexity": 3.07462596893, "erbbands": {"min": [1.209180763e-22, 1.89851228688e-22, 2.61616830963e-21, 8.46140416142e-21, 1.39614726493e-20, 9.91880915904e-21, 1.78867596954e-20, 1.00844767952e-19, 1.74814269781e-19, 2.49153495494e-19, 2.5154296179e-19, 4.43232013335e-19, 6.30260858555e-19, 6.92510438951e-19, 1.1448722515e-18, 1.22659397371e-18, 1.86881648431e-18, 2.29392879613e-18, 2.61822040579e-18, 2.97207028066e-18, 3.72762284243e-18, 4.0702046562e-18, 5.55160572395e-18, 6.70734950684e-18, 8.38481140491e-18, 8.68486869058e-18, 9.80521203839e-18, 1.09182017505e-17, 9.42374115529e-18, 1.15285187675e-17, 9.32194500039e-18, 1.19009618014e-17, 9.1550786826e-18, 8.08426939141e-18, 5.9218612787e-18, 3.86246651717e-18, 2.35576551e-18, 9.4780629333e-19, 2.57617414317e-19, 2.73974206534e-20], "max": [0.436438709497, 2.78249692917, 22.8113021851, 56.3019485474, 80.9783859253, 139.061721802, 210.199020386, 266.522766113, 574.438415527, 488.171020508, 844.10345459, 605.640258789, 628.627380371, 1244.60888672, 1032.46765137, 1579.66760254, 919.901062012, 586.618591309, 1283.48059082, 1387.21569824, 1849.38110352, 649.537902832, 616.580444336, 507.918548584, 393.559875488, 286.230072021, 231.140274048, 414.294464111, 563.157348633, 211.440383911, 204.967773438, 138.951889038, 107.652023315, 39.1515274048, 70.6949691772, 2.40828323364, 0.4312902987, 0.0641453489661, 0.00133771612309, 0.000177585257916], "dvar2": [0.00214781053364, 0.197553947568, 7.12774848938, 27.6526260376, 33.7145614624, 163.093841553, 292.429870605, 258.176208496, 601.004699707, 1020.10247803, 3790.89477539, 2700.5637207, 2019.66674805, 4806.73681641, 8284.29785156, 6944.21191406, 3840.39526367, 3281.39233398, 7202.47949219, 6685.65380859, 6177.8828125, 4124.28564453, 2698.76123047, 656.702148438, 945.166259766, 583.586486816, 134.122009277, 349.023864746, 2931.09912109, 183.553741455, 274.712310791, 64.1362533569, 23.4084701538, 8.79944515228, 28.977891922, 0.0550784394145, 0.00217684637755, 4.03939884563e-05, 1.74884338122e-08, 2.82666196005e-10], "median": [0.00741453794762, 0.228484272957, 1.57300448418, 3.36327075958, 2.2268576622, 2.11358261108, 3.20394897461, 3.39330482483, 4.44958877563, 7.07505702972, 10.9587631226, 13.5621986389, 14.4274349213, 13.1802663803, 12.2789525986, 14.1411380768, 13.0512018204, 13.2023744583, 26.5423049927, 29.0351257324, 22.7742729187, 32.1391677856, 28.1744308472, 14.8235721588, 14.967007637, 9.82180213928, 3.76851892471, 2.78465390205, 3.62941980362, 1.90633702278, 1.56313037872, 0.61194819212, 0.415206134319, 0.348540574312, 0.205822318792, 0.0175732392818, 0.00150395557284, 0.000111730973003, 2.25602962018e-05, 3.02403750538e-05], "dmean2": [0.0233380720019, 0.346409142017, 2.02210760117, 3.93585991859, 3.42978072166, 6.43608188629, 8.60233402252, 7.5525765419, 10.1016902924, 15.8530626297, 28.5871505737, 25.0703125, 22.5896701813, 32.2981910706, 32.7374954224, 29.0308570862, 28.4372024536, 30.2810001373, 46.2215538025, 44.5806541443, 38.4652786255, 41.2250213623, 35.1145629883, 15.3745594025, 17.3533916473, 14.1625394821, 5.91073608398, 7.88234710693, 18.3860816956, 5.09739875793, 6.46543121338, 2.12795209885, 1.30214810371, 1.15047490597, 1.74823915958, 0.0939277485013, 0.0172301717103, 0.00196341448463, 4.7797584557e-05, 1.2670835531e-05], "dmean": [0.0161443985999, 0.20368181169, 1.18969082832, 2.31142354012, 2.03232622147, 3.8880469799, 5.41129732132, 4.82261276245, 6.35572147369, 9.85126972198, 17.8674888611, 15.8813943863, 14.1967668533, 20.6731929779, 20.8800964355, 18.3334007263, 18.0885620117, 19.0003395081, 29.3496608734, 28.788394928, 25.4358501434, 26.6680374146, 22.6673984528, 9.97968673706, 11.5115594864, 9.71750450134, 4.11207389832, 5.50424289703, 11.9808731079, 3.59853410721, 4.31310892105, 1.49876654148, 0.915276527405, 0.814835786819, 1.18534231186, 0.0662998408079, 0.0116301970556, 0.00126039702445, 3.28629139403e-05, 8.79704202816e-06], "var": [0.0023051649332, 0.17584989965, 11.4676618576, 21.4823322296, 21.2471828461, 96.8502807617, 230.885681152, 244.087020874, 623.368103027, 734.988952637, 3007.921875, 1798.21179199, 1743.46936035, 4300.84228516, 6792.52978516, 6285.34082031, 3695.14941406, 3731.43969727, 8144.32861328, 7308.36035156, 10092.1337891, 5411.02734375, 3597.83081055, 701.113830566, 1156.73913574, 884.458496094, 158.994140625, 302.40133667, 1504.41796875, 143.914550781, 179.108276367, 43.0793647766, 13.1863088608, 6.49223518372, 15.2007684708, 0.0379753820598, 0.00116250419524, 1.59537248692e-05, 9.73859926034e-09, 4.04427713541e-10], "dvar": [0.00119699246716, 0.0703020617366, 2.68351721764, 9.8281288147, 12.5604515076, 64.2625427246, 121.442016602, 113.44254303, 256.66003418, 431.25213623, 1576.91760254, 1143.91674805, 771.374023438, 1976.75488281, 3152.22412109, 2747.07080078, 1549.13415527, 1310.26025391, 3004.03955078, 3018.06201172, 2690.21826172, 1766.75427246, 1141.64831543, 272.784881592, 411.399810791, 270.155181885, 68.6338806152, 179.799026489, 1277.58215332, 90.8686218262, 122.204208374, 30.6043605804, 10.2235336304, 4.07605314255, 12.7913341522, 0.0264622829854, 0.00098027754575, 1.67940725078e-05, 7.93625698492e-09, 1.43798611907e-10], "mean": [0.0248338598758, 0.391106516123, 2.88141345978, 4.58062505722, 3.51860880852, 5.51997709274, 8.780128479, 8.57621192932, 11.7443981171, 15.8531036377, 28.4589691162, 25.6671638489, 28.1281089783, 36.9413108826, 37.8088188171, 34.4314651489, 32.8374099731, 37.7683143616, 60.0559501648, 56.8161087036, 57.061706543, 58.8059158325, 50.966091156, 23.5492706299, 25.8298778534, 22.1588344574, 8.1289024353, 8.33264636993, 14.9707965851, 5.54360437393, 6.05533599854, 2.11064291, 1.41060256958, 1.23381304741, 1.41496181488, 0.086468860507, 0.0126012694091, 0.00120896066073, 4.94252344652e-05, 3.18870988849e-05]}, "spectral_contrast_coeffs": {"min": [-0.975073039532, -0.978688836098, -0.981001973152, -0.986558973789, -0.991760194302, -0.97175848484], "max": [-0.338043212891, -0.369218885899, -0.449954479933, -0.480377018452, -0.542960047722, -0.604708731174], "dvar2": [0.00484428275377, 0.00362936710007, 0.00251519260928, 0.00180181895848, 0.000987441278994, 0.000731512962375], "median": [-0.616264462471, -0.743298888206, -0.758187770844, -0.748374044895, -0.746329188347, -0.750063538551], "dmean2": [0.086429476738, 0.0756528973579, 0.0623471327126, 0.052587851882, 0.0388249866664, 0.0324199721217], "dmean": [0.0515634156764, 0.0465480275452, 0.0382485724986, 0.0328968688846, 0.0254032127559, 0.0206972118467], "var": [0.00638473639265, 0.0057291095145, 0.00444728368893, 0.00391702773049, 0.00374722573906, 0.00168569548987], "dvar": [0.0017891038442, 0.00146208703518, 0.000987805426121, 0.000729014456738, 0.000465423567221, 0.000319404207403], "mean": [-0.61916410923, -0.738747894764, -0.751655995846, -0.743228673935, -0.741481721401, -0.749184846878]}, "dissonance": {"min": 0.318456560373, "max": 0.5, "dvar2": 0.000499794783536, "median": 0.476845562458, "dmean2": 0.0230214186013, "dmean": 0.0137315867469, "var": 0.000378782773623, "dvar": 0.000183047304745, "mean": 0.472453266382}, "spectral_energyband_high": {"min": 7.08434877433e-21, "max": 0.0212630201131, "dvar2": 4.01782381232e-06, "median": 0.000493547413498, "dmean2": 0.000907912792172, "dmean": 0.000664254417643, "var": 3.81991276299e-06, "dvar": 2.10793768929e-06, "mean": 0.00113751832396}, "gfcc": {"mean": [-10.278254509, 93.2057723999, -150.172103882, 40.3523674011, -57.7094955444, 18.2277545929, -42.7752952576, 13.7018995285, -22.1915493011, -5.62143468857, -17.5742835999, -9.88600254059, -8.25315570831], "icov": [[0.000153416913236, -0.000253366219113, 0.000378621334676, -0.000418694660766, 0.000425988342613, -0.000196625303943, 0.00020909649902, -0.000384157116059, 0.000450763851404, -0.000165843273862, 0.000397842261009, -0.00033118497231, 0.000300033512758], [-0.000253366219113, 0.00214205309749, -0.000917529396247, 0.00119448744226, -0.00153919262812, 0.000265765149379, -0.00017909341841, 0.000442071905127, -0.00156225066166, 0.00221653305925, -0.00183139403816, 0.00235900399275, -0.000491952931043], [0.000378621334676, -0.000917529396247, 0.00275670969859, -0.00168623565696, 0.000797671906184, -0.000924611929804, 0.000218589862925, -0.00115746236406, 0.000967405736446, -0.00107724952977, 0.00267282198183, -0.00243499781936, 0.00159009872004], [-0.000418694660766, 0.00119448744226, -0.00168623565696, 0.00555069418624, -0.00197680899873, 0.000138809016789, 0.00132557423785, -0.000453799642855, -0.00154717778787, 0.00187891721725, -0.00132791337091, 0.00187932979316, -0.00265751499683], [0.000425988342613, -0.00153919262812, 0.000797671906184, -0.00197680899873, 0.00703029613942, -0.000227014097618, -0.00194447080139, -0.000651615904644, -0.000223584836931, -0.000168149868841, -0.000193348518224, -0.000839797779918, -0.000506151525769], [-0.000196625303943, 0.000265765149379, -0.000924611929804, 0.000138809016789, -0.000227014097618, 0.00567533262074, -0.00255300360732, 0.00047371731489, 0.00180482387077, -0.00159790366888, 0.000826961710118, 7.72573985159e-05, -2.58414856944e-05], [0.00020909649902, -0.00017909341841, 0.000218589862925, 0.00132557423785, -0.00194447080139, -0.00255300360732, 0.0096199112013, -0.00189232488628, -0.000333947566105, 0.00199646945111, -0.00220713205636, 0.00159795454238, 0.00203070533462], [-0.000384157116059, 0.000442071905127, -0.00115746236406, -0.000453799642855, -0.000651615904644, 0.00047371731489, -0.00189232488628, 0.00994578376412, -0.00328700640239, -0.00121195754036, 0.00111963145901, 0.00124488631263, -0.00177183374763], [0.000450763851404, -0.00156225066166, 0.000967405736446, -0.00154717778787, -0.000223584836931, 0.00180482387077, -0.000333947566105, -0.00328700640239, 0.0142332138494, -0.00385231501423, 0.00189475598745, -0.000523876398802, 0.000412882101955], [-0.000165843273862, 0.00221653305925, -0.00107724952977, 0.00187891721725, -0.000168149868841, -0.00159790366888, 0.00199646945111, -0.00121195754036, -0.00385231501423, 0.0174754131585, -0.00458172336221, -0.00242608808912, 0.00396169954911], [0.000397842261009, -0.00183139403816, 0.00267282198183, -0.00132791337091, -0.000193348518224, 0.000826961710118, -0.00220713205636, 0.00111963145901, 0.00189475598745, -0.00458172336221, 0.0132952034473, -0.00236783432774, -0.00168152770493], [-0.00033118497231, 0.00235900399275, -0.00243499781936, 0.00187932979316, -0.000839797779918, 7.72573985159e-05, 0.00159795454238, 0.00124488631263, -0.000523876398802, -0.00242608808912, -0.00236783432774, 0.0150551600382, -0.00367267429829], [0.000300033512758, -0.000491952931043, 0.00159009872004, -0.00265751499683, -0.000506151525769, -2.58414856944e-05, 0.00203070533462, -0.00177183374763, 0.000412882101955, 0.00396169954911, -0.00168152770493, -0.00367267429829, 0.0141845233738]], "cov": [[17107.0585938, -400.838989258, -783.268371582, 631.685119629, -1008.4942627, 316.519134521, -628.965576172, 310.335540771, -384.522125244, 51.1730232239, -430.256469727, 119.785644531, -99.290435791], [-400.838989258, 1312.15393066, -189.510452271, -54.8216247559, 346.724029541, -111.607070923, 188.346908569, -0.750106692314, 106.6720047, -184.286895752, 157.307144165, -225.14616394, 58.7903404236], [-783.268371582, -189.510452271, 878.863525391, 111.356689453, -56.549243927, 138.595367432, -36.5094108582, 68.404296875, -2.23314547539, 68.2240219116, -155.177963257, 105.541923523, -65.7157974243], [631.685119629, -54.8216247559, 111.356689453, 326.622650146, 20.73097229, -2.46165990829, -62.6587753296, 57.755771637, 11.6499891281, -21.0827484131, -31.6646595001, 8.02839279175, 54.2421264648], [-1008.4942627, 346.724029541, -56.549243927, 20.73097229, 320.850158691, -42.803237915, 115.5260849, 4.94416284561, 60.0180740356, -57.4671859741, 83.2729949951, -65.6011734009, 46.2194366455], [316.519134521, -111.607070923, 138.595367432, -2.46165990829, -42.803237915, 258.426452637, 34.0529251099, 9.30569171906, -44.3113250732, 36.6231536865, -45.990562439, 26.7375583649, -38.8010749817], [-628.965576172, 188.346908569, -36.5094108582, -62.6587753296, 115.5260849, 34.0529251099, 194.570220947, 6.23232316971, 23.1918144226, -29.0635032654, 52.7223091125, -54.6352119446, -11.1565876007], [310.335540771, -0.750106692314, 68.404296875, 57.755771637, 4.94416284561, 9.30569171906, 6.23232316971, 139.366287231, 28.7353477478, 7.78662776947, -29.5681877136, -2.0353679657, 6.22865104675], [-384.522125244, 106.6720047, -2.23314547539, 11.6499891281, 60.0180740356, -44.3113250732, 23.1918144226, 28.7353477478, 106.136703491, -0.328690439463, 15.4387245178, -19.6606521606, 10.3382720947], [51.1730232239, -184.286895752, 68.2240219116, -21.0827484131, -57.4671859741, 36.6231536865, -29.0635032654, 7.78662776947, -0.328690439463, 106.090934753, -10.1014995575, 49.9649353027, -33.804107666], [-430.256469727, 157.307144165, -155.177963257, -31.6646595001, 83.2729949951, -45.990562439, 52.7223091125, -29.5681877136, 15.4387245178, -10.1014995575, 147.139175415, -23.8402633667, 31.3081207275], [119.785644531, -225.14616394, 105.541923523, 8.02839279175, -65.6011734009, 26.7375583649, -54.6352119446, -2.0353679657, -19.6606521606, 49.9649353027, -23.8402633667, 126.471374512, 1.14297246933], [-99.290435791, 58.7903404236, -65.7157974243, 54.2421264648, 46.2194366455, -38.8010749817, -11.1565876007, 6.22865104675, 10.3382720947, -33.804107666, 31.3081207275, 1.14297246933, 109.269523621]]}, "spectral_flux": {"min": 6.49115483586e-11, "max": 0.191764965653, "dvar2": 0.000611327879597, "median": 0.0767359063029, "dmean2": 0.0266177002341, "dmean": 0.0176314804703, "var": 0.00127513206098, "dvar": 0.000290944648441, "mean": 0.0773716196418}, "silence_rate_30dB": {"min": 1, "max": 1, "dvar2": 0, "median": 1, "dmean2": 0, "dmean": 0, "var": 0, "dvar": 0, "mean": 1}, "spectral_energyband_middle_high": {"min": 1.19367938115e-21, "max": 0.059681031853, "dvar2": 2.63971232926e-05, "median": 0.00689719803631, "dmean2": 0.00366970105097, "dmean": 0.00254188012332, "var": 5.88771908951e-05, "dvar": 1.14608201329e-05, "mean": 0.0090265609324}, "barkbands_spread": {"min": 2.54389810562, "max": 92.9848937988, "dvar2": 87.8296890259, "median": 27.2778282166, "dmean2": 8.77084445953, "dmean": 5.77129268646, "var": 154.83026123, "dvar": 43.7996788025, "mean": 28.4742851257}, "spectral_centroid": {"min": 250.258239746, "max": 11751.8417969, "dvar2": 187976.109375, "median": 1825.18139648, "dmean2": 379.134460449, "dmean": 255.963180542, "var": 913788.0625, "dvar": 96740.0078125, "mean": 1862.00366211}, "pitch_salience": {"min": 0.155301317573, "max": 0.816995441914, "dvar2": 0.00670588528737, "median": 0.55732858181, "dmean2": 0.097103536129, "dmean": 0.0615185014904, "var": 0.010348957032, "dvar": 0.00289810425602, "mean": 0.555254936218}, "erbbands_skewness": {"min": -2.7370326519, "max": 2.90646839142, "dvar2": 0.193717300892, "median": -0.179447233677, "dmean2": 0.48460495472, "dmean": 0.319524616003, "var": 0.504966020584, "dvar": 0.0834841951728, "mean": -0.258142083883}, "erbbands_crest": {"min": 2.66122436523, "max": 27.7615814209, "dvar2": 11.3538980484, "median": 7.78854417801, "dmean2": 3.78162264824, "dmean": 2.31970691681, "var": 12.8690128326, "dvar": 4.61395025253, "mean": 8.56418514252}, "melbands": {"min": [1.37676403079e-24, 1.14729336675e-24, 2.24227933903e-24, 9.57983808615e-25, 8.2464555873e-25, 2.49555181012e-24, 2.72320148736e-24, 1.55438444524e-24, 2.10398137272e-24, 2.09978226612e-24, 2.87267702105e-24, 2.58200780989e-24, 2.91548909403e-24, 3.50885488414e-24, 2.77834306185e-24, 4.14562774557e-24, 4.043066756e-24, 2.79644091153e-24, 4.48879919985e-24, 3.76107501479e-24, 3.33488738872e-24, 3.36107678191e-24, 5.14520089276e-24, 4.46211400758e-24, 4.51311110409e-24, 4.79973543097e-24, 5.29136695773e-24, 5.4625773843e-24, 4.90934647045e-24, 5.76617957557e-24, 4.89797070177e-24, 4.03514698694e-24, 5.22487939406e-24, 5.89777853507e-24, 5.0931384396e-24, 5.82569321442e-24, 6.19976513922e-24, 5.07631045877e-24, 7.32254534359e-24, 6.29376462139e-24], "max": [0.0038291409146, 0.00863182917237, 0.00786500331014, 0.00722678611055, 0.00565180461854, 0.00526569457725, 0.00787651073188, 0.00854039378464, 0.00556279486045, 0.00411120709032, 0.00323481811211, 0.00457845209166, 0.00520712230355, 0.00733236409724, 0.00326847122051, 0.00184719765093, 0.0013199460227, 0.00236851698719, 0.00187511288095, 0.00104843860026, 0.00218317704275, 0.000756681372877, 0.000550816126633, 0.00064423965523, 0.00046207185369, 0.000448116916232, 0.000316852296237, 0.000195661152247, 0.000153104672791, 0.000146488542669, 0.000265896815108, 0.000399021984776, 0.000165704870597, 0.000134919522679, 0.000147496539284, 0.000130468164571, 9.17944707908e-05, 8.71564843692e-05, 4.74585358461e-05, 3.04568802676e-05], "dvar2": [1.66696125348e-07, 1.11982114959e-06, 6.87820033818e-07, 3.70747443412e-07, 3.17283564755e-07, 1.23891354065e-07, 1.17264214339e-07, 2.05388602126e-07, 2.24541125249e-07, 1.01914842787e-07, 5.45288827425e-08, 7.84007454513e-08, 1.2889134382e-07, 1.51901502932e-07, 3.78821241043e-08, 1.8701568294e-08, 1.52881831639e-08, 2.39989805806e-08, 2.17377671419e-08, 6.88340051624e-09, 1.0768138381e-08, 4.93091123488e-09, 3.81787179649e-09, 2.71011701969e-09, 5.23434351418e-10, 5.82706161101e-10, 6.97434443531e-10, 2.7454755136e-10, 6.35579991415e-11, 8.47003717164e-11, 1.47105522208e-10, 1.47555656582e-09, 1.62191191033e-10, 5.03635848303e-11, 1.73267705739e-10, 3.64974508948e-11, 2.27050704626e-11, 1.63757740007e-11, 4.9745997252e-12, 7.2107385167e-12], "median": [0.000134026719024, 0.000702233985066, 0.000590120907873, 0.000154969995492, 0.000119168384117, 7.63692733017e-05, 6.26622204436e-05, 8.39761560201e-05, 9.21396131162e-05, 8.84306064108e-05, 6.9861402153e-05, 5.13525519636e-05, 3.85267849197e-05, 3.08489034069e-05, 3.33099014824e-05, 1.97962253878e-05, 2.22878006753e-05, 3.67147949873e-05, 4.0572405851e-05, 2.45222345256e-05, 2.51473138633e-05, 3.16159785143e-05, 2.84130983346e-05, 1.77475740202e-05, 9.0870908025e-06, 9.89499312709e-06, 8.61952685227e-06, 5.43026635569e-06, 2.237849003e-06, 1.21875586956e-06, 1.4967010884e-06, 2.17103388422e-06, 1.16895057545e-06, 8.98284611139e-07, 1.04152763925e-06, 4.02416219458e-07, 2.9669348578e-07, 2.74136851885e-07, 2.52864822414e-07, 2.47437412781e-07], "dmean2": [0.000265166774625, 0.000820197688881, 0.000621160143055, 0.000318741309457, 0.000304322340526, 0.000170851824805, 0.000148193372297, 0.000219652923988, 0.000224672316108, 0.000159615156008, 0.000117001298349, 0.000137022128911, 0.000116232629807, 0.000108082058432, 8.00386114861e-05, 5.68376563024e-05, 6.42606828478e-05, 8.3210914454e-05, 7.98087276053e-05, 4.31817097706e-05, 5.02633956785e-05, 4.52863205282e-05, 3.87004583899e-05, 3.23823405779e-05, 1.29344871311e-05, 1.28180590764e-05, 1.45565854837e-05, 9.49766126723e-06, 4.31036733062e-06, 3.82154848921e-06, 4.87518809678e-06, 1.28490764837e-05, 4.70041459266e-06, 2.56751377492e-06, 5.12835003974e-06, 1.56149235409e-06, 1.22645622014e-06, 1.03177399069e-06, 7.39985978271e-07, 1.02844410321e-06], "dmean": [0.000169991035364, 0.000481548311654, 0.000366626569303, 0.00019107638218, 0.000191902960069, 0.000108815584099, 9.27224100451e-05, 0.000136245012982, 0.000141319585964, 0.000101228244603, 7.33525885153e-05, 8.74775578268e-05, 7.42940901546e-05, 6.80115845171e-05, 5.08146440552e-05, 3.58137149306e-05, 4.01756078645e-05, 5.28311502421e-05, 5.07287695655e-05, 2.84687630483e-05, 3.3185697248e-05, 2.93812518066e-05, 2.47388197749e-05, 2.07020857488e-05, 8.17708132672e-06, 8.28755946713e-06, 9.61173918768e-06, 6.41664792056e-06, 2.91429455501e-06, 2.57477267951e-06, 3.33941193276e-06, 8.23999198474e-06, 3.12262136504e-06, 1.76731350621e-06, 3.34841706717e-06, 1.08023596113e-06, 8.59125862007e-07, 7.06357127456e-07, 5.13103827871e-07, 7.08780078185e-07], "var": [1.65541010233e-07, 1.61940351973e-06, 5.20715104813e-07, 2.20670699491e-07, 2.84874658973e-07, 1.20882404531e-07, 1.21198866054e-07, 1.54759590032e-07, 1.76423768039e-07, 6.851864498e-08, 4.84555471303e-08, 7.22828232824e-08, 1.01687533061e-07, 1.29501131596e-07, 3.24567928089e-08, 1.53010848436e-08, 1.79362320551e-08, 2.67736357529e-08, 2.36091004524e-08, 7.67121210998e-09, 1.70492153728e-08, 6.07959016463e-09, 4.0688461489e-09, 3.02428770915e-09, 4.22989171467e-10, 5.91460658228e-10, 8.83429884802e-10, 3.81879111666e-10, 7.7744047311e-11, 6.18253781504e-11, 1.13898765419e-10, 7.35492111659e-10, 1.00295674543e-10, 3.4652742481e-11, 1.04119622646e-10, 2.21865165129e-11, 1.46128525946e-11, 8.04128985621e-12, 3.53070784415e-12, 5.00143372897e-12], "dvar": [8.064628787e-08, 4.04932563924e-07, 2.44135350158e-07, 1.42602388564e-07, 1.33194447471e-07, 5.49344960632e-08, 5.03626367276e-08, 8.66709157776e-08, 9.22292358041e-08, 4.30103241911e-08, 2.08547721314e-08, 3.25965245906e-08, 4.92507084005e-08, 6.00112102234e-08, 1.49336152333e-08, 7.41920036518e-09, 6.20735551848e-09, 1.01263575303e-08, 9.29533250371e-09, 3.06645198123e-09, 4.69905447886e-09, 2.1731445532e-09, 1.61116531228e-09, 1.11012998794e-09, 2.12096840091e-10, 2.48924464374e-10, 3.03349179109e-10, 1.24611793106e-10, 3.14013710867e-11, 3.95010517351e-11, 7.25104351562e-11, 6.36893260353e-10, 7.45067271768e-11, 2.37454621937e-11, 7.43657427305e-11, 1.67872937773e-11, 1.07096553847e-11, 6.88225084561e-12, 2.24969652282e-12, 3.25735662401e-12], "mean": [0.000284824345727, 0.00115895504132, 0.000767564109992, 0.000295357254799, 0.000315940415021, 0.000196317123482, 0.00016774777032, 0.000213035978959, 0.000228196397074, 0.000163570482982, 0.000142833203427, 0.000152017179062, 0.000130834421725, 0.00011351206922, 8.70958174346e-05, 6.00548955845e-05, 7.31676482246e-05, 9.9413577118e-05, 9.35873395065e-05, 5.46125338587e-05, 6.95838098181e-05, 5.94868070039e-05, 5.06920187036e-05, 4.09264939663e-05, 1.584904021e-05, 1.71725914697e-05, 1.9769253413e-05, 1.36508351716e-05, 5.48734669792e-06, 3.74281376025e-06, 4.81868573843e-06, 1.00273282442e-05, 4.15733347836e-06, 2.64874415734e-06, 4.51240839539e-06, 1.45839658217e-06, 1.14927377126e-06, 1.00607678633e-06, 8.5342770717e-07, 1.02132696611e-06]}, "barkbands_skewness": {"min": -2.22181248665, "max": 5.3721113205, "dvar2": 0.283656597137, "median": 0.480391949415, "dmean2": 0.561928808689, "dmean": 0.374343127012, "var": 0.774435460567, "dvar": 0.130851447582, "mean": 0.577218830585}, "spectral_entropy": {"min": 5.61439418793, "max": 9.81647396088, "dvar2": 0.0391486659646, "median": 7.58512926102, "dmean2": 0.19947604835, "dmean": 0.147884130478, "var": 0.172003552318, "dvar": 0.0223628859967, "mean": 7.60105085373}, "spectral_rolloff": {"min": 129.19921875, "max": 19552.1484375, "dvar2": 1490060.875, "median": 2067.1875, "dmean2": 862.573913574, "dmean": 550.392272949, "var": 3443970.5, "dvar": 770570.0625, "mean": 2360.15820313}, "barkbands": {"min": [1.18760346875e-24, 1.34065047158e-24, 1.14965847035e-24, 3.2146318546e-24, 4.42592383027e-24, 8.67702425102e-24, 9.12665603433e-24, 3.0635902348e-24, 1.60236834948e-23, 1.58951938305e-23, 2.20113302474e-23, 2.74573955897e-23, 3.69482537156e-23, 4.66488983552e-23, 5.18235860798e-23, 5.91581370975e-23, 4.94515980892e-23, 9.28467639102e-23, 1.32020782359e-22, 1.99233208231e-22, 2.59566363114e-22, 2.60193261409e-22, 4.16667545383e-22, 5.12732224387e-22, 7.66625226088e-22, 1.321364483e-21, 1.8977463976e-21], "max": [0.000439300492872, 0.0127013204619, 0.0211449023336, 0.0196484960616, 0.026508031413, 0.0290059801191, 0.0333998948336, 0.0556714087725, 0.0227450430393, 0.0227333102375, 0.0402379073203, 0.0515359267592, 0.0241878498346, 0.0169012639672, 0.0223928038031, 0.0270825326443, 0.0131949400529, 0.0091636441648, 0.0120467087254, 0.00675867218524, 0.00698658032343, 0.0113787800074, 0.00704020820558, 0.00625520991161, 0.00579787464812, 0.000256071041804, 9.68720814853e-06], "dvar2": [3.00586711077e-09, 2.75356137536e-06, 7.65758341004e-06, 4.44136958322e-06, 8.09968878457e-06, 3.98779184252e-06, 2.55008217209e-06, 9.44502335187e-06, 5.05792468175e-06, 2.83226199826e-06, 7.64843207435e-06, 7.62966556067e-06, 2.89446029456e-06, 2.22816083806e-06, 3.35975391863e-06, 1.75118134393e-06, 1.45045032696e-06, 7.74174623075e-07, 3.28314968101e-07, 2.77927568959e-07, 1.18929456505e-07, 1.14051181299e-06, 2.41117305677e-07, 1.02142436731e-07, 2.31703452869e-07, 6.36179886548e-10, 3.5799613057e-13], "median": [4.28604334957e-06, 0.000731937936507, 0.0016656415537, 0.00097295519663, 0.000627155881375, 0.000403436919441, 0.000282925262582, 0.00043125875527, 0.000689442094881, 0.000343391322531, 0.000227404845646, 0.000285614951281, 0.000287402770482, 0.000264767732006, 0.000576655438635, 0.00031856977148, 0.000543186441064, 0.000369626388419, 0.000271388853434, 0.000203275485546, 6.0215301346e-05, 8.70434305398e-05, 5.63409994356e-05, 2.55189515883e-05, 3.2854219171e-05, 1.08490280581e-06, 6.47158104883e-10], "dmean2": [2.61404602497e-05, 0.00124480284285, 0.00209582899697, 0.00147936725989, 0.00159480050206, 0.000944766565226, 0.000715069007128, 0.00142748700455, 0.00116497208364, 0.000857451290358, 0.000837934436277, 0.000859895255417, 0.00077223131666, 0.000800869544037, 0.001042877906, 0.000663543585688, 0.000774690939579, 0.000590617943089, 0.000307781330775, 0.000313536758767, 0.000151630025357, 0.00037746594171, 0.000191962055396, 8.54242753121e-05, 0.000170017199707, 9.70457767835e-06, 1.24347764086e-07], "dmean": [1.63425847859e-05, 0.000758802401833, 0.00123409042135, 0.000864580506459, 0.000977738411166, 0.000601553474553, 0.000448626553407, 0.000886777648702, 0.000741528405342, 0.000538943975698, 0.000535345636308, 0.000539462314919, 0.000486062228447, 0.000500436639413, 0.000666502106469, 0.000425841659307, 0.000504310184624, 0.000379697070457, 0.00020063019474, 0.000213461331441, 0.000105458588223, 0.000251406512689, 0.000130350250402, 6.04969609412e-05, 0.000117341776786, 6.45518275633e-06, 7.00491540329e-08], "var": [2.03955008438e-09, 2.50835023508e-06, 1.01228433778e-05, 3.13216651193e-06, 6.1229725361e-06, 3.5621344523e-06, 2.41890143116e-06, 7.32073067411e-06, 3.6300202737e-06, 2.87989291792e-06, 6.23679079581e-06, 6.43757402941e-06, 2.44941134042e-06, 2.63576907855e-06, 3.634110044e-06, 2.55573604591e-06, 1.79836047209e-06, 9.08863171389e-07, 3.37459226785e-07, 4.20751462116e-07, 1.13421002368e-07, 6.53474842238e-07, 1.68528970335e-07, 6.52139746649e-08, 1.36848356647e-07, 3.47022910407e-10, 8.77461081225e-14], "dvar": [1.29090549361e-09, 1.10876419512e-06, 2.8449032925e-06, 1.55838915816e-06, 3.22632990901e-06, 1.73847024598e-06, 1.10233452233e-06, 3.95452480006e-06, 2.13343446376e-06, 1.15520185773e-06, 2.98780923913e-06, 3.0120277188e-06, 1.13968940241e-06, 9.14202871627e-07, 1.43091972404e-06, 7.4058817745e-07, 6.4479803541e-07, 3.19877301536e-07, 1.40329589726e-07, 1.28697180912e-07, 6.18463431579e-08, 5.13478312314e-07, 1.10900799655e-07, 4.74559662678e-08, 1.0472533063e-07, 2.86737772415e-10, 1.3035240747e-13], "mean": [2.22246871999e-05, 0.00134207447991, 0.00279691722244, 0.00153583451174, 0.00150766503066, 0.00104100618046, 0.000761343573686, 0.0013295665849, 0.00124608981423, 0.000945731939282, 0.000905252934899, 0.000900290440768, 0.000813305610791, 0.000908993941266, 0.00125702738296, 0.000881455722265, 0.00103233882692, 0.000773753039539, 0.000442936172476, 0.000473204388982, 0.000168796701473, 0.00032981147524, 0.000190336970263, 8.86500929482e-05, 0.000153990768013, 7.13679446562e-06, 4.94514971194e-08]}, "melbands_flatness_db": {"min": 0.00259613641538, "max": 0.385889410973, "dvar2": 0.000839974556584, "median": 0.148460164666, "dmean2": 0.031162314117, "dmean": 0.0219780988991, "var": 0.00333203468472, "dvar": 0.000458909838926, "mean": 0.157027959824}, "melbands_skewness": {"min": -1.56632554531, "max": 9.17973423004, "dvar2": 0.462274104357, "median": 1.36667239666, "dmean2": 0.704283893108, "dmean": 0.465385288, "var": 1.31845831871, "dvar": 0.208632856607, "mean": 1.55241620541}, "silence_rate_60dB": {"min": 0, "max": 1, "dvar2": 0.0126566132531, "median": 0, "dmean2": 0.0113077675924, "dmean": 0.00565318902954, "var": 0.0538747534156, "dvar": 0.00562146352604, "mean": 0.0571393445134}, "spectral_energyband_low": {"min": 1.57893712955e-23, "max": 0.0348431617022, "dvar2": 1.4918472516e-05, "median": 0.00413638167083, "dmean2": 0.00325864367187, "dmean": 0.00193792174105, "var": 1.9478276954e-05, "dvar": 5.45979582967e-06, "mean": 0.00513531500474}, "spectral_energyband_middle_low": {"min": 1.5971476049e-22, "max": 0.0564757883549, "dvar2": 2.99322964565e-05, "median": 0.00614961003885, "dmean2": 0.00440511573106, "dmean": 0.00276929629035, "var": 3.41927698173e-05, "dvar": 1.25482038129e-05, "mean": 0.00762206781656}, "melbands_kurtosis": {"min": -1.75751173496, "max": 104.353019714, "dvar2": 36.3452911377, "median": 1.61034226418, "dmean2": 3.75233268738, "dmean": 2.42392778397, "var": 45.9649009705, "dvar": 15.6902256012, "mean": 3.8852584362}, "spectral_decrease": {"min": -1.59101105623e-08, "max": 1.84225129757e-28, "dvar2": 3.68602268865e-18, "median": -5.1775268517e-09, "dmean2": 1.85479831494e-09, "dmean": 1.17652343423e-09, "var": 6.78310642965e-18, "dvar": 1.537930901e-18, "mean": -5.12769160466e-09}, "erbbands_kurtosis": {"min": -1.61239373684, "max": 16.4831924438, "dvar2": 2.52466797829, "median": 0.0996463298798, "dmean2": 1.25911986828, "dmean": 0.803913831711, "var": 3.09944939613, "dvar": 1.06787288189, "mean": 0.601930737495}, "melbands_crest": {"min": 1.63587009907, "max": 30.5362071991, "dvar2": 17.0227966309, "median": 11.6041717529, "dmean2": 4.79462146759, "dmean": 2.96529793739, "var": 30.01471138, "dvar": 7.25189781189, "mean": 12.6706371307}, "mfcc": {"mean": [-633.332641602, 111.537315369, -24.8113365173, 20.0876789093, 6.68036985397, 1.50855469704, -3.07206368446, 8.11457252502, 2.55172872543, 2.3833193779, 0.298525601625, -6.2883515358, -0.291861355305], "icov": [[0.000127156963572, 9.2520376711e-06, 9.12799077923e-06, -0.000143228826346, 0.000165051882504, -1.47752518842e-06, 0.000105726081529, -0.000143813595059, -6.04679325988e-06, 8.57300838106e-05, 4.87195793539e-05, 0.000159306437126, 0.000107066443888], [9.2520376711e-06, 0.000987595063634, 0.000302827364067, -4.10956090491e-05, -0.000474801578093, 0.00015821638226, -0.000339491904015, -0.000899826700334, 0.000124626181787, -0.000352097005816, -0.000248073978582, -0.000154208188178, 0.000113308342407], [9.12799077923e-06, 0.000302827364067, 0.00211255066097, -0.000340625148965, 0.000233958664467, -0.0012755759526, 0.000710049527697, -0.000707343860995, -0.000929939327762, 0.00093553372426, -0.000289324088953, -0.000476594374049, -1.02170370155e-05], [-0.000143228826346, -4.10956090491e-05, -0.000340625148965, 0.00561441900209, -0.00315293390304, 0.00145421933848, 0.000341328559443, -0.000546778785065, -0.000346856773831, -0.000544616545085, 0.00140593887772, -0.000441573065473, -0.00124505208805], [0.000165051882504, -0.000474801578093, 0.000233958664467, -0.00315293390304, 0.00869847368449, -0.00124493741896, -0.00020069439779, 0.00078495615162, -0.00111057714093, -0.000621242448688, 0.00160029891413, 2.18098921323e-05, -0.000954271876253], [-1.47752518842e-06, 0.00015821638226, -0.0012755759526, 0.00145421933848, -0.00124493741896, 0.00744280777872, -0.00213918369263, -0.0012329419842, 0.000301139691146, 0.00146394805051, -0.00186461373232, 0.000623174244538, 0.000999577576295], [0.000105726081529, -0.000339491904015, 0.000710049527697, 0.000341328559443, -0.00020069439779, -0.00213918369263, 0.00869854912162, -0.00324743450619, 0.00178608670831, -0.00329721160233, 0.00156478665303, 5.6645978475e-05, 0.00055629434064], [-0.000143813595059, -0.000899826700334, -0.000707343860995, -0.000546778785065, 0.00078495615162, -0.0012329419842, -0.00324743450619, 0.0145945763215, -0.00435293838382, -0.000703155994415, 0.000113215450256, 0.000752230989747, -0.00374033278786], [-6.04679325988e-06, 0.000124626181787, -0.000929939327762, -0.000346856773831, -0.00111057714093, 0.000301139691146, 0.00178608670831, -0.00435293838382, 0.0108836134896, -0.00300242286175, 0.00208405149169, -0.000327465153532, -0.000142810822581], [8.57300838106e-05, -0.000352097005816, 0.00093553372426, -0.000544616545085, -0.000621242448688, 0.00146394805051, -0.00329721160233, -0.000703155994415, -0.00300242286175, 0.0147250881419, -0.00489677488804, 0.000211977516301, 0.00205258233473], [4.87195793539e-05, -0.000248073978582, -0.000289324088953, 0.00140593887772, 0.00160029891413, -0.00186461373232, 0.00156478665303, 0.000113215450256, 0.00208405149169, -0.00489677488804, 0.0128149660304, -0.00123757508118, -0.00147317082155], [0.000159306437126, -0.000154208188178, -0.000476594374049, -0.000441573065473, 2.18098921323e-05, 0.000623174244538, 5.6645978475e-05, 0.000752230989747, -0.000327465153532, 0.000211977516301, -0.00123757508118, 0.0140896588564, -0.003862160258], [0.000107066443888, 0.000113308342407, -1.02170370155e-05, -0.00124505208805, -0.000954271876253, 0.000999577576295, 0.00055629434064, -0.00374033278786, -0.000142810822581, 0.00205258233473, -0.00147317082155, -0.003862160258, 0.0146426809952]], "cov": [[8714.83300781, -236.172546387, 98.0326156616, 181.703964233, -121.829521179, -56.4176368713, -153.840545654, 50.2555999756, 42.1493263245, -100.186721802, -92.5644836426, -112.575462341, -56.3333740234], [-236.172546387, 1336.17480469, -248.387115479, 72.9611129761, 109.269714355, -29.9603290558, 138.331985474, 109.878204346, 24.8723201752, 103.079612732, 16.0585212708, 11.8108177185, 19.9200057983], [98.0326156616, -248.387115479, 673.205932617, 19.409236908, -10.0754413605, 107.356575012, -66.4117355347, 34.8104133606, 65.1411590576, -62.0147132874, 2.95587110519, 22.0176143646, 22.1883068085], [181.703964233, 72.9611129761, 19.409236908, 297.44631958, 117.526512146, -59.7280731201, -15.0863494873, 29.5540752411, 51.2174835205, 6.16662025452, -52.6592712402, 17.7280979156, 42.2840690613], [-121.829521179, 109.269714355, -10.0754413605, 117.526512146, 177.942199707, -6.30298042297, 13.8819255829, 19.8439407349, 36.1205596924, 13.5201292038, -32.5865821838, 9.21370410919, 24.2086029053], [-56.4176368713, -29.9603290558, 107.356575012, -59.7280731201, -6.30298042297, 190.51751709, 41.5864295959, 21.62292099, -4.42444801331, -8.32225704193, 27.1487445831, -8.61994838715, -12.2510557175], [-153.840545654, 138.331985474, -66.4117355347, -15.0863494873, 13.8819255829, 41.5864295959, 173.726989746, 43.4052734375, -6.95692110062, 46.0441360474, 3.44881486893, -6.72222280502, -6.66983413696], [50.2555999756, 109.878204346, 34.8104133606, 29.5540752411, 19.8439407349, 21.62292099, 43.4052734375, 110.74230957, 47.8057861328, 20.0027751923, -2.94674229622, 3.34918475151, 26.0249328613], [42.1493263245, 24.8723201752, 65.1411590576, 51.2174835205, 36.1205596924, -4.42444801331, -6.95692110062, 47.8057861328, 132.315719604, 18.4688682556, -20.3180923462, 7.0421423912, 17.546453476], [-100.186721802, 103.079612732, -62.0147132874, 6.16662025452, 13.5201292038, -8.32225704193, 46.0441360474, 20.0027751923, 18.4688682556, 101.261528015, 26.4500522614, -1.07802915573, -6.4123210907], [-92.5644836426, 16.0585212708, 2.95587110519, -52.6592712402, -32.5865821838, 27.1487445831, 3.44881486893, -2.94674229622, -20.3180923462, 26.4500522614, 106.246116638, 7.09155464172, -0.129866272211], [-112.575462341, 11.8108177185, 22.0176143646, 17.7280979156, 9.21370410919, -8.61994838715, -6.72222280502, 3.34918475151, 7.0421423912, -1.07802915573, 7.09155464172, 82.1372680664, 27.1521472931], [-56.3333740234, 19.9200057983, 22.1883068085, 42.2840690613, 24.2086029053, -12.2510557175, -6.66983413696, 26.0249328613, 17.546453476, -6.4123210907, -0.129866272211, 27.1521472931, 89.695930481]]}, "spectral_energy": {"min": 9.95530608018e-21, "max": 0.0675690025091, "dvar2": 6.29070564173e-05, "median": 0.0221547856927, "dmean2": 0.00764868129045, "dmean": 0.00495460582897, "var": 0.000124426311231, "dvar": 2.7273208616e-05, "mean": 0.0218557659537}, "melbands_spread": {"min": 2.27220463753, "max": 193.776412964, "dvar2": 253.624176025, "median": 36.4492454529, "dmean2": 13.668633461, "dmean": 9.04634189606, "var": 480.490570068, "dvar": 123.012786865, "mean": 39.3902282715}, "erbbands_flatness_db": {"min": 0.0628333240747, "max": 0.453430384398, "dvar2": 0.0004233874497, "median": 0.177139550447, "dmean2": 0.0229560546577, "dmean": 0.0160485040396, "var": 0.00209010811523, "dvar": 0.000221734255319, "mean": 0.178766965866}, "spectral_contrast_valleys": {"min": [-27.7929039001, -28.0213565826, -27.8267879486, -27.6455020905, -27.5822582245, -27.4349708557], "max": [-5.91425895691, -4.89012432098, -5.45223522186, -5.52535104752, -5.67428064346, -7.45245504379], "dvar2": [0.363000690937, 0.251357704401, 0.184869006276, 0.15988637507, 0.155652180314, 0.233059197664], "median": [-7.6058716774, -6.73284339905, -7.08048725128, -7.35316038132, -7.32015609741, -10.1266136169], "dmean2": [0.730401813984, 0.583289921284, 0.491044223309, 0.42703050375, 0.382920861244, 0.456240475178], "dmean": [0.440243750811, 0.360268890858, 0.309911578894, 0.278351098299, 0.276819735765, 0.358934432268], "var": [3.58645129204, 3.60279989243, 3.43867516518, 3.29100251198, 3.48356413841, 3.40800452232], "dvar": [0.152843758464, 0.116468518972, 0.0921878367662, 0.0869984328747, 0.0941683128476, 0.150050073862], "mean": [-7.88981246948, -6.99340009689, -7.34757804871, -7.59488344193, -7.59686899185, -10.4048624039]}, "barkbands_flatness_db": {"min": 0.0302892141044, "max": 0.383614629507, "dvar2": 0.000578067498282, "median": 0.125147283077, "dmean2": 0.0269015561789, "dmean": 0.0179615002126, "var": 0.00184502871707, "dvar": 0.000285902176984, "mean": 0.131458655}, "zerocrossingrate": {"min": 0.0078125, "max": 0.5224609375, "dvar2": 0.000308297894662, "median": 0.0732421875, "dmean2": 0.0132869994268, "dmean": 0.01200504601, "var": 0.00229239580221, "dvar": 0.000236541440245, "mean": 0.0796961635351}, "spectral_skewness": {"min": -0.0736634135246, "max": 3.54851531982, "dvar2": 0.121480248868, "median": 1.44842290878, "dmean2": 0.350680887699, "dmean": 0.216737776995, "var": 0.133690401912, "dvar": 0.04587043