{"lowlevel": {"spectral_complexity": {"min": 0, "max": 55, "dvar2": 27.2439060211, "median": 23, "dmean2": 5.37120103836, "dmean": 3.75015068054, "var": 100.700828552, "dvar": 15.8383083344, "mean": 22.9974689484}, "silence_rate_20dB": {"min": 1, "max": 1, "dvar2": 0, "median": 1, "dmean2": 0, "dmean": 0, "var": 0, "dvar": 0, "mean": 1}, "average_loudness": 0.933960199356, "erbbands_spread": {"min": 3.58971619606, "max": 111.159538269, "dvar2": 90.5485992432, "median": 29.2380638123, "dmean2": 9.08880805969, "dmean": 6.03971385956, "var": 188.41229248, "dvar": 41.2682113647, "mean": 31.23919487}, "spectral_kurtosis": {"min": -1.26014471054, "max": 39.7974739075, "dvar2": 12.7622623444, "median": 4.18507671356, "dmean2": 2.82210659981, "dmean": 1.6937725544, "var": 9.84543991089, "dvar": 4.32168102264, "mean": 4.66051387787}, "barkbands_kurtosis": {"min": -1.87241733074, "max": 26.233959198, "dvar2": 4.66330623627, "median": -0.412242770195, "dmean2": 1.42409753799, "dmean": 0.902921020985, "var": 5.27214574814, "dvar": 2.04061961174, "mean": 0.323490917683}, "spectral_strongpeak": {"min": 0, "max": 11.1960725784, "dvar2": 3.84977865219, "median": 0.477249532938, "dmean2": 1.29776835442, "dmean": 0.75688457489, "var": 2.90997695923, "dvar": 1.50188028812, "mean": 1.31682622433}, "spectral_spread": {"min": 1152696.5, "max": 48852060, "dvar2": 1223903805440.0, "median": 3691470.5, "dmean2": 712771.4375, "dmean": 508663.125, "var": 26405375049700.0, "dvar": 620701941760, "mean": 4627277.5}, "spectral_rms": {"min": 3.09994044323e-12, "max": 0.0079701282084, "dvar2": 5.1468299489e-07, "median": 0.00456048920751, "dmean2": 0.000726296682842, "dmean": 0.000486316072056, "var": 2.37383460444e-06, "dvar": 2.45283672484e-07, "mean": 0.00426475377753}, "dynamic_complexity": 3.23233389854, "erbbands": {"min": [1.05387601265e-22, 6.32397854626e-22, 1.38972098438e-21, 5.11860776687e-21, 1.00895646022e-20, 1.61162280618e-20, 3.05082918409e-20, 4.53377176752e-20, 9.46358921129e-20, 2.15792771477e-19, 3.08880097473e-19, 3.15224495223e-19, 4.13013347799e-19, 5.83744667001e-19, 6.1337908453e-19, 9.68951614726e-19, 1.15275900505e-18, 2.00046600111e-18, 2.45203506444e-18, 3.26529422728e-18, 3.41181128162e-18, 3.60655668798e-18, 4.90827634229e-18, 5.28002909396e-18, 6.64395562547e-18, 7.59429557301e-18, 9.87102914536e-18, 9.74634738445e-18, 1.00142546412e-17, 9.83069333715e-18, 1.04589179872e-17, 9.07452535301e-18, 9.1831440936e-18, 7.38862538551e-18, 5.98578372849e-18, 4.25366793939e-18, 2.35451419253e-18, 9.58821547355e-19, 2.51891773514e-19, 2.5075348575e-20], "max": [0.316881358624, 2.45732927322, 24.1973514557, 48.374671936, 71.5145950317, 103.058624268, 201.652557373, 201.564224243, 604.914123535, 470.883758545, 807.127624512, 650.62677002, 625.732849121, 1008.91851807, 1035.16711426, 1540.85144043, 950.436828613, 734.628723145, 1253.64501953, 1277.44897461, 1918.49060059, 901.761962891, 524.45904541, 626.01751709, 580.061767578, 250.517272949, 241.731903076, 493.106842041, 605.23046875, 213.854019165, 202.599075317, 184.634628296, 79.8181838989, 50.7009735107, 55.1036720276, 3.05276918411, 0.398415863514, 0.0943876504898, 0.00483138952404, 0.000365546002286], "dvar2": [0.00184128351975, 0.156250864267, 6.13675689697, 21.5607681274, 27.8591156006, 143.560775757, 271.244140625, 225.967849731, 718.056518555, 885.88659668, 3354.82739258, 2983.32348633, 1948.265625, 4455.45068359, 7916.98486328, 5472.62744141, 3805.5690918, 3546.19165039, 7335.22949219, 7703.22509766, 5922.43359375, 4518.62841797, 2533.70507813, 637.528442383, 1102.70959473, 497.249328613, 143.493988037, 480.493743896, 3243.18481445, 199.594436646, 225.399871826, 72.406036377, 21.2926597595, 9.7211971283, 26.9999027252, 0.0590009391308, 0.00184184405953, 5.13906488777e-05, 2.19958621983e-07, 7.25654314415e-10], "median": [0.00695809349418, 0.214215397835, 1.4204852581, 3.1195371151, 2.11081218719, 2.02540302277, 2.90856456757, 3.26563954353, 4.19877338409, 6.68169403076, 10.6428146362, 13.2419490814, 14.5106601715, 13.161532402, 12.2055950165, 14.184589386, 12.8713111877, 13.0258932114, 26.0615196228, 28.441619873, 22.7725944519, 32.3221740723, 27.1021118164, 14.5157356262, 14.6744689941, 9.37370967865, 3.7978785038, 2.79794049263, 3.59820365906, 1.88581800461, 1.60858011246, 0.590477228165, 0.380068004131, 0.339823335409, 0.193944811821, 0.0173014439642, 0.00180339498911, 0.000219169538468, 2.53168909694e-05, 2.97770766338e-05], "dmean2": [0.0217920001596, 0.311911076307, 1.84333789349, 3.51270651817, 3.1469771862, 6.11200618744, 7.99542570114, 7.22396230698, 9.52236270905, 14.3214979172, 26.7088069916, 23.8744125366, 21.0091114044, 30.9293117523, 31.595489502, 26.971118927, 27.2064838409, 29.3541679382, 45.2623672485, 44.1874771118, 36.7634773254, 41.0746383667, 33.3985557556, 14.6778364182, 16.9634075165, 13.4243078232, 5.83082294464, 8.29842948914, 18.8161830902, 5.24859809875, 6.16252660751, 2.15977025032, 1.29261791706, 1.14256668091, 1.69833874702, 0.0884769037366, 0.014861532487, 0.00211031385697, 0.000134254180011, 1.45370440805e-05], "dmean": [0.0149067221209, 0.186083167791, 1.08240163326, 2.06346535683, 1.86089146137, 3.67362952232, 5.06572008133, 4.58542251587, 5.99769353867, 8.98746776581, 16.884683609, 15.1250133514, 13.4942016602, 19.7689819336, 20.0914726257, 17.4435310364, 17.2929477692, 18.5371189117, 28.8924407959, 28.6642303467, 24.7677059174, 26.4224033356, 21.8058948517, 9.65466499329, 11.3982934952, 9.27980327606, 4.08792591095, 5.77585792542, 12.164059639, 3.69379448891, 4.21972227097, 1.52105951309, 0.911043643951, 0.806522011757, 1.15080428123, 0.0622009634972, 0.00999279692769, 0.00137772667222, 8.79851868376e-05, 1.00525357993e-05], "var": [0.00207819929346, 0.154100075364, 9.52195930481, 17.8931446075, 17.2426719666, 81.2158050537, 209.791137695, 208.477798462, 606.969665527, 646.22668457, 2772.8581543, 1779.87084961, 1720.46960449, 4161.13427734, 6507.57714844, 6118.69775391, 3378.97143555, 3861.32348633, 8248.76074219, 7472.05126953, 10034.3671875, 5436.38964844, 3541.79614258, 761.850463867, 1268.46716309, 926.956359863, 169.347366333, 351.441802979, 1519.21508789, 155.911315918, 178.771286011, 44.8760147095, 12.5310811996, 6.93035745621, 14.8425531387, 0.0356072187424, 0.000873930577654, 1.91843773791e-05, 8.73111574151e-08, 6.33921526383e-10], "dvar": [0.001061230083, 0.0566130355, 2.30602645874, 7.91550207138, 10.3917617798, 55.6836585999, 112.098426819, 99.4872817993, 270.957855225, 376.741760254, 1412.98547363, 1199.72644043, 765.851257324, 1831.32434082, 3030.94018555, 2262.66894531, 1460.78076172, 1367.19287109, 2959.04370117, 3259.64331055, 2613.39599609, 1878.56481934, 1072.8536377, 275.407318115, 468.500610352, 242.949035645, 74.0797424316, 234.091217041, 1354.61535645, 99.1206588745, 108.086494446, 33.3797225952, 9.33234214783, 4.43857145309, 12.0588569641, 0.0266549140215, 0.000781704962719, 2.05675823963e-05, 8.99788688002e-08, 3.34006627911e-10], "mean": [0.0234286617488, 0.363111227751, 2.62259578705, 4.20729923248, 3.26535511017, 5.18015575409, 8.34466648102, 8.06054210663, 11.0452947617, 14.875538826, 27.2761383057, 25.2322998047, 27.5609836578, 36.6849403381, 37.2609138489, 34.0700836182, 31.9560565948, 37.548828125, 59.5987625122, 56.6946868896, 56.9243354797, 58.6943130493, 50.6056594849, 23.7440891266, 26.1512145996, 22.4986057281, 8.215508461, 8.58289337158, 15.073015213, 5.67568826675, 6.14486122131, 2.12535810471, 1.39739274979, 1.2348638773, 1.40223586559, 0.0832278728485, 0.0113840010017, 0.00143215793651, 0.000101678779174, 3.24959401041e-05]}, "spectral_contrast_coeffs": {"min": [-0.979425251484, -0.988102555275, -0.979458451271, -0.973115503788, -0.968626499176, -0.965793251991], "max": [-0.338094502687, -0.376828342676, -0.437738746405, -0.478789001703, -0.527317047119, -0.607317864895], "dvar2": [0.00482719577849, 0.00364952883683, 0.0023832321167, 0.00174806045834, 0.000973549322225, 0.000699591473676], "median": [-0.62056106329, -0.745799779892, -0.757749676704, -0.748334825039, -0.747352421284, -0.751136720181], "dmean2": [0.0849501416087, 0.0754678174853, 0.0595298558474, 0.0510345771909, 0.0375675149262, 0.0298766065389], "dmean": [0.0508306398988, 0.0461939424276, 0.0367366522551, 0.0320878252387, 0.0246488712728, 0.0190150272101], "var": [0.00786691717803, 0.00633542425931, 0.00515523878857, 0.00475850375369, 0.00453835353255, 0.0023529981263], "dvar": [0.00177286798134, 0.00146752619185, 0.000950304267462, 0.00072829099372, 0.000470427010441, 0.000306529836962], "mean": [-0.626718640327, -0.744172334671, -0.754380345345, -0.745142817497, -0.745429694653, -0.753471374512]}, "dissonance": {"min": 0.294932633638, "max": 0.499999910593, "dvar2": 0.00050416571321, "median": 0.477679431438, "dmean2": 0.0222624279559, "dmean": 0.0132495462894, "var": 0.000362653576303, "dvar": 0.000183182448382, "mean": 0.473541408777}, "spectral_energyband_high": {"min": 7.05844041125e-21, "max": 0.0228576473892, "dvar2": 4.40728217654e-06, "median": 0.000494305451866, "dmean2": 0.000922143866774, "dmean": 0.00066819996573, "var": 3.99415239372e-06, "dvar": 2.25046210289e-06, "mean": 0.00115043343976}, "gfcc": {"mean": [-28.2847824097, 88.0776748657, -146.30027771, 37.3273162842, -54.944393158, 16.5686836243, -40.9049453735, 13.0609407425, -22.1270751953, -4.81691598892, -18.5623168945, -8.03697872162, -9.73947620392], "icov": [[0.000147317143274, -0.000267954426818, 0.000389756809454, -0.000469328108011, 0.00056104362011, -0.000299222534522, 0.000229710203712, -0.000352072675014, 0.000375969917513, -0.000131927969051, 0.000340310536558, -0.000217979599256, 0.000155010973685], [-0.000267954426818, 0.00173689157236, -0.000440164090833, 0.000924308260437, -0.0016805799678, 0.000409722706536, -0.000156006455654, 0.0002321141219, -0.00107904407196, 0.00172419275623, -0.00114486005623, 0.00154983147513, 0.000266577815637], [0.000389756809454, -0.000440164090833, 0.00233796285465, -0.0014535326045, 0.000894048891496, -0.0010322232265, 5.61227207072e-05, -0.000860772153828, 0.000317258789437, -0.000450547173386, 0.00200620200485, -0.00167338445317, 0.000872197852004], [-0.000469328108011, 0.000924308260437, -0.0014535326045, 0.005597430747, -0.00213847332634, 0.000253605248872, 0.00136873894371, -0.000561149732675, -0.00133089348674, 0.00174147682264, -0.000938172102906, 0.00129299378023, -0.00209174049087], [0.00056104362011, -0.0016805799678, 0.000894048891496, -0.00213847332634, 0.00792042259127, -0.000691233261023, -0.00195284315851, -0.000657809199765, -0.000587840506341, 5.83578230362e-06, -0.000641187827569, -2.37935837504e-05, -0.00161227269564], [-0.000299222534522, 0.000409722706536, -0.0010322232265, 0.000253605248872, -0.000691233261023, 0.00637998245656, -0.0027088355273, 0.000621929822955, 0.0022059911862, -0.00172807124909, 0.00117840582971, -0.000544637267012, 0.000864758214448], [0.000229710203712, -0.000156006455654, 5.61227207072e-05, 0.00136873894371, -0.00195284315851, -0.0027088355273, 0.00989792868495, -0.00182381155901, -0.000657044292893, 0.00198571686633, -0.00243900669739, 0.00205864524469, 0.00156431563664], [-0.000352072675014, 0.0002321141219, -0.000860772153828, -0.000561149732675, -0.000657809199765, 0.000621929822955, -0.00182381155901, 0.0104876291007, -0.00346974260174, -0.00142028310802, 0.00121214403771, 0.00108639069367, -0.0015236500185], [0.000375969917513, -0.00107904407196, 0.000317258789437, -0.00133089348674, -0.000587840506341, 0.0022059911862, -0.000657044292893, -0.00346974260174, 0.0155206546187, -0.00424521882087, 0.00214146613143, -0.000552606885321, 0.00048632081598], [-0.000131927969051, 0.00172419275623, -0.000450547173386, 0.00174147682264, 5.83578230362e-06, -0.00172807124909, 0.00198571686633, -0.00142028310802, -0.00424521882087, 0.0182631649077, -0.00449339719489, -0.00302251754329, 0.00418660510331], [0.000340310536558, -0.00114486005623, 0.00200620200485, -0.000938172102906, -0.000641187827569, 0.00117840582971, -0.00243900669739, 0.00121214403771, 0.00214146613143, -0.00449339719489, 0.0134904338047, -0.00220231385902, -0.00183096015826], [-0.000217979599256, 0.00154983147513, -0.00167338445317, 0.00129299378023, -2.37935837504e-05, -0.000544637267012, 0.00205864524469, 0.00108639069367, -0.000552606885321, -0.00302251754329, -0.00220231385902, 0.0157171692699, -0.00409544073045], [0.000155010973685, 0.000266577815637, 0.000872197852004, -0.00209174049087, -0.00161227269564, 0.000864758214448, 0.00156431563664, -0.0015236500185, 0.00048632081598, 0.00418660510331, -0.00183096015826, -0.00409544073045, 0.0151667920873]], "cov": [[37117.3710938, 1390.49133301, -3302.6940918, 1368.27758789, -1944.87768555, 584.94934082, -1276.08178711, 458.850982666, -678.918151855, -143.46005249, -622.510742188, -106.353019714, -130.044067383], [1390.49133301, 1404.14001465, -359.477264404, -6.33423137665, 274.241333008, -95.7357406616, 121.43409729, 35.3982543945, 47.3544464111, -150.410934448, 89.1597366333, -191.486404419, 5.60788106918], [-3302.6940918, -359.477264404, 1107.88098145, 28.2205352783, 57.6578674316, 96.0696334839, 59.0597000122, 22.006565094, 61.3649253845, 53.0133323669, -87.21925354, 93.0576400757, -24.9772853851], [1368.27758789, -6.33423137665, 28.2205352783, 338.541320801, -18.6031284332, 7.29172372818, -82.2359313965, 57.6833877563, -0.77045583725, -26.9960975647, -39.2910690308, 3.20201039314, 46.675693512], [-1944.87768555, 274.241333008, 57.6578674316, -18.6031284332, 361.544006348, -57.5090904236, 144.385025024, 1.54021275043, 66.2061080933, -39.4136390686, 84.6270904541, -49.3094520569, 41.8089408875], [584.94934082, -95.7357406616, 96.0696334839, 7.29172372818, -57.5090904236, 245.237243652, 22.3157176971, 2.95442509651, -42.2945289612, 27.4450435638, -42.7958755493, 20.6928100586, -36.7140693665], [-1276.08178711, 121.43409729, 59.0597000122, -82.2359313965, 144.385025024, 22.3157176971, 207.102264404, 3.04659342766, 30.3157844543, -15.8051366806, 51.6674156189, -40.8819770813, -12.2198581696], [458.850982666, 35.3982543945, 22.006565094, 57.6833877563, 1.54021275043, 2.95442509651, 3.04659342766, 129.56010437, 27.9767684937, 2.77837467194, -23.0316238403, -8.58266353607, 7.31273031235], [-678.918151855, 47.3544464111, 61.3649253845, -0.77045583725, 66.2061080933, -42.2945289612, 30.3157844543, 27.9767684937, 100.108413696, 10.299533844, 8.85936164856, -6.76761054993, 4.79351568222], [-143.46005249, -150.410934448, 53.0133323669, -26.9960975647, -39.4136390686, 27.4450435638, -15.8051366806, 2.77837467194, 10.299533844, 91.0423660278, 5.45624923706, 36.5226745605, -21.4478378296], [-622.510742188, 89.1597366333, -87.21925354, -39.2910690308, 84.6270904541, -42.7958755493, 51.6674156189, -23.0316238403, 8.85936164856, 5.45624923706, 129.164794922, -5.18525314331, 20.588104248], [-106.353019714, -191.486404419, 93.0576400757, 3.20201039314, -49.3094520569, 20.6928100586, -40.8819770813, -8.58266353607, -6.76761054993, 36.5226745605, -5.18525314331, 107.217475891, 14.9365682602], [-130.044067383, 5.60788106918, -24.9772853851, 46.675693512, 41.8089408875, -36.7140693665, -12.2198581696, 7.31273031235, 4.79351568222, -21.4478378296, 20.588104248, 14.9365682602, 95.8558731079]]}, "spectral_flux": {"min": 6.4008846834e-11, "max": 0.207152992487, "dvar2": 0.00059895782033, "median": 0.0737526118755, "dmean2": 0.0256355963647, "dmean": 0.0172633025795, "var": 0.00139043841045, "dvar": 0.000286724010948, "mean": 0.0745820179582}, "silence_rate_30dB": {"min": 1, "max": 1, "dvar2": 0, "median": 1, "dmean2": 0, "dmean": 0, "var": 0, "dvar": 0, "mean": 1}, "spectral_energyband_middle_high": {"min": 1.06199943719e-21, "max": 0.0533507801592, "dvar2": 2.49375425483e-05, "median": 0.0067149437964, "dmean2": 0.00356999551877, "dmean": 0.00245766760781, "var": 6.13421507296e-05, "dvar": 1.09928805614e-05, "mean": 0.00896564032882}, "barkbands_spread": {"min": 2.50077342987, "max": 92.7333221436, "dvar2": 86.3491821289, "median": 27.7337322235, "dmean2": 8.53666877747, "dmean": 5.67191076279, "var": 154.551376343, "dvar": 43.0261192322, "mean": 28.9279708862}, "spectral_centroid": {"min": 255.826721191, "max": 11851.3300781, "dvar2": 186950.59375, "median": 1868.53955078, "dmean2": 368.902557373, "dmean": 251.790771484, "var": 1890914.875, "dvar": 92841.3828125, "mean": 2002.06604004}, "pitch_salience": {"min": 0.158259630203, "max": 0.991121828556, "dvar2": 0.00688649946824, "median": 0.567992329597, "dmean2": 0.0962842702866, "dmean": 0.0607870481908, "var": 0.010900510475, "dvar": 0.00290451827459, "mean": 0.567707002163}, "erbbands_skewness": {"min": -3.01106500626, "max": 2.92896342278, "dvar2": 0.177714973688, "median": -0.187593400478, "dmean2": 0.467528909445, "dmean": 0.306692123413, "var": 0.484030246735, "dvar": 0.0784740746021, "mean": -0.267812639475}, "erbbands_crest": {"min": 2.34661030769, "max": 28.5079593658, "dvar2": 11.7563838959, "median": 7.56953477859, "dmean2": 3.68612003326, "dmean": 2.27107667923, "var": 12.676700592, "dvar": 4.60079097748, "mean": 8.33072376251}, "melbands": {"min": [1.30321034416e-24, 7.07613951225e-25, 1.31812514008e-24, 1.22685541246e-24, 1.49319684356e-24, 1.13980263942e-24, 1.40521163693e-24, 2.16986092185e-24, 2.4866455705e-24, 1.59775759554e-24, 2.07885201137e-24, 1.28811736428e-24, 1.73857074623e-24, 2.24562253155e-24, 1.98636043682e-24, 2.28728977013e-24, 2.36207654496e-24, 2.8037313668e-24, 3.38668872892e-24, 3.44201509408e-24, 3.31782787721e-24, 2.53905374195e-24, 3.48833582314e-24, 3.94183263046e-24, 3.35166054371e-24, 4.36722153486e-24, 3.52359475016e-24, 3.60814880629e-24, 4.51223941279e-24, 4.55771172195e-24, 4.69111362305e-24, 4.91439399696e-24, 4.75787965463e-24, 5.62974410986e-24, 5.30888676958e-24, 5.39987240866e-24, 4.98252357461e-24, 5.00849958092e-24, 5.8935356467e-24, 5.98064916203e-24], "max": [0.00278796325438, 0.0090351914987, 0.00672890199348, 0.00581709761173, 0.00554279517382, 0.00515464320779, 0.0087001118809, 0.00810915511101, 0.00530677335337, 0.00377654656768, 0.00325494632125, 0.00372677948326, 0.00429885229096, 0.00653974618763, 0.00331124989316, 0.00175161252264, 0.00159720028751, 0.00255590281449, 0.00177524087485, 0.0012302075047, 0.00229769106954, 0.000970612745732, 0.000767052231822, 0.000560833490454, 0.000574398960453, 0.000565937254578, 0.000339815975167, 0.000179950176971, 0.000139589013997, 0.000154494890012, 0.000312276592012, 0.000437245442299, 0.000221638401854, 0.000107605679659, 0.00012265080295, 0.000130242362502, 0.00011492955673, 6.12122676102e-05, 4.51198393421e-05, 4.28527891927e-05], "dvar2": [1.41086928807e-07, 9.31445754304e-07, 5.42722489172e-07, 3.15129994988e-07, 3.16009277412e-07, 1.13441110727e-07, 1.37292062163e-07, 1.79753925522e-07, 2.051091883e-07, 1.04340358575e-07, 5.23697814003e-08, 7.31298470669e-08, 1.29611336774e-07, 1.2647851122e-07, 4.0332388096e-08, 1.56985073829e-08, 1.78522405747e-08, 2.43169608893e-08, 2.69643383177e-08, 6.9797998492e-09, 1.04118589306e-08, 5.83549608635e-09, 3.64923535834e-09, 2.37884445475e-09, 4.85737172706e-10, 7.73313801883e-10, 6.58917032048e-10, 2.323560927e-10, 6.57045598484e-11, 8.4723547622e-11, 1.99302213622e-10, 1.52360912775e-09, 1.88390858469e-10, 5.04387261124e-11, 1.37929459521e-10, 3.29461874449e-11, 2.66551346967e-11, 1.27626589852e-11, 5.98638976931e-12, 8.02059287042e-12], "median": [0.000125178776216, 0.000647382519674, 0.00054547842592, 0.000145895188325, 0.000111461398774, 7.31005420676e-05, 5.89823466726e-05, 7.80657064752e-05, 8.97861391422e-05, 8.68174684001e-05, 6.98130752426e-05, 5.11332182214e-05, 3.91889261664e-05, 3.08158560074e-05, 3.30987968482e-05, 1.91587532754e-05, 2.16032749449e-05, 3.65247324225e-05, 4.07544794143e-05, 2.35935658566e-05, 2.5780616852e-05, 3.14544449793e-05, 2.81894208456e-05, 1.72392246895e-05, 9.03470208868e-06, 9.85213773674e-06, 8.62016531755e-06, 5.32039121026e-06, 2.21892901209e-06, 1.19051446745e-06, 1.50765526996e-06, 2.19430285142e-06, 1.15860643746e-06, 9.01391672414e-07, 1.06024890556e-06, 4.02346472583e-07, 2.81835923488e-07, 2.52622101016e-07, 2.33033347286e-07, 2.36000545328e-07], "dmean2": [0.00024573263363, 0.000744759978261, 0.000558028346859, 0.000296995014651, 0.000288844603347, 0.000163343516761, 0.000138989678817, 0.000197492277948, 0.000212419705349, 0.000150888066855, 0.000109310458356, 0.000130849570269, 0.000113859394332, 9.93726571323e-05, 7.8765770013e-05, 5.21645742992e-05, 6.28729103482e-05, 8.09135308373e-05, 7.92786595412e-05, 4.28742423537e-05, 4.81874776597e-05, 4.54954570159e-05, 3.70763591491e-05, 3.02184434986e-05, 1.2368554053e-05, 1.2617891116e-05, 1.3958890122e-05, 9.04327407625e-06, 4.21200957135e-06, 3.8279704313e-06, 5.12150518261e-06, 1.29020490931e-05, 4.8325869102e-06, 2.60043725575e-06, 4.82886616737e-06, 1.57334011419e-06, 1.2498948081e-06, 9.96058361125e-07, 7.44951023535e-07, 1.01443129097e-06], "dmean": [0.000158309543622, 0.000436207250459, 0.000328720518155, 0.000178231333848, 0.000182135176146, 0.00010399594612, 8.73648896231e-05, 0.000124369122204, 0.00013506016694, 9.56774529186e-05, 6.99319789419e-05, 8.36903636809e-05, 7.23265911802e-05, 6.40121288598e-05, 4.93931220262e-05, 3.36600860464e-05, 3.96240466216e-05, 5.15484352945e-05, 5.0395483413e-05, 2.84927155008e-05, 3.24219618051e-05, 2.91211945296e-05, 2.39923811023e-05, 1.95253269339e-05, 7.89826117398e-06, 8.23888876766e-06, 9.33359206101e-06, 6.15282533545e-06, 2.86183831122e-06, 2.60864203483e-06, 3.48854018739e-06, 8.25777624414e-06, 3.22175424117e-06, 1.78834409326e-06, 3.24203369928e-06, 1.08055030523e-06, 8.67902258506e-07, 6.89092928496e-07, 5.15511715093e-07, 7.0069955882e-07], "var": [1.50265066168e-07, 1.34932338369e-06, 4.30386421613e-07, 1.81304898206e-07, 2.58628489291e-07, 1.04857996064e-07, 1.18170085273e-07, 1.37031278769e-07, 1.65772348737e-07, 6.63591279704e-08, 4.73916124122e-08, 6.94159609793e-08, 9.96469609049e-08, 1.2094541546e-07, 3.12347836484e-08, 1.33955211368e-08, 1.88786888344e-08, 2.65219117779e-08, 2.39811459579e-08, 7.91049092896e-09, 1.68794329625e-08, 5.97586913287e-09, 4.17877910053e-09, 2.92822321946e-09, 4.5773976276e-10, 6.62443822019e-10, 9.18508769043e-10, 4.02633620888e-10, 8.19705761601e-11, 6.71675354225e-11, 1.33905719846e-10, 7.21878612442e-10, 1.09385306368e-10, 3.62603315429e-11, 1.03145235408e-10, 2.22046252912e-11, 1.53432457711e-11, 7.22239108797e-12, 3.70791895452e-12, 5.44328427818e-12], "dvar": [7.05890101926e-08, 3.39593043464e-07, 1.96853875423e-07, 1.20966930695e-07, 1.29620033817e-07, 4.97094845286e-08, 5.25703747201e-08, 7.64932224229e-08, 8.46468921623e-08, 4.22976782488e-08, 2.05570547251e-08, 3.02468485813e-08, 4.96334102706e-08, 5.05575421528e-08, 1.51682701954e-08, 6.19165474447e-09, 6.86206824696e-09, 9.92516202558e-09, 1.04293542691e-08, 3.10710146501e-09, 4.65387417492e-09, 2.41251796318e-09, 1.57659396649e-09, 9.88575221683e-10, 2.05963260336e-10, 3.13279013842e-10, 2.92800478308e-10, 1.1129457772e-10, 3.24871900215e-11, 4.19545231889e-11, 9.44374786704e-11, 6.39000463654e-10, 8.46349448858e-11, 2.42514949095e-11, 6.39897718147e-11, 1.58047012977e-11, 1.20177088767e-11, 5.57626124095e-12, 2.55534222254e-12, 3.59643521561e-12], "mean": [0.000268185307505, 0.00105863017961, 0.000705743907019, 0.000275468890322, 0.000299855746562, 0.00018466138863, 0.000157715941896, 0.000200167021831, 0.000220179092139, 0.000160732641234, 0.000139798255987, 0.000150828971528, 0.000129327148898, 0.000111953500891, 8.566769975e-05, 5.81563654123e-05, 7.31430118321e-05, 9.86446757452e-05, 9.30533642531e-05, 5.4971773352e-05, 6.91855020705e-05, 5.91445168538e-05, 5.07052900502e-05, 4.06020335504e-05, 1.60782255989e-05, 1.73100124812e-05, 2.00713111553e-05, 1.38849709401e-05, 5.54602684133e-06, 3.81243899028e-06, 5.00039868712e-06, 1.00571596704e-05, 4.23872415922e-06, 2.71718113254e-06, 4.57881105831e-06, 1.47181458487e-06, 1.15502734843e-06, 9.92132186184e-07, 8.50541937325e-07, 1.02620140296e-06]}, "barkbands_skewness": {"min": -2.82246565819, "max": 4.62150621414, "dvar2": 0.260858535767, "median": 0.424254149199, "dmean2": 0.533720195293, "dmean": 0.355144709349, "var": 0.809352815151, "dvar": 0.123225390911, "mean": 0.515080332756}, "spectral_entropy": {"min": 5.62364053726, "max": 9.81924438477, "dvar2": 0.0394745096564, "median": 7.603703022, "dmean2": 0.196484223008, "dmean": 0.145404472947, "var": 0.229509577155, "dvar": 0.0221524387598, "mean": 7.64664363861}, "spectral_rolloff": {"min": 129.19921875, "max": 19444.4824219, "dvar2": 1555855, "median": 2174.85351563, "dmean2": 862.608764648, "dmean": 544.245056152, "var": 6703072, "dvar": 800858.3125, "mean": 2602.99023438}, "barkbands": {"min": [2.52414436945e-25, 2.35353081477e-24, 5.62720220281e-25, 1.00432001907e-24, 1.02090978363e-23, 6.45895051722e-24, 6.77890263962e-24, 1.17751981479e-23, 1.52368247185e-23, 9.68223262608e-24, 9.59769829148e-24, 1.64808410111e-23, 2.49047978949e-23, 2.79266352997e-23, 4.17266114105e-23, 5.20447353459e-23, 5.60466740498e-23, 1.00662034142e-22, 1.23033208024e-22, 1.59895226621e-22, 2.22358053512e-22, 2.60466270391e-22, 3.76616054861e-22, 5.90053972179e-22, 8.17490169463e-22, 1.33008936035e-21, 1.84512369542e-21], "max": [0.000579403946176, 0.0102462572977, 0.0224929973483, 0.0173319075257, 0.0257212463766, 0.0343493781984, 0.0364279821515, 0.0523991584778, 0.0277203861624, 0.0205649062991, 0.0337234586477, 0.0437536463141, 0.0256699025631, 0.0231888517737, 0.0237374268472, 0.0278265643865, 0.0149858305231, 0.00789083819836, 0.0149173475802, 0.00612349109724, 0.00791792664677, 0.0113661559299, 0.00715083116665, 0.0058322083205, 0.00502627016976, 0.000280614418443, 2.58014460996e-05], "dvar2": [2.34077335293e-09, 2.23576898861e-06, 6.87823694534e-06, 3.41820691574e-06, 7.70701444708e-06, 3.60317494597e-06, 2.77980348073e-06, 8.28281281429e-06, 5.31716250407e-06, 2.7878295441e-06, 7.64659398556e-06, 6.23520600129e-06, 2.69641896011e-06, 2.62083722191e-06, 3.79454650101e-06, 1.62158926287e-06, 1.57098088494e-06, 7.33635033612e-07, 3.88540399854e-07, 2.46297162221e-07, 1.54058625412e-07, 1.22900269162e-06, 2.10909064435e-07, 1.02804527558e-07, 2.30351986374e-07, 5.34088440141e-10, 5.64755403901e-12], "median": [2.5339097192e-05, 0.000675743212923, 0.00151730980724, 0.000910527363885, 0.000593822158407, 0.000384531973395, 0.000265018752543, 0.000406855950132, 0.00068724330049, 0.000339884310961, 0.0002261637419, 0.000290944939479, 0.000283371424302, 0.000261933746515, 0.000565657159314, 0.000315792509355, 0.000542001042049, 0.000349775596987, 0.000267572584562, 0.000194833381101, 5.99087943556e-05, 8.75674595591e-05, 5.72862809349e-05, 2.39517867158e-05, 3.15561119351e-05, 1.27071791667e-06, 3.28837792551e-08], "dmean2": [2.83819990727e-05, 0.00113822438288, 0.00192670768593, 0.00130471691955, 0.00152159901336, 0.000889611488674, 0.000668679829687, 0.00130096892826, 0.00111290428322, 0.000803312635981, 0.000828696181998, 0.000788129051216, 0.000730703060981, 0.000784060626756, 0.00103569007479, 0.000633705989458, 0.000770344515331, 0.000564538990147, 0.000300472398521, 0.000299396779155, 0.000157444141223, 0.000386132538551, 0.000185970464372, 8.58442363096e-05, 0.000166442507179, 8.22361107566e-06, 6.58199041936e-07], "dmean": [1.82607509487e-05, 0.00070406217128, 0.00113150267862, 0.000764652271755, 0.000929069123231, 0.000571776647121, 0.000420111842686, 0.000816042535007, 0.000706576858647, 0.000514002575073, 0.000525533047039, 0.000506493961439, 0.000464027165435, 0.000492776918691, 0.000660392979626, 0.000414596899645, 0.000498032139149, 0.000364941253792, 0.000199807691388, 0.000205629650736, 0.000109693821287, 0.000255233113421, 0.000128361803945, 6.06281937507e-05, 0.000114886002848, 5.54231382921e-06, 4.16462995645e-07], "var": [2.04215200306e-09, 2.25839676204e-06, 8.45958038553e-06, 2.61378772848e-06, 5.32130934516e-06, 3.14930434797e-06, 2.31047965826e-06, 6.61204785501e-06, 3.52668234882e-06, 2.75457318821e-06, 6.12278199696e-06, 6.01738793193e-06, 2.20969764086e-06, 2.75127968052e-06, 3.72431918549e-06, 2.56296152656e-06, 1.77180686478e-06, 9.02332146779e-07, 3.82841903956e-07, 4.38546976511e-07, 1.29281531258e-07, 6.62547790853e-07, 1.70130135757e-07, 6.44293152163e-08, 1.37756416052e-07, 2.59384791423e-10, 2.04003112146e-12], "dvar": [1.10468068026e-09, 9.28608471895e-07, 2.53233383773e-06, 1.22085771181e-06, 3.01910881717e-06, 1.56807823259e-06, 1.09396626158e-06, 3.51750145455e-06, 2.14326200876e-06, 1.12777092909e-06, 2.96716098092e-06, 2.5067461138e-06, 1.02466606222e-06, 1.0161118098e-06, 1.5157403368e-06, 7.00308532942e-07, 6.70134966185e-07, 3.06926466465e-07, 1.63738874903e-07, 1.17315799741e-07, 7.79399513817e-08, 5.35571700766e-07, 1.02775175037e-07, 4.71958934156e-08, 1.04159404657e-07, 2.25370333506e-10, 2.24410334065e-12], "mean": [3.91599423892e-05, 0.00125376274809, 0.00254226918332, 0.00141773768701, 0.00141579087358, 0.000983959878795, 0.000714448804501, 0.00126087467652, 0.00122526555788, 0.000931774964556, 0.000898174475878, 0.000889415852726, 0.000789469107985, 0.000907941139303, 0.0012480088044, 0.000884439505171, 0.00102627009619, 0.000769989623223, 0.000449323037174, 0.000480226415675, 0.000172491636476, 0.000333379837684, 0.00019345797773, 8.82878375705e-05, 0.000153174580191, 6.57618056721e-06, 4.10503361081e-07]}, "melbands_flatness_db": {"min": 0.00365450442769, "max": 0.377884835005, "dvar2": 0.000809061108157, "median": 0.144648909569, "dmean2": 0.0300899427384, "dmean": 0.0212633609772, "var": 0.00349634466693, "dvar": 0.000446602673037, "mean": 0.151935234666}, "melbands_skewness": {"min": -1.3874527216, "max": 8.18715763092, "dvar2": 0.425204575062, "median": 1.31292009354, "dmean2": 0.666281998158, "dmean": 0.441319316626, "var": 1.26021802425, "dvar": 0.192415103316, "mean": 1.49349749088}, "silence_rate_60dB": {"min": 0, "max": 1, "dvar2": 0.0126593103632, "median": 0, "dmean2": 0.0110950311646, "dmean": 0.00554684689268, "var": 0.0744547322392, "dvar": 0.00551583431661, "mean": 0.081022426486}, "spectral_energyband_low": {"min": 1.19346427141e-23, "max": 0.0317719094455, "dvar2": 1.21821976791e-05, "median": 0.00382185354829, "dmean2": 0.0029247708153, "dmean": 0.00173942826223, "var": 1.6329175196e-05, "dvar": 4.57002806797e-06, "mean": 0.00471834186465}, "spectral_energyband_middle_low": {"min": 1.56352155684e-22, "max": 0.0530896037817, "dvar2": 2.89878935291e-05, "median": 0.00583948381245, "dmean2": 0.00413498468697, "dmean": 0.00262772175483, "var": 3.16876903526e-05, "dvar": 1.1988836377e-05, "mean": 0.00721417088062}, "melbands_kurtosis": {"min": -1.76712393761, "max": 81.1178512573, "dvar2": 29.0474281311, "median": 1.42569625378, "dmean2": 3.38820695877, "dmean": 2.19969272614, "var": 38.8048973083, "dvar": 12.5962524414, "mean": 3.56121587753}, "spectral_decrease": {"min": -1.4727842057e-08, "max": 1.64557142136e-23, "dvar2": 3.41134123623e-18, "median": -4.99839281076e-09, "dmean2": 1.70882086259e-09, "dmean": 1.10028508526e-09, "var": 7.02410674189e-18, "dvar": 1.45939485812e-18, "mean": -4.92525442652e-09}, "erbbands_kurtosis": {"min": -1.60367405415, "max": 19.9706058502, "dvar2": 2.12154173851, "median": 0.110756970942, "dmean2": 1.20285999775, "dmean": 0.770913004875, "var": 2.95298981667, "dvar": 0.921617329121, "mean": 0.585004687309}, "melbands_crest": {"min": 1.51098930836, "max": 30.4972419739, "dvar2": 17.2275390625, "median": 11.3196773529, "dmean2": 4.74042987823, "dmean": 2.92842054367, "var": 30.4368743896, "dvar": 7.28035783768, "mean": 12.3556337357}, "mfcc": {"mean": [-642.987792969, 108.879890442, -25.4385051727, 19.7634410858, 6.03881168365, 1.78043031693, -2.96227622032, 8.1839427948, 2.56317949295, 2.25137805939, 0.354531675577, -6.29410123825, -0.160452410579], "icov": [[8.81684100023e-05, -5.04980453115e-05, 2.59190801444e-05, -0.000144520905451, 0.000148448161781, -4.13946072513e-05, 0.000149944564328, -0.000125227699755, 3.47090053765e-06, 9.0247085609e-05, 4.78224283142e-05, 0.000186972814845, 9.78493262664e-05], [-5.04980453115e-05, 0.00090427295072, 0.000387026346289, -0.000143439086969, -0.000450007646577, 3.91732937715e-05, -0.000298954604659, -0.000880672829226, 4.82215000375e-05, -0.000288591370918, -0.000365708838217, -0.00016707352188, 9.91574343061e-05], [2.59190801444e-05, 0.000387026346289, 0.00222212425433, -0.000275208672974, 0.000183514363016, -0.00125198438764, 0.000723130942788, -0.000803787435871, -0.000911135284696, 0.000994235277176, -0.000236187057453, -0.000528032542206, 5.38774511369e-05], [-0.000144520905451, -0.000143439086969, -0.000275208672974, 0.00569574953988, -0.00303881149739, 0.00129221449606, 0.000451603496913, -0.000624740903731, -0.000435330584878, -0.000628282723483, 0.00150277942885, -0.000461156916572, -0.00141075346619], [0.000148448161781, -0.000450007646577, 0.000183514363016, -0.00303881149739, 0.00884728971869, -0.00101385684684, -0.000394580856664, 0.000977298710495, -0.0010363078909, -0.00062102911761, 0.00173267710488, 0.000148042337969, -0.000971939938609], [-4.13946072513e-05, 3.91732937715e-05, -0.00125198438764, 0.00129221449606, -0.00101385684684, 0.0075398539193, -0.00200712028891, -0.00145750655793, 0.000329735310515, 0.00156619388144, -0.00193458236754, 0.000743016251363, 0.0011139428243], [0.000149944564328, -0.000298954604659, 0.000723130942788, 0.000451603496913, -0.000394580856664, -0.00200712028891, 0.0089428415522, -0.0031507872045, 0.00172386434861, -0.00345277576707, 0.00156798656099, 0.000114722024591, 0.000504958152305], [-0.000125227699755, -0.000880672829226, -0.000803787435871, -0.000624740903731, 0.000977298710495, -0.00145750655793, -0.0031507872045, 0.0154458153993, -0.00417022127658, -0.00104200374335, 0.000426479644375, 0.000913550844416, -0.00401620287448], [3.47090053765e-06, 4.82215000375e-05, -0.000911135284696, -0.000435330584878, -0.0010363078909, 0.000329735310515, 0.00172386434861, -0.00417022127658, 0.0110255423933, -0.00288586667739, 0.00195772876032, -0.000241217494477, -0.000393888767576], [9.0247085609e-05, -0.000288591370918, 0.000994235277176, -0.000628282723483, -0.00062102911761, 0.00156619388144, -0.00345277576707, -0.00104200374335, -0.00288586667739, 0.0154886962846, -0.00495453272015, -0.000143366371049, 0.00268786237575], [4.78224283142e-05, -0.000365708838217, -0.000236187057453, 0.00150277942885, 0.00173267710488, -0.00193458236754, 0.00156798656099, 0.000426479644375, 0.00195772876032, -0.00495453272015, 0.0131723154336, -0.00082516373368, -0.00221966393292], [0.000186972814845, -0.00016707352188, -0.000528032542206, -0.000461156916572, 0.000148042337969, 0.000743016251363, 0.000114722024591, 0.000913550844416, -0.000241217494477, -0.000143366371049, -0.00082516373368, 0.0145758315921, -0.00360397808254], [9.78493262664e-05, 9.91574343061e-05, 5.38774511369e-05, -0.00141075346619, -0.000971939938609, 0.0011139428243, 0.000504958152305, -0.00401620287448, -0.000393888767576, 0.00268786237575, -0.00221966393292, -0.00360397808254, 0.0153672751039]], "cov": [[13663.9746094, 810.360168457, -150.62689209, 351.976898193, -72.6762771606, -34.5920829773, -191.983688354, 132.911346436, 58.1527633667, -89.4570388794, -111.548500061, -186.47076416, -63.1432342529], [810.360168457, 1564.84533691, -319.639312744, 129.403289795, 116.074569702, -26.4152812958, 129.092086792, 121.59059906, 33.4969863892, 103.260398865, 18.7047080994, -0.881287634373, 19.8274345398], [-150.62689209, -319.639312744, 651.657653809, -1.38052475452, -18.3928260803, 100.062187195, -66.6513824463, 25.5625457764, 55.0468330383, -63.7169456482, -0.00209075212479, 20.692073822, 18.4723834991], [351.976898193, 129.403289795, -1.38052475452, 292.932983398, 111.228874207, -55.3099060059, -12.4887418747, 32.0167312622, 49.7298469543, 8.23758983612, -50.2140350342, 13.7847681046, 39.4564857483], [-72.6762771606, 116.074569702, -18.3928260803, 111.228874207, 169.606826782, -8.94930171967, 15.3119592667, 16.6034049988, 32.3511581421, 12.9048528671, -31.5486907959, 6.70443725586, 20.7888507843], [-34.5920829773, -26.4152812958, 100.062187195, -55.3099060059, -8.94930171967, 182.611343384, 36.2948455811, 21.1780586243, -5.2938375473, -9.25162029266, 25.140039444, -10.4996700287, -11.8472976685], [-191.983688354, 129.092086792, -66.6513824463, -12.4887418747, 15.3119592667, 36.2948455811, 165.964294434, 37.764705658, -7.07693576813, 44.5771636963, 3.19623374939, -5.6803188324, -6.61840581894], [132.911346436, 121.59059906, 25.5625457764, 32.0167312622, 16.6034049988, 21.1780586243, 37.764705658, 103.142028809, 42.895324707, 17.967376709, -2.75016570091, 0.302527248859, 24.0792617798], [58.1527633667, 33.4969863892, 55.0468330383, 49.7298469543, 32.3511581421, -5.2938375473, -7.07693576813, 42.895324707, 125.97228241, 16.5038948059, -18.8954582214, 5.80400133133, 16.6330184937], [-89.4570388794, 103.260398865, -63.7169456482, 8.23758983612, 12.9048528671, -9.25162029266, 44.5771636963, 17.967376709, 16.5038948059, 96.2649841309, 24.6965446472, -0.0282444562763, -7.25321483612], [-111.548500061, 18.7047080994, -0.00209075212479, -50.2140350342, -31.5486907959, 25.140039444, 3.19623374939, -2.75016570091, -18.8954582214, 24.6965446472, 103.037719727, 5.68613767624, 2.75076341629], [-186.47076416, -0.881287634373, 20.692073822, 13.7847681046, 6.70443725586, -10.4996700287, -5.6803188324, 0.302527248859, 5.80400133133, -0.0282444562763, 5.68613767624, 78.8467559814, 23.303188324], [-63.1432342529, 19.8274345398, 18.4723834991, 39.4564857483, 20.7888507843, -11.8472976685, -6.61840581894, 24.0792617798, 16.6330184937, -7.25321483612, 2.75076341629, 23.303188324, 85.1464996338]]}, "spectral_energy": {"min": 9.84987124824e-21, "max": 0.0651110112667, "dvar2": 5.99416052864e-05, "median": 0.0213180147111, "dmean2": 0.00710203265771, "dmean": 0.00467215850949, "var": 0.000131335371407, "dvar": 2.66454044322e-05, "mean": 0.0210760869086}, "melbands_spread": {"min": 3.06891179085, "max": 207.433700562, "dvar2": 246.065292358, "median": 37.629901886, "dmean2": 13.5557460785, "dmean": 8.97965717316, "var": 587.048339844, "dvar": 122.002975464, "mean": 41.4285507202}, "erbbands_flatness_db": {"min": 0.0370684340596, "max": 0.438767999411, "dvar2": 0.000416687660618, "median": 0.173047214746, "dmean2": 0.0222618747503, "dmean": 0.0154769215733, "var": 0.00207152799703, "dvar": 0.000211794496863, "mean": 0.174189224839}, "spectral_contrast_valleys": {"min": [-28.4314308167, -28.1568813324, -27.8369865417, -27.6285858154, -27.5125789642, -27.4201583862], "max": [-5.99957132339, -4.79988384247, -5.51321029663, -5.75075626373, -5.45836782455, -7.32545280457], "dvar2": [0.357252717018, 0.23459418118, 0.164768666029, 0.164880797267, 0.157166436315, 0.237601459026], "median": [-7.64062261581, -6.74939870834, -7.09923696518, -7.37798786163, -7.32996082306, -10.1456432343], "dmean2": [0.72798705101, 0.579338312149, 0.470792770386, 0.426396787167, 0.380981147289, 0.439290881157], "dmean": [0.440708458424, 0.360055655241, 0.300368219614, 0.280516028404, 0.278057873249, 0.349207222462], "var": [8.48595333099, 8.99278068542, 8.60091781616, 8.33583545685, 8.52618026733, 7.01961708069], "dvar": [0.144495114684, 0.107139267027, 0.0853467360139, 0.0890269353986, 0.0924320071936, 0.147029265761], "mean": [-8.20367431641, -7.31003427505, -7.65150785446, -7.90293979645, -7.88168478012, -10.6301984787]}, "barkbands_flatness_db": {"min": 0.0279144123197, "max": 0.346083968878, "dvar2": 0.000500252004713, "median": 0.106359243393, "dmean2": 0.023858724162, "dmean": 0.016286469996, "var": 0.00175972480793, "dvar": 0.000252093799645, "mean": 0.112513713539}, "zerocrossingrate": {"min": 0.0068359375, "max": 0.5263671875, "dvar2": 0.000273957732134, "median": 0.07421875, "dmean2": 0.0133456476033, "dmean": 0.0119089279324, "var": 0.00443858280778, "dvar": 0.000220524860197, "mean": 0.0862595289946}, "spectral_skewness": {"min": -0.0957765355706, "max": 3.83726477623, "dvar2": 0.113162890077, "median": 1.45105993748, "dmean2": 0.334142416716, "dmean": 0.20793