{"lowlevel": {"spectral_complexity": {"min": 0, "max": 60, "dvar2": 32.239906311, "median": 21, "dmean2": 5.63667297363, "dmean": 4.04328250885, "var": 106.828353882, "dvar": 20.4296646118, "mean": 21.3893756866}, "silence_rate_20dB": {"min": 1, "max": 1, "dvar2": 0, "median": 1, "dmean2": 0, "dmean": 0, "var": 0, "dvar": 0, "mean": 1}, "average_loudness": 0.944225072861, "erbbands_spread": {"min": 3.11558794975, "max": 88.9756164551, "dvar2": 73.4594650269, "median": 22.9526252747, "dmean2": 8.95147132874, "dmean": 5.85926771164, "var": 142.848327637, "dvar": 32.4662628174, "mean": 25.1499996185}, "spectral_kurtosis": {"min": -1.26268625259, "max": 134.38571167, "dvar2": 138.718261719, "median": 16.4853134155, "dmean2": 7.90272188187, "dmean": 4.94462966919, "var": 144.959533691, "dvar": 51.0540657043, "mean": 19.1956710815}, "barkbands_kurtosis": {"min": -1.84471857548, "max": 169.112121582, "dvar2": 87.1458435059, "median": 2.31813764572, "dmean2": 4.78414106369, "dmean": 2.943598032, "var": 63.621219635, "dvar": 33.3403625488, "mean": 4.43737602234}, "spectral_strongpeak": {"min": 0, "max": 232.196258545, "dvar2": 1531.34716797, "median": 0.364123225212, "dmean2": 14.9013900757, "dmean": 8.19340610504, "var": 538.556213379, "dvar": 608.867492676, "mean": 6.68158245087}, "spectral_spread": {"min": 1407153.75, "max": 42719216, "dvar2": 1495153770500.0, "median": 3381966.25, "dmean2": 742149.3125, "dmean": 456206.125, "var": 20283800944600.0, "dvar": 585695821824, "mean": 3945209}, "spectral_rms": {"min": 3.134540804e-12, "max": 0.0125253116712, "dvar2": 1.80749088941e-06, "median": 0.00608034152538, "dmean2": 0.00144698598888, "dmean": 0.0009361008415, "var": 4.46656531494e-06, "dvar": 7.26953487629e-07, "mean": 0.00584750249982}, "dynamic_complexity": 2.89706850052, "erbbands": {"min": [8.60103375334e-23, 5.76137405582e-22, 3.0048216246e-21, 7.82986064947e-21, 1.14576882158e-20, 1.779757767e-20, 4.98288786552e-20, 5.28758016727e-20, 1.1740939576e-19, 1.56115684013e-19, 2.16955826193e-19, 2.60996343722e-19, 5.54842356013e-19, 7.72569631524e-19, 7.01662572043e-19, 1.22598889109e-18, 1.71676921059e-18, 1.55602402933e-18, 2.00865674353e-18, 2.73614286032e-18, 4.1314557262e-18, 4.09034154104e-18, 4.90110634074e-18, 6.40475112234e-18, 6.94681581263e-18, 7.29259302511e-18, 8.32956649334e-18, 9.38374449114e-18, 1.12950966705e-17, 1.16644162704e-17, 1.02678293396e-17, 1.09321041751e-17, 8.82392106027e-18, 7.86623368093e-18, 6.47484061718e-18, 4.23680462184e-18, 2.26787674274e-18, 9.05064526911e-19, 2.48841674253e-19, 2.55812987665e-20], "max": [2.50249171257, 22.8089332581, 49.9552001953, 98.4711761475, 103.282394409, 246.892822266, 639.096923828, 435.241607666, 638.276489258, 1175.57373047, 1628.38879395, 1126.65039062, 1090.74194336, 1327.14855957, 1358.74621582, 1566.7590332, 826.904174805, 682.161376953, 1123.93334961, 637.790588379, 332.00692749, 463.898590088, 1373.48413086, 513.289978027, 505.39642334, 576.417907715, 398.010803223, 185.936691284, 336.526184082, 16.7031917572, 11.3798723221, 1.51617372036, 0.786346614361, 0.534808278084, 0.336081445217, 0.189805999398, 0.184854969382, 0.959577620029, 0.608442604542, 0.102101422846], "dvar2": [0.159869894385, 5.86187744141, 19.4810562134, 47.0756988525, 69.0203094482, 258.09274292, 1374.42407227, 854.741577148, 1719.13427734, 5392.05810547, 4799.10400391, 4306.69140625, 8535.28222656, 10584.1894531, 8966.22363281, 8112.37597656, 7417.38964844, 3503.37670898, 2955.7980957, 3014.14111328, 566.204406738, 910.71307373, 13944.7490234, 900.568359375, 1841.63171387, 551.253601074, 251.271148682, 292.987823486, 809.736755371, 3.02966594696, 0.744373202324, 0.0320343449712, 0.00929445959628, 0.0043221199885, 0.00173935142811, 0.000580837484449, 0.000364695675671, 0.0079205147922, 0.0017935463693, 7.47996964492e-05], "median": [0.157083302736, 1.22082304955, 1.63336515427, 1.62052464485, 2.15251922607, 3.92258119583, 6.52950620651, 8.57558345795, 9.65373039246, 9.03588676453, 11.8848333359, 12.0302753448, 16.5360107422, 26.7647342682, 22.9282341003, 25.265499115, 32.0391578674, 21.8501586914, 20.4720458984, 15.4233760834, 7.95567798615, 5.37755250931, 7.54671096802, 4.79098987579, 4.56322526932, 2.17118549347, 1.82530021667, 2.08516311646, 1.44693946838, 0.2447732687, 0.0789128243923, 0.0298956092447, 0.0146188922226, 0.0100061576813, 0.00692829303443, 0.00466799922287, 0.00478130485862, 0.0105841085315, 0.0112037472427, 0.0127470437437], "dmean2": [0.316392809153, 2.04983043671, 3.16061377525, 3.85524249077, 4.85754203796, 8.95697307587, 17.9028072357, 16.5386772156, 21.5427436829, 26.0656528473, 29.5274124146, 29.6850395203, 44.5938491821, 54.9091911316, 47.6578369141, 47.7249031067, 52.8719139099, 36.0670318604, 27.2210617065, 30.5745353699, 13.7028999329, 13.751996994, 38.2071800232, 12.5086050034, 17.759393692, 6.98300933838, 5.42365884781, 7.25483036041, 9.61374664307, 0.828179359436, 0.372827231884, 0.110798880458, 0.0614292062819, 0.042108591646, 0.0271123424172, 0.0160333663225, 0.0121294697747, 0.0359241217375, 0.0205437596887, 0.00676969764754], "dmean": [0.18320313096, 1.18076944351, 1.84299576283, 2.35316944122, 2.96421670914, 5.46671819687, 11.0499534607, 10.2745475769, 13.7142152786, 16.8006019592, 18.6933002472, 18.8187427521, 28.1112327576, 33.9497337341, 29.9902591705, 30.9906730652, 32.9853630066, 22.6784591675, 17.5292472839, 19.6577625275, 8.99764251709, 9.78201675415, 24.8752613068, 8.86374950409, 11.909526825, 4.93819570541, 3.77580094337, 5.11323642731, 6.57499313354, 0.587490320206, 0.246422946453, 0.0668555423617, 0.0358763448894, 0.0246413070709, 0.0159206129611, 0.00947269890457, 0.007719673682, 0.0257935896516, 0.0159403923899, 0.00498021999374], "var": [0.0916766598821, 3.81509661674, 9.87889862061, 26.4810581207, 45.8795547485, 175.607772827, 994.475830078, 608.086669922, 1674.89172363, 4383.34375, 4733.04199219, 3560.16796875, 7687.42822266, 8235.4921875, 6480.19433594, 8100.72119141, 5965.09228516, 2885.2434082, 2308.39086914, 2694.23999023, 577.325378418, 892.338012695, 6469.94628906, 806.010559082, 1298.07849121, 388.552001953, 183.204544067, 252.940185547, 486.691619873, 2.64842748642, 0.402488708496, 0.0142150307074, 0.00356059405021, 0.0016652205959, 0.000684762664605, 0.000237666448811, 0.000212158716749, 0.00613433914259, 0.00223796512, 0.000139748430229], "dvar": [0.0566068291664, 2.03553152084, 7.1507191658, 19.0595607758, 27.7417583466, 105.393241882, 580.626464844, 352.458068848, 743.714904785, 2279.97143555, 2052.67944336, 1811.87902832, 3496.78125, 4066.40771484, 3535.89428711, 3467.06542969, 2915.56152344, 1385.38525391, 1179.9152832, 1223.74768066, 250.332702637, 491.582641602, 5838.20751953, 464.439727783, 843.761169434, 262.78515625, 118.825637817, 144.400665283, 369.196166992, 1.55968093872, 0.329601317644, 0.0130244009197, 0.00359539058991, 0.00166938069742, 0.000673114787787, 0.000225916664931, 0.00015782637638, 0.00387899042107, 0.00103651639074, 4.40111361968e-05], "mean": [0.262376070023, 1.83082354069, 2.60682463646, 3.2652528286, 4.40579319, 8.1457233429, 15.7504777908, 16.2670078278, 22.9910411835, 27.5465221405, 31.3141593933, 30.3510112762, 46.7330970764, 58.0913085938, 50.3858718872, 55.6914672852, 59.1183052063, 41.6784210205, 34.739238739, 35.5213775635, 16.3184967041, 15.0489683151, 30.7144260406, 13.7551965714, 16.5966129303, 7.12349796295, 5.89862966537, 7.64037036896, 8.4630947113, 0.832400858402, 0.288153707981, 0.0722023546696, 0.0354347117245, 0.0243812482804, 0.0161241255701, 0.0100151496008, 0.00985070969909, 0.0374807342887, 0.0277895312756, 0.0155716985464]}, "spectral_contrast_coeffs": {"min": [-0.978039264679, -0.980033516884, -0.974693357944, -0.972512423992, -0.967132508755, -0.96562153101], "max": [-0.326149523258, -0.474765360355, -0.550746679306, -0.617177307606, -0.60989934206, -0.394703805447], "dvar2": [0.00461114151403, 0.00392389250919, 0.00270441267639, 0.00153085845523, 0.00109421694651, 0.00489854766056], "median": [-0.705344438553, -0.772425591946, -0.785231173038, -0.78658425808, -0.809287905693, -0.714848041534], "dmean2": [0.0858529508114, 0.0790444239974, 0.0650956481695, 0.0492591187358, 0.0389325581491, 0.0800339877605], "dmean": [0.0514888614416, 0.0480168536305, 0.0397545881569, 0.0300944875926, 0.0245389472693, 0.0524616613984], "var": [0.00584951415658, 0.00501720141619, 0.00409468077123, 0.00261976476759, 0.00233338773251, 0.0100963218138], "dvar": [0.00169474608265, 0.00144698249642, 0.00103031704202, 0.000581133062951, 0.000461079966044, 0.00210979068652], "mean": [-0.70246899128, -0.766520380974, -0.780575633049, -0.785769104958, -0.809965670109, -0.713320374489]}, "dissonance": {"min": 0.124511279166, "max": 0.500000178814, "dvar2": 0.00120475864969, "median": 0.473060786724, "dmean2": 0.0357650518417, "dmean": 0.0211042296141, "var": 0.000796363281552, "dvar": 0.000438361195847, "mean": 0.46550604701}, "spectral_energyband_high": {"min": 6.74554965103e-21, "max": 0.0150868808851, "dvar2": 1.47692651353e-06, "median": 0.000277846644167, "dmean2": 0.000550077995285, "dmean": 0.000414115493186, "var": 1.5337819832e-06, "dvar": 7.94438221874e-07, "mean": 0.000695838651154}, "gfcc": {"mean": [-24.1748313904, 108.043029785, -105.406455994, -7.59224939346, -10.2150392532, -17.7546482086, 10.9481039047, -20.7197265625, -1.10882401466, -2.15884804726, -4.05890512466, -0.539330482483, -2.47917795181], "icov": [[9.05119304662e-05, -0.000322418753058, 0.000530553923454, -0.000484322867123, 0.000340710044838, -0.000312875694362, 0.000205833814107, -2.12404193007e-05, 6.94447771821e-06, -3.67314351024e-05, -1.19871756397e-05, -3.60502745025e-05, 8.95796329132e-05], [-0.000322418753058, 0.00309983524494, -0.00223576533608, 0.00249268417247, -0.00119724613614, 0.00162871030625, -0.0017602131702, 0.00132679881062, -0.000688780797645, 0.000509785080794, -0.00192395295016, 0.00204942561686, -0.00218841223978], [0.000530553923454, -0.00223576533608, 0.00608950713649, -0.00453854212537, 0.00321274483576, -0.00377199216746, 0.00261784996837, -0.00119977327995, -0.000529051525518, 0.000457202200778, -0.00116783962585, -8.23800291982e-05, 0.00020376338216], [-0.000484322867123, 0.00249268417247, -0.00453854212537, 0.00898661278188, -0.00578024797142, 0.00463341409341, -0.00215000240132, -0.00173902872484, 0.00316032860428, -0.00287261675112, 0.00322790979408, -0.00596718024462, 0.00370570039377], [0.000340710044838, -0.00119724613614, 0.00321274483576, -0.00578024797142, 0.0108450120315, -0.00584182376042, -0.0018981838366, 0.00457450840622, -0.00321480352432, 0.00349653861485, -0.00508719496429, 0.00599368987605, -0.00445868540555], [-0.000312875694362, 0.00162871030625, -0.00377199216746, 0.00463341409341, -0.00584182376042, 0.00982843898237, 3.6060835555e-05, -0.00357097014785, 0.0050520086661, -0.0031628406141, 0.000930280424654, -0.000801032816526, 0.000415843533119], [0.000205833814107, -0.0017602131702, 0.00261784996837, -0.00215000240132, -0.0018981838366, 3.6060835555e-05, 0.00905948132277, -0.00185489014257, -0.00263924547471, 0.00111637951341, 0.00287531828508, -0.0036426205188, 0.00270980480127], [-2.12404193007e-05, 0.00132679881062, -0.00119977327995, -0.00173902872484, 0.00457450840622, -0.00357097014785, -0.00185489014257, 0.0109795015305, -0.00551237445325, 0.00232343608513, -0.00446706311777, 0.00695932889357, -0.00401553465053], [6.94447771821e-06, -0.000688780797645, -0.000529051525518, 0.00316032860428, -0.00321480352432, 0.0050520086661, -0.00263924547471, -0.00551237445325, 0.01734370552, -0.00966594554484, 0.0043783467263, -0.0043252245523, 0.00555964419618], [-3.67314351024e-05, 0.000509785080794, 0.000457202200778, -0.00287261675112, 0.00349653861485, -0.0031628406141, 0.00111637951341, 0.00232343608513, -0.00966594554484, 0.0226569939405, -0.0116349449381, 0.00638446072116, -0.00672119762748], [-1.19871756397e-05, -0.00192395295016, -0.00116783962585, 0.00322790979408, -0.00508719496429, 0.000930280424654, 0.00287531828508, -0.00446706311777, 0.0043783467263, -0.0116349449381, 0.0268936865032, -0.0139822689816, 0.00413152761757], [-3.60502745025e-05, 0.00204942561686, -8.23800291982e-05, -0.00596718024462, 0.00599368987605, -0.000801032816526, -0.0036426205188, 0.00695932889357, -0.0043252245523, 0.00638446072116, -0.0139822689816, 0.0236370898783, -0.00769026530907], [8.95796329132e-05, -0.00218841223978, 0.00020376338216, 0.00370570039377, -0.00445868540555, 0.000415843533119, 0.00270980480127, -0.00401553465053, 0.00555964419618, -0.00672119762748, 0.00413152761757, -0.00769026530907, 0.0191822778434]], "cov": [[30640.0234375, 1730.2833252, -2526.97753906, 476.942596436, 40.712978363, -755.080383301, 525.920593262, -684.210205078, 66.4279632568, -54.9850120544, -80.8078231812, 185.478637695, -149.428619385], [1730.2833252, 881.351257324, -69.1766967773, -278.221557617, 50.478515625, 5.01338100433, 8.92914485931, -56.2171630859, 29.1278495789, 38.4945602417, 46.2155265808, -81.5705108643, 107.935958862], [-2526.97753906, -69.1766967773, 674.717041016, 46.7258758545, -63.4218215942, 220.950546265, -173.264587402, 166.835464478, -41.7421646118, 50.4944381714, 63.1579246521, -6.4812412262, 41.17370224], [476.942596436, -278.221557617, 46.7258758545, 489.51184082, 72.0606765747, -121.844863892, 134.866943359, -43.0049514771, 5.55078411102, -30.9792556763, -11.6117210388, 131.225219727, -95.0474700928], [40.712978363, 50.478515625, -63.4218215942, 72.0606765747, 232.186386108, 49.5237960815, 69.9038314819, -59.4702682495, -6.40782356262, -7.96421337128, 10.9014015198, -1.66942703724, 18.941865921], [-755.080383301, 5.01338100433, 220.950546265, -121.844863892, 49.5237960815, 322.447662354, -126.606880188, 103.843231201, -65.8244171143, 42.0762557983, 40.1183013916, -60.0150337219, 70.5537261963], [525.920593262, 8.92914485931, -173.264587402, 134.866943359, 69.9038314819, -126.606880188, 256.460906982, -51.4175453186, 61.7213897705, -35.7093696594, -32.2362518311, 49.3338012695, -57.3303375244], [-684.210205078, -56.2171630859, 166.835464478, -43.0049514771, -59.4702682495, 103.843231201, -51.4175453186, 205.401412964, 24.2292098999, 34.6311836243, 17.9372692108, -43.6377182007, 21.2583217621], [66.4279632568, 29.1278495789, -41.7421646118, 5.55078411102, -6.40782356262, -65.8244171143, 61.7213897705, 24.2292098999, 116.012275696, 27.1144428253, -2.65736413002, 5.56937980652, -22.6440696716], [-54.9850120544, 38.4945602417, 50.4944381714, -30.9792556763, -7.96421337128, 42.0762557983, -35.7093696594, 34.6311836243, 27.1144428253, 86.6197280884, 39.0898246765, -8.81762695312, 30.1648540497], [-80.8078231812, 46.2155265808, 63.1579246521, -11.6117210388, 10.9014015198, 40.1183013916, -32.2362518311, 17.9372692108, -2.65736413002, 39.0898246765, 78.0707855225, 24.6933231354, 24.7464542389], [185.478637695, -81.5705108643, -6.4812412262, 131.225219727, -1.66942703724, -60.0150337219, 49.3338012695, -43.6377182007, 5.56937980652, -8.81762695312, 24.6933231354, 114.858345032, -14.6199960709], [-149.428619385, 107.935958862, 41.17370224, -95.0474700928, 18.941865921, 70.5537261963, -57.3303375244, 21.2583217621, -22.6440696716, 30.1648540497, 24.7464542389, -14.6199960709, 104.430801392]]}, "spectral_flux": {"min": 6.42203235035e-11, "max": 0.290823936462, "dvar2": 0.00110545149073, "median": 0.109039291739, "dmean2": 0.0354713015258, "dmean": 0.0231019183993, "var": 0.00205718469806, "dvar": 0.000472636311315, "mean": 0.107934437692}, "silence_rate_30dB": {"min": 0, "max": 1, "dvar2": 0.0113530298695, "median": 1, "dmean2": 0.00875486340374, "dmean": 0.00437689991668, "var": 0.00303005264141, "dvar": 0.00435767322779, "mean": 0.996960878372}, "spectral_energyband_middle_high": {"min": 1.20143601693e-21, "max": 0.0761354938149, "dvar2": 3.86888823414e-05, "median": 0.0061778081581, "dmean2": 0.00462615815923, "dmean": 0.00319234910421, "var": 6.3334024162e-05, "dvar": 1.73860025825e-05, "mean": 0.00860393512994}, "barkbands_spread": {"min": 0.748443186283, "max": 129.152755737, "dvar2": 90.0253677368, "median": 23.2637214661, "dmean2": 9.46763324738, "dmean": 6.24488449097, "var": 165.97706604, "dvar": 45.0278549194, "mean": 25.28008461}, "spectral_centroid": {"min": 185.379058838, "max": 11761.4111328, "dvar2": 194418.40625, "median": 1115.72119141, "dmean2": 352.948120117, "dmean": 246.809539795, "var": 1713992.125, "dvar": 104770.757812, "mean": 1370.38623047}, "pitch_salience": {"min": 0.106293335557, "max": 0.937947273254, "dvar2": 0.0118417069316, "median": 0.536322295666, "dmean2": 0.132808968425, "dmean": 0.0803351923823, "var": 0.01457525976, "dvar": 0.00456941733137, "mean": 0.533525466919}, "erbbands_skewness": {"min": -3.02979230881, "max": 3.726541996, "dvar2": 0.223486825824, "median": 0.0538659244776, "dmean2": 0.554128348827, "dmean": 0.359457939863, "var": 0.486639410257, "dvar": 0.100435823202, "mean": 0.050664447248}, "erbbands_crest": {"min": 2.65452766418, "max": 29.1538505554, "dvar2": 15.0472021103, "median": 8.00133132935, "dmean2": 4.28606271744, "dmean": 2.63608884811, "var": 14.4612045288, "dvar": 5.92981815338, "mean": 8.79993534088}, "melbands": {"min": [2.02898712748e-24, 1.40973979713e-24, 1.57214416941e-24, 1.41573553444e-24, 1.95443641927e-24, 1.07710318581e-24, 1.72383936047e-24, 1.49974507933e-24, 1.57547464155e-24, 1.80273511454e-24, 2.55569219895e-24, 2.71996676322e-24, 2.09154931929e-24, 2.83509351816e-24, 2.62775464264e-24, 2.91396126767e-24, 2.50572693251e-24, 1.78065292565e-24, 3.15328016985e-24, 3.08269467099e-24, 4.5594259167e-24, 3.39839108602e-24, 4.29562609683e-24, 3.93430808071e-24, 3.3829219181e-24, 4.42273012689e-24, 5.11410202372e-24, 4.23613651824e-24, 4.1706299031e-24, 5.29741712645e-24, 4.57300615718e-24, 5.29129043823e-24, 5.92131143917e-24, 5.67358742125e-24, 5.45258093891e-24, 5.26539134585e-24, 5.89136706807e-24, 5.26524501215e-24, 5.57527523651e-24, 5.75953342245e-24], "max": [0.022003877908, 0.0213953834027, 0.0162106305361, 0.00949297659099, 0.0220334213227, 0.00887749157846, 0.00891225319356, 0.0109498649836, 0.010749662295, 0.0066977404058, 0.00564343575388, 0.00552866188809, 0.00491272518411, 0.00881075486541, 0.00249246275052, 0.00168593798298, 0.00115068210289, 0.00232271058485, 0.00146611966193, 0.000774624641053, 0.000417466188082, 0.000457119138446, 0.000957535696216, 0.00101742928382, 0.000460232200567, 0.000477981200675, 0.000396290008212, 0.000395393231884, 0.000309643277433, 0.000148661900312, 0.000149739367771, 0.000303112959955, 1.89146903722e-05, 8.6315549197e-06, 6.4184528128e-06, 4.11052724303e-06, 6.3835346964e-07, 5.59190823424e-07, 4.92332787871e-07, 4.3662910798e-07], "dvar2": [1.00991801446e-05, 5.71994496568e-06, 1.30838179757e-06, 4.34722068121e-07, 1.51467486376e-06, 3.95205603354e-07, 3.92695369555e-07, 6.05141849519e-07, 2.76047188663e-07, 1.61776654295e-07, 2.34875400906e-07, 1.84257714864e-07, 1.37981942316e-07, 1.07767469615e-07, 5.62034720986e-08, 3.69743844431e-08, 1.12161258059e-08, 8.89749873778e-09, 1.02529131851e-08, 4.03211108946e-09, 6.47429276857e-10, 8.87289353102e-10, 6.49673514985e-09, 7.8723534358e-09, 4.96729490873e-10, 1.99500749254e-09, 3.43932271551e-10, 2.69944344655e-10, 1.52078696858e-10, 4.90084743621e-11, 2.23238802444e-10, 6.64149069074e-10, 2.63142611e-12, 3.89394218909e-13, 2.86988477687e-13, 9.71560885129e-14, 6.21826283634e-15, 4.69461785324e-15, 3.64732175329e-15, 2.88596364756e-15], "median": [0.00165157881565, 0.00128219323233, 0.000317518599331, 0.000222419577767, 0.000238160151639, 0.000188384874491, 0.00014684186317, 9.84814105323e-05, 9.83955833362e-05, 6.9966292358e-05, 7.92956561781e-05, 0.000103070997284, 8.05716626928e-05, 5.54445141461e-05, 7.25158606656e-05, 6.03775370109e-05, 3.49753790942e-05, 3.01211803162e-05, 2.592446981e-05, 1.54057888722e-05, 6.33381932857e-06, 4.43845692644e-06, 6.61637295707e-06, 5.77204991714e-06, 2.93207085633e-06, 3.98832798965e-06, 1.88869057638e-06, 1.1705515135e-06, 1.05289859675e-06, 9.7108090813e-07, 1.13895464438e-06, 1.01329283098e-06, 2.10005950407e-07, 7.0871465141e-08, 4.44295835678e-08, 2.53365204372e-08, 1.19393552822e-08, 9.39309607872e-09, 8.70680771925e-09, 8.18333223407e-09], "dmean2": [0.00268692173995, 0.00193180912174, 0.000665730331093, 0.00040595678729, 0.000616943230852, 0.000363005063264, 0.000329407106619, 0.000300446234178, 0.000245094299316, 0.000184016709682, 0.000233667029534, 0.000229802739341, 0.000184518983588, 0.000144809760968, 0.000139700001455, 0.000120920150948, 6.45875843475e-05, 4.39739706053e-05, 5.16845357197e-05, 3.56907512469e-05, 1.35392983793e-05, 1.35856789711e-05, 2.8375607144e-05, 2.93885223073e-05, 8.68934967002e-06, 1.82414241863e-05, 6.32618412055e-06, 4.67935205961e-06, 3.90439527109e-06, 2.87224634121e-06, 5.79592870054e-06, 8.42918416311e-06, 7.44186422708e-07, 2.98855439951e-07, 2.36478186366e-07, 1.27342175915e-07, 5.10515256735e-08, 4.34422737783e-08, 3.84820353361e-08, 3.44654971229e-08], "dmean": [0.00155967031606, 0.00112374452874, 0.000410794978961, 0.000250855577178, 0.00038024110836, 0.000225808034884, 0.000210137324757, 0.000193167448742, 0.000154448644025, 0.000116648814583, 0.000147222453961, 0.000142595425132, 0.000114966627734, 9.36329597607e-05, 8.70738949743e-05, 7.49641985749e-05, 4.02443438361e-05, 2.77108556475e-05, 3.30602488248e-05, 2.264043178e-05, 8.82669701241e-06, 9.34296804189e-06, 1.90634073078e-05, 1.89939091797e-05, 5.95090614297e-06, 1.18678599392e-05, 4.38569759353e-06, 3.21987477037e-06, 2.62769958681e-06, 1.96635346583e-06, 4.00762291974e-06, 5.69266148887e-06, 5.10472773385e-07, 1.99187525141e-07, 1.55071901986e-07, 7.84840068491e-08, 2.98763076501e-08, 2.53404959238e-08, 2.24780514202e-08, 2.01748768802e-08], "var": [6.69555311106e-06, 3.38247741638e-06, 8.5194977828e-07, 2.96112659726e-07, 1.13149644676e-06, 2.93943116958e-07, 3.67792864608e-07, 5.403240948e-07, 2.65483777184e-07, 1.26087243757e-07, 2.07488724868e-07, 1.41711169022e-07, 8.82424231463e-08, 1.01619527015e-07, 4.44408208011e-08, 2.88996186981e-08, 8.60645155143e-09, 5.81534909116e-09, 8.0791462409e-09, 3.61634944213e-09, 5.67278390928e-10, 7.75876751735e-10, 3.80567133362e-09, 3.49039241954e-09, 3.9271480512e-10, 1.24666166279e-09, 2.61532656642e-10, 1.64562988236e-10, 9.03582972334e-11, 4.33722571747e-11, 1.61492832995e-10, 3.7937722408e-10, 2.00949565148e-12, 2.57575021425e-13, 1.5855386123e-13, 3.63146199309e-14, 2.43836348614e-15, 1.78477359404e-15, 1.39434752129e-15, 1.11375049333e-15], "dvar": [3.57866542799e-06, 2.00822591978e-06, 5.35238882549e-07, 1.73820211558e-07, 6.45627665108e-07, 1.63198208725e-07, 1.67637679738e-07, 2.56661365938e-07, 1.17141979672e-07, 6.69272210985e-08, 9.61954071954e-08, 7.05644396248e-08, 5.39792530674e-08, 4.5911658475e-08, 2.28951400061e-08, 1.42577691875e-08, 4.42680114787e-09, 3.47526829536e-09, 4.12656131488e-09, 1.67950442442e-09, 2.85584528248e-10, 4.53566406655e-10, 2.93024271514e-09, 3.23799298485e-09, 2.46072856536e-10, 8.71314187467e-10, 1.69107727821e-10, 1.22330257035e-10, 6.7316485719e-11, 2.36556989275e-11, 1.05300573816e-10, 2.98395946841e-10, 1.27852882361e-12, 1.80883872334e-13, 1.28102050994e-13, 3.90781699534e-14, 2.42364163e-15, 1.81401571248e-15, 1.40856200469e-15, 1.11464464249e-15], "mean": [0.00248484965414, 0.00180448859464, 0.000618931197096, 0.000395567534724, 0.000558577710763, 0.000359214027412, 0.000353240262484, 0.000314841396175, 0.000253719394095, 0.000181419803994, 0.000237066968111, 0.000237578235101, 0.000182258270797, 0.00015285477275, 0.000146227524965, 0.00012606009841, 6.92883113516e-05, 5.15133506269e-05, 5.66713097214e-05, 3.82152065868e-05, 1.44383839142e-05, 1.34669608087e-05, 2.50161610893e-05, 2.30408040807e-05, 8.79652361618e-06, 1.58126658789e-05, 6.19612728769e-06, 4.32718070442e-06, 3.76381512979e-06, 3.15592728839e-06, 5.48611296836e-06, 7.06252012606e-06, 7.05659488176e-07, 2.48842724204e-07, 1.7619483117e-07, 8.09495119825e-08, 2.94340516405e-08, 2.44243754111e-08, 2.19026325965e-08, 1.99250340671e-08]}, "barkbands_skewness": {"min": -2.15522384644, "max": 10.134270668, "dvar2": 0.775163769722, "median": 1.26531469822, "dmean2": 0.849255025387, "dmean": 0.542038083076, "var": 1.34589457512, "dvar": 0.322113990784, "mean": 1.43558108807}, "spectral_entropy": {"min": 5.77306842804, "max": 9.82705688477, "dvar2": 0.0561481378973, "median": 7.46412181854, "dmean2": 0.243605718017, "dmean": 0.160837516189, "var": 0.186902627349, "dvar": 0.0235431622714, "mean": 7.46147680283}, "spectral_rolloff": {"min": 150.732421875, "max": 22050, "dvar2": 133283960, "median": 21382.4707031, "dmean2": 8354.29101562, "dmean": 4352.59814453, "var": 69522864, "dvar": 53670624, "mean": 16404.5957031}, "barkbands": {"min": [3.2247618147e-25, 3.82470216882e-24, 7.61522437513e-25, 3.11953319336e-25, 5.98479383722e-24, 5.25025586609e-24, 3.82045770272e-24, 2.34690694697e-24, 1.43440944979e-23, 1.80431926557e-23, 1.75647516721e-23, 1.4633153644e-23, 2.89672722069e-23, 2.91814952743e-23, 3.68560705857e-23, 5.95782276176e-23, 6.56565397319e-23, 8.14721469634e-23, 1.24693211183e-22, 1.40307557909e-22, 2.36928806681e-22, 3.062100045e-22, 3.42874492326e-22, 5.61301620393e-22, 8.63272627176e-22, 1.27631585526e-21, 1.94919396209e-21], "max": [0.0392503216863, 0.0889999419451, 0.0535989180207, 0.0477299951017, 0.0741672813892, 0.040636587888, 0.043389081955, 0.0740795135498, 0.0546292513609, 0.0478145368397, 0.0360705517232, 0.0659859031439, 0.0181487165391, 0.0211152788252, 0.0150934495032, 0.00718160020187, 0.0079348674044, 0.0205636769533, 0.00946479290724, 0.00970140751451, 0.00676572043449, 0.00795572437346, 0.00029652757803, 4.91443788633e-05, 4.74967164337e-05, 9.57188094617e-05, 0.00431161932647], "dvar2": [1.21395978567e-05, 0.000116444956802, 1.61643019965e-05, 8.56428869156e-06, 2.05370142794e-05, 1.11690596896e-05, 1.38493287523e-05, 1.26827553686e-05, 7.49104128772e-06, 1.14673985081e-05, 9.16548560781e-06, 7.08848574504e-06, 4.55935196442e-06, 1.15098896458e-06, 1.43694853705e-06, 4.39790198925e-07, 2.40900732251e-07, 3.20921844832e-06, 5.79954416935e-07, 2.2838683833e-07, 9.16361813097e-08, 5.6790833014e-07, 8.33661639721e-10, 3.66605495961e-11, 3.43989593754e-11, 9.6503881275e-11, 1.37436444447e-07], "median": [0.000545027491171, 0.00582639221102, 0.00100628426298, 0.000512514496222, 0.00128766591661, 0.000939757737797, 0.000565891037695, 0.000427618797403, 0.000529796991032, 0.000573872821406, 0.000597971898969, 0.000514845363796, 0.000732627348043, 0.000294381869026, 0.000379102595616, 0.000163228891324, 7.75144362706e-05, 0.000127480481751, 0.000100439297967, 4.12188455812e-05, 4.12335211877e-05, 3.4711400076e-05, 2.85266924038e-06, 9.25444339828e-07, 9.25651363559e-07, 2.25571193369e-06, 0.000276470498648], "dmean2": [0.00203552073799, 0.00933908298612, 0.00260534277186, 0.00152000028174, 0.00257637351751, 0.00188304460607, 0.00164816190954, 0.00142002128996, 0.00134123873431, 0.0017242890317, 0.00149416073691, 0.00127746292856, 0.00136651354842, 0.000563769543078, 0.000656667107251, 0.000376827811124, 0.000226204894716, 0.000604910193942, 0.000330103590386, 0.000146513848449, 0.000119184041978, 0.000255121354712, 1.34217707455e-05, 3.91587218473e-06, 3.78512390853e-06, 6.37237326373e-06, 0.000247609335929], "dmean": [0.00125796045177, 0.0053972909227, 0.00152943830471, 0.000932436785661, 0.00159117975272, 0.00117482210044, 0.00105355202686, 0.000898743222933, 0.000851228658576, 0.00107902428135, 0.000923768267967, 0.000821011490189, 0.000847356161103, 0.000347431196133, 0.00042261031922, 0.000237942731474, 0.000157426969963, 0.00039768696297, 0.000223320370424, 0.000103317237517, 8.27764524729e-05, 0.00017393977032, 8.92890329851e-06, 2.29228339776e-06, 2.21855088967e-06, 4.02188243243e-06, 0.000186625431525], "var": [7.86967939348e-06, 7.75240187068e-05, 7.49604214434e-06, 5.68054747419e-06, 1.53559030878e-05, 8.45578597364e-06, 1.07167334136e-05, 1.2800352124e-05, 6.49414050713e-06, 9.53292965278e-06, 5.86835722061e-06, 6.66942605676e-06, 3.78189497496e-06, 6.8880484605e-07, 1.24489440623e-06, 3.87357886211e-07, 2.29561237575e-07, 1.59907028774e-06, 4.37855732116e-07, 1.75522842483e-07, 7.72932793325e-08, 3.42421742516e-07, 5.05138153528e-10, 1.43290258131e-11, 1.33883711409e-11, 5.42590000707e-11, 2.3057022247e-07], "dvar": [5.3514377214e-06, 4.06626495533e-05, 6.19709317107e-06, 3.56635950993e-06, 8.62725119077e-06, 4.6284308155e-06, 5.72093904339e-06, 5.39288794243e-06, 3.18059574056e-06, 4.56114730696e-06, 3.57888984581e-06, 3.00214446725e-06, 1.79019230018e-06, 4.49383861678e-07, 5.8548528159e-07, 1.84162274763e-07, 1.28329006088e-07, 1.37043332415e-06, 2.71254009476e-07, 1.1306091352e-07, 4.4157420831e-08, 2.58244654106e-07, 3.80747933182e-10, 1.42562333466e-11, 1.32965903912e-11, 4.12444488285e-11, 8.31903079757e-08], "mean": [0.00150580040645, 0.00858180504292, 0.00186359859072, 0.0012558096787, 0.00251618772745, 0.00183909002226, 0.00165054376703, 0.00141842616722, 0.00132478866726, 0.00171447533648, 0.00140813400503, 0.00135246291757, 0.00144829461351, 0.000568437972106, 0.000759842689149, 0.000391831854358, 0.000231147074373, 0.000502598588355, 0.000321206345689, 0.000145971862366, 0.00013312898227, 0.000221106907702, 1.06019615487e-05, 2.26237625611e-06, 2.21330810746e-06, 4.90870888825e-06, 0.000429127976531]}, "melbands_flatness_db": {"min": 0.00333694717847, "max": 0.519675731659, "dvar2": 0.00193245278206, "median": 0.236958712339, "dmean2": 0.0511212125421, "dmean": 0.0327285267413, "var": 0.00419589690864, "dvar": 0.000800623209216, "mean": 0.238954558969}, "melbands_skewness": {"min": -1.38645589352, "max": 13.3674860001, "dvar2": 1.06317710876, "median": 1.57273554802, "dmean2": 1.06356871128, "dmean": 0.669199705124, "var": 1.76138520241, "dvar": 0.422742217779, "mean": 1.81100678444}, "silence_rate_60dB": {"min": 0, "max": 1, "dvar2": 0.0103802010417, "median": 0, "dmean2": 0.00875486340374, "dmean": 0.00437689991668, "var": 0.0559106394649, "dvar": 0.00435766065493, "mean": 0.0594456605613}, "spectral_energyband_low": {"min": 2.2293325933e-23, "max": 0.101177081466, "dvar2": 0.000158817041665, "median": 0.00921024754643, "dmean2": 0.0112726883963, "dmean": 0.0066218492575, "var": 0.000115895600175, "dvar": 5.64269867027e-05, "mean": 0.0120863188058}, "spectral_energyband_middle_low": {"min": 1.55430917608e-22, "max": 0.0929204896092, "dvar2": 6.89244116074e-05, "median": 0.00775516452268, "dmean2": 0.00633262004703, "dmean": 0.00410711253062, "var": 9.24401028897e-05, "dvar": 2.97307215078e-05, "mean": 0.0105333309621}, "melbands_kurtosis": {"min": -1.77061522007, "max": 232.141357422, "dvar2": 153.269454956, "median": 2.64736247063, "dmean2": 6.86087560654, "dmean": 4.22858524323, "var": 119.601882935, "dvar": 60.2502593994, "mean": 5.94450759888}, "spectral_decrease": {"min": -2.48522056268e-08, "max": 9.26684684543e-09, "dvar2": 1.22413433148e-17, "median": -5.28588994797e-09, "dmean2": 3.40824568568e-09, "dmean": 2.13972350949e-09, "var": 1.40025266442e-17, "dvar": 4.79817198532e-18, "mean": -5.61472690563e-09}, "erbbands_kurtosis": {"min": -1.61252307892, "max": 20.5176811218, "dvar2": 3.33003592491, "median": 0.342152714729, "dmean2": 1.61144530773, "dmean": 1.02120578289, "var": 4.08488512039, "dvar": 1.40282952785, "mean": 0.953228533268}, "melbands_crest": {"min": 1.56513643265, "max": 34.0159454346, "dvar2": 27.3046875, "median": 13.0352878571, "dmean2": 6.24199962616, "dmean": 3.73162436485, "var": 28.7961406708, "dvar": 10.0129070282, "mean": 13.6082696915}, "mfcc": {"mean": [-674.282409668, 171.346282959, -33.3470840454, 28.3622283936, -10.7306985855, 20.5902309418, 5.89869689941, 2.25872468948, 5.76806592941, -2.25592899323, 9.2104101181, -0.707961261272, 0.0937461853027], "icov": [[0.000188166202861, -0.000228697550483, 0.000212791361264, -0.000279428641079, 5.47184317838e-05, -0.00011016024655, 8.02234353614e-05, -0.000108405976789, 0.000214066647459, -0.000101837256807, 0.000110965971544, -0.00030307014822, 0.000193030835362], [-0.000228697550483, 0.0010800169548, -0.000177686975803, 0.000488518446218, 0.000124975704239, -0.000230618170463, -0.000510063604452, 0.000958934717346, -0.000764051044825, -1.8834383809e-05, -0.00057085318258, 0.000784584204666, -0.000629726040643], [0.000212791361264, -0.000177686975803, 0.00256539136171, -1.64243556355e-05, -0.0014941545669, 0.00137480138801, 7.53650310799e-05, -0.000776685134042, 0.00120895612054, -0.000433722365415, -0.000202863127925, -0.000361731363228, -0.000335911201546], [-0.000279428641079, 0.000488518446218, -1.64243556355e-05, 0.00323687074706, 0.000707182625774, -0.00114692223724, 0.000882994150743, -0.00151206739247, -0.000545140646864, 0.00173297489528, -0.00156563764904, 0.000256053317571, -0.00107595592272], [5.47184317838e-05, 0.000124975704239, -0.0014941545669, 0.000707182625774, 0.0072907009162, -0.00213791057467, -0.00277467025444, 0.00113507558126, 0.000932321418077, -0.00158104440197, 0.00166649871971, -0.0018743921537, 0.000366614724044], [-0.00011016024655, -0.000230618170463, 0.00137480138801, -0.00114692223724, -0.00213791057467, 0.00908670015633, -0.00311655388214, 4.47322017862e-05, 0.000672579160891, 0.00198795972392, -0.000635954202153, 0.00234434567392, -0.00296673923731], [8.02234353614e-05, -0.000510063604452, 7.53650310799e-05, 0.000882994150743, -0.00277467025444, -0.00311655388214, 0.0118280965835, -0.00265404605307, -0.00290794181637, 0.00143827684224, 0.00212010950781, -0.00325181335211, 0.00150698365178], [-0.000108405976789, 0.000958934717346, -0.000776685134042, -0.00151206739247, 0.00113507558126, 4.47322017862e-05, -0.00265404605307, 0.0107669848949, -0.00128900923301, -0.000462205265649, -0.00231396290474, 0.00152999092825, -0.000741868279874], [0.000214066647459, -0.000764051044825, 0.00120895612054, -0.000545140646864, 0.000932321418077, 0.000672579160891, -0.00290794181637, -0.00128900923301, 0.0147678423673, -0.00519248005003, -0.000237919346546, -0.00284258904867, 0.00329531007446], [-0.000101837256807, -1.8834383809e-05, -0.000433722365415, 0.00173297489528, -0.00158104440197, 0.00198795972392, 0.00143827684224, -0.000462205265649, -0.00519248005003, 0.0121836401522, -0.00259210076183, 0.00100443616975, -0.00235585658811], [0.000110965971544, -0.00057085318258, -0.000202863127925, -0.00156563764904, 0.00166649871971, -0.000635954202153, 0.00212010950781, -0.00231396290474, -0.000237919346546, -0.00259210076183, 0.014403283596, -0.00478775985539, 0.00371488719247], [-0.00030307014822, 0.000784584204666, -0.000361731363228, 0.000256053317571, -0.0018743921537, 0.00234434567392, -0.00325181335211, 0.00152999092825, -0.00284258904867, 0.00100443616975, -0.00478775985539, 0.0243107639253, -0.0130558405071], [0.000193030835362, -0.000629726040643, -0.000335911201546, -0.00107595592272, 0.000366614724044, -0.00296673923731, 0.00150698365178, -0.000741868279874, 0.00329531007446, -0.00235585658811, 0.00371488719247, -0.0130558405071, 0.0212854091078]], "cov": [[10812.5214844, 1677.77429199, -1281.0255127, 1184.55993652, -469.810211182, 447.609680176, -51.9941558838, 93.9021987915, 13.2351093292, -203.840148926, 151.343856812, 9.11714744568, 23.2452316284], [1677.77429199, 1547.60668945, -131.621841431, -142.943969727, 15.5468997955, 82.1452178955, 73.599029541, -121.061439514, 71.7732925415, 42.2622184753, 6.73376750946, -3.71947836876, 13.1283969879], [-1281.0255127, -131.621841431, 679.430419922, -223.444869995, 176.468032837, -117.213882446, 18.3089923859, -5.42055606842, -30.0750179291, 68.4906997681, -23.144487381, 28.2035007477, 19.8639373779], [1184.55993652, -142.943969727, -223.444869995, 679.41607666, -168.115097046, 107.986297607, -55.9621582031, 119.818115234, -17.3677368164, -109.568557739, 82.6912078857, -1.52228868008, 17.1270828247], [-469.810211182, 15.5468997955, 176.468032837, -168.115097046, 265.030456543, 27.8197002411, 85.2633056641, -36.557346344, -5.68016338348, 33.6689834595, -49.34425354, 29.8120651245, 22.5129337311], [447.609680176, 82.1452178955, -117.213882446, 107.986297607, 27.8197002411, 192.825286865, 55.3673019409, 10.4196119308, -10.0613880157, -50.8631591797, -5.74242067337, 2.71828985214, 23.4173679352], [-51.9941558838, 73.599029541, 18.3089923859, -55.9621582031, 85.2633056641, 55.3673019409, 143.180892944, 7.35280179977, 22.652973175, -1.84484946728, -25.4280509949, 20.8435096741, 9.9882183075], [93.9021987915, -121.061439514, -5.42055606842, 119.818115234, -36.557346344, 10.4196119308, 7.35280179977, 134.244689941, 9.98497486115, -7.94604682922, 31.382516861, 0.0836203768849, -0.0728868916631], [13.2351093292, 71.7732925415, -30.0750179291, -17.3677368164, -5.68016338348, -10.0613880157, 22.652973175, 9.98497486115, 97.948928833, 42.2055282593, 13.200876236, 7.35041379929, -10.1975860596], [-203.840148926, 42.2622184753, 68.4906997681, -109.568557739, 33.6689834595, -50.8631591797, -1.84484946728, -7.94604682922, 42.2055282593, 131.267547607, 11.9068775177, 9.13952541351, 2.34806656837], [151.343856812, 6.73376750946, -23.144487381, 82.6912078857, -49.34425354, -5.74242067337, -25.4280509949, 31.382516861, 13.200876236, 11.9068775177, 98.4384765625, 8.42264175415, -7.15484714508], [9.11714744568, -3.71947836876, 28.2035007477, -1.52228868008, 29.8120651245, 2.71828985214, 20.8435096741, 0.0836203768849, 7.35041379929, 9.13952541351, 8.42264175415, 70.2910385132, 40.0860939026], [23.2452316284, 13.1283969879, 19.8639373779, 17.1270828247, 22.5129337311, 23.4173679352, 9.9882183075, -0.0728868916631, -10.1975860596, 2.34806656837, -7.15484714508, 40.0860939026, 78.1787796021]]}, "spectral_energy": {"min": 1.00709796956e-20, "max": 0.160805508494, "dvar2": 0.000406649603974, "median": 0.0378948152065, "dmean2": 0.0193662792444, "dmean": 0.0123956250027, "var": 0.00053310371004, "dvar": 0.000162565091159, "mean": 0.0396265126765}, "melbands_spread": {"min": 0.655975937843, "max": 181.458694458, "dvar2": 168.210861206, "median": 21.5641174316, "dmean2": 10.819609642, "dmean": 7.09404039383, "var": 389.228729248, "dvar": 77.5817947388, "mean": 25.5699977875}, "erbbands_flatness_db": {"min": 0.0368833094835, "max": 0.404911696911, "dvar2": 0.000869874202181, "median": 0.1653303653, "dmean2": 0.0352143757045, "dmean": 0.022532267496, "var": 0.0018036236288, "dvar": 0.000336494966177, "mean": 0.169228971004}, "spectral_contrast_valleys": {"min": [-28.3093852997, -28.0128307343, -27.8100757599, -27.7868995667, -27.521194458, -27.3730640411], "max": [-5.4315495491, -4.71745634079, -5.15778827667, -5.49341630936, -5.36264801025, -9.10587596893], "dvar2": [0.312698751688, 0.254222780466, 0.19454048574, 0.177609622478, 0.300074934959, 0.929202318192], "median": [-6.7160987854, -6.28167152405, -6.62355899811, -7.05114221573, -7.59473896027, -11.1867361069], "dmean2": [0.67228025198, 0.571869432926, 0.481634557247, 0.414989233017, 0.478529244661, 1.11716687679], "dmean": [0.398223280907, 0.351615011692, 0.307329177856, 0.278762727976, 0.3515175879, 0.675026237965], "var": [7.28021001816, 7.37021303177, 7.10068655014, 6.99261236191, 6.93547868729, 4.84385347366], "dvar": [0.12193017453, 0.107874877751, 0.0900031849742, 0.0884452015162, 0.14940969646, 0.357192337513], "mean": [-7.23071622849, -6.7463760376, -7.07641077042, -7.52637767792, -8.02380752563, -11.5511016846]}, "barkbands_flatness_db": {"min": 0.0420378558338, "max": 0.366972476244, "dvar2": 0.00113037263509, "median": 0.13227416575, "dmean2": 0.0388624593616, "dmean": 0.0246283654124, "var": 0.00186942180153, "dvar": 0.000455870787846, "mean": 0.136452764273}, "zerocrossingrate": {"min": 0.056640625, "max": 0.6572265625, "dvar2": 0.00153511785902, "median": 0.28564453125, "dmean2": 0.0451789572835, "dmean": 0.0348101481795, "var": 0.00518219126388, "dvar": 0.000967745610978, "mean": 0.294372618198}, "spectral_skewness": {"min": -0.077704668045, "max": 9.68020820618, "dvar2": 0.541344344616, "median": 2.65927505493, "dmean2": 0.596546113491, "dmean": 0.397056668997, "var": 1.11052715778, "dvar