{"lowlevel": {"spectral_complexity": {"min": 0, "max": 56, "dvar2": 24.744720459, "median": 24, "dmean2": 5.2992067337, "dmean": 3.67059111595, "var": 80.3265991211, "dvar": 13.8910865784, "mean": 23.4944229126}, "silence_rate_20dB": {"min": 1, "max": 1, "dvar2": 0, "median": 1, "dmean2": 0, "dmean": 0, "var": 0, "dvar": 0, "mean": 1}, "average_loudness": 0.947443187237, "erbbands_spread": {"min": 3.83747506142, "max": 109.283432007, "dvar2": 75.4418411255, "median": 27.5860977173, "dmean2": 8.47786331177, "dmean": 5.5776348114, "var": 152.731292725, "dvar": 33.8515853882, "mean": 29.1412773132}, "spectral_kurtosis": {"min": -1.26128840446, "max": 28.9376850128, "dvar2": 16.0133628845, "median": 2.94512081146, "dmean2": 4.10077190399, "dmean": 2.34833884239, "var": 9.24620723724, "dvar": 5.35641813278, "mean": 3.69938611984}, "barkbands_kurtosis": {"min": -1.86835718155, "max": 26.0703525543, "dvar2": 4.70568418503, "median": -0.429115474224, "dmean2": 1.45090258121, "dmean": 0.919331252575, "var": 5.59316968918, "dvar": 2.09265375137, "mean": 0.305707991123}, "spectral_strongpeak": {"min": 0, "max": 12.8282680511, "dvar2": 3.80328655243, "median": 0.512224555016, "dmean2": 1.32895183563, "dmean": 0.777810037136, "var": 3.00336885452, "dvar": 1.49628186226, "mean": 1.37025201321}, "spectral_spread": {"min": 1503907.25, "max": 41917948, "dvar2": 323505127424, "median": 2876660, "dmean2": 436842.40625, "dmean": 298287.40625, "var": 6345858744320.0, "dvar": 211534888960, "mean": 3150366.25}, "spectral_rms": {"min": 3.13886633699e-12, "max": 0.00822242442518, "dvar2": 5.41882002381e-07, "median": 0.00470912037417, "dmean2": 0.000777810579166, "dmean": 0.000511876423843, "var": 2.03176136893e-06, "dvar": 2.56898999851e-07, "mean": 0.00449816463515}, "dynamic_complexity": 2.8144261837, "erbbands": {"min": [1.75596991758e-22, 7.85971225684e-22, 2.95188287319e-21, 6.38858244262e-21, 2.10969426395e-20, 6.15855094597e-20, 8.59590906046e-20, 1.23674668515e-19, 1.41686694374e-19, 2.02882989506e-19, 2.70509851344e-19, 3.00059896451e-19, 9.32122535326e-19, 6.63129138689e-19, 7.05676672761e-19, 1.08795860644e-18, 1.56634290068e-18, 2.23813132791e-18, 2.38506445409e-18, 3.91357676645e-18, 4.38124317809e-18, 5.54917960321e-18, 6.3591556862e-18, 4.41462694684e-18, 7.86739173379e-18, 9.01915470999e-18, 9.89140012231e-18, 1.09359985414e-17, 1.37809266124e-17, 1.21459470563e-17, 1.29636614139e-17, 1.14941601664e-17, 1.0265481801e-17, 9.14277271663e-18, 7.0760263874e-18, 4.69409694783e-18, 2.66814882077e-18, 8.44280969055e-19, 2.64868893157e-19, 2.74479659125e-20], "max": [0.378136783838, 3.33769321442, 26.6312274933, 49.3686599731, 73.797088623, 125.705917358, 222.444351196, 274.249755859, 793.900756836, 562.633850098, 919.457580566, 804.317993164, 736.244140625, 1074.47705078, 1112.77575684, 1795.12524414, 1012.762146, 748.830627441, 1277.09753418, 1433.11193848, 1735.49523926, 847.512512207, 552.309448242, 478.742095947, 432.353424072, 233.936004639, 151.507629395, 360.740142822, 404.950469971, 105.155761719, 102.600166321, 98.6307983398, 23.3218517303, 1.16295218468, 0.0392771996558, 0.00381472264417, 0.000699613126926, 0.000180851639016, 6.98650692357e-05, 8.5077546828e-05], "dvar2": [0.00231328839436, 0.1837823838, 6.67489099503, 27.3675384521, 33.0446777344, 183.968978882, 343.511322021, 300.797027588, 1053.65673828, 1051.8536377, 4168.71435547, 3573.53955078, 2465.44067383, 5162.32958984, 9176.84179688, 8038.42529297, 5005.06591797, 4538.72265625, 8256.49707031, 8268.03125, 5811.56640625, 4512.42236328, 2455.87304688, 556.790893555, 676.838134766, 355.561126709, 81.5360183716, 232.422836304, 1201.59802246, 71.3158874512, 76.8476486206, 20.2671298981, 1.88412320614, 0.00611319439486, 6.43710836812e-06, 5.16924814065e-08, 1.75037873085e-09, 1.35844266391e-10, 3.99538978291e-11, 1.02944486269e-10], "median": [0.0079918410629, 0.252661049366, 1.66709852219, 3.59530735016, 2.43124628067, 2.35503268242, 3.50047254562, 3.75160884857, 4.81387853622, 7.66667175293, 12.1714029312, 15.0522871017, 16.3192405701, 14.967045784, 13.7740039825, 16.0071525574, 14.6365461349, 14.4418029785, 28.859577179, 31.0732765198, 24.9069404602, 34.3445739746, 28.0424728394, 14.2249183655, 14.389922142, 8.82092475891, 3.47043466568, 2.44547986984, 2.7893948555, 1.45683217049, 1.20067882538, 0.505644142628, 0.216883391142, 0.014734858647, 0.000515666673891, 6.98380754329e-05, 2.26499541895e-05, 7.49441551307e-06, 1.46464863064e-05, 2.86364902422e-05], "dmean2": [0.0244174785912, 0.351811736822, 2.04551935196, 4.04604196548, 3.54928207397, 6.88818407059, 9.15596485138, 8.16856956482, 10.9166679382, 16.5235862732, 30.3898983002, 26.7957363129, 24.4104576111, 34.7606697083, 35.3303527832, 30.9740428925, 30.8909034729, 33.2444419861, 49.7524871826, 48.1464195251, 37.8953552246, 41.8149299622, 34.3010063171, 14.4181032181, 15.0659866333, 11.9498882294, 4.87730979919, 6.03682851791, 11.9216508865, 3.32955646515, 3.48680663109, 1.29773902893, 0.497854590416, 0.0303055886179, 0.000960153993219, 8.85142871994e-05, 1.84341770364e-05, 5.62559125683e-06, 5.20571802554e-06, 9.55428731686e-06], "dmean": [0.016903758049, 0.208272948861, 1.20934200287, 2.36775326729, 2.09916687012, 4.13913249969, 5.79942941666, 5.21866559982, 6.88539648056, 10.3249206543, 19.2653102875, 16.958398819, 15.4171609879, 22.2377891541, 22.5821533203, 19.6484127045, 19.4628162384, 20.8460826874, 32.1409606934, 31.4238491058, 25.4335727692, 27.0958557129, 22.2114715576, 9.48459529877, 10.2517671585, 8.18873214722, 3.37700891495, 4.14075040817, 7.71469497681, 2.31732368469, 2.35542273521, 0.915550112724, 0.349176555872, 0.0212514437735, 0.000684368307702, 6.41659426037e-05, 1.34047113534e-05, 4.09393442169e-06, 3.62603009307e-06, 6.35696096651e-06], "var": [0.00255114864558, 0.186013922095, 11.6533327103, 22.0001144409, 20.5061569214, 101.234779358, 263.101989746, 265.985046387, 784.060424805, 792.48638916, 3482.5859375, 2172.99072266, 2145.72216797, 5138.33398438, 8290.25683594, 7659.84521484, 4226.00097656, 4843.38769531, 10291.9023438, 8967.36328125, 10061.1269531, 5292.24511719, 3406.98486328, 670.198547363, 876.144348145, 646.024169922, 95.3763198853, 162.907867432, 591.671569824, 53.9851417542, 52.3404388428, 12.088054657, 1.34160912037, 0.00452720234171, 4.93277002533e-06, 4.19608774394e-08, 1.56833934728e-09, 1.33384914225e-10, 7.62316668124e-11, 2.26871424425e-10], "dvar": [0.00131396262441, 0.067417897284, 2.61190652847, 9.96929264069, 12.4871664047, 71.3112869263, 141.829467773, 131.398529053, 397.573822021, 449.330932617, 1761.96789551, 1453.99584961, 950.124938965, 2146.79443359, 3634.17407227, 3203.13867188, 1904.80065918, 1739.77966309, 3515.84985352, 3689.29931641, 2574.80053711, 1881.04272461, 1050.04577637, 231.625549316, 301.306030273, 173.403411865, 40.1010780334, 110.480888367, 512.753845215, 34.7314109802, 34.8551139832, 9.1544752121, 0.897692799568, 0.00289674242958, 3.11355051963e-06, 2.54487186879e-08, 8.72656613637e-10, 6.81402712033e-11, 1.98477796698e-11, 4.72704826671e-11], "mean": [0.0264204610139, 0.412207990885, 2.99025607109, 4.78635501862, 3.68651938438, 5.85215997696, 9.52223777771, 9.1631565094, 12.5339698792, 16.876367569, 30.8851623535, 28.3945541382, 31.2253227234, 41.4151611328, 42.3030815125, 38.3242034912, 35.8838424683, 42.0722045898, 66.8416137695, 62.6941566467, 59.4136199951, 60.308719635, 51.4297866821, 23.3620109558, 23.7596740723, 19.6448230743, 6.91121292114, 6.340528965, 9.8627204895, 3.68044567108, 3.53813695908, 1.36171793938, 0.553429424763, 0.03574032709, 0.00118293589912, 0.000125862512505, 3.21228872053e-05, 1.02502635855e-05, 1.51635194925e-05, 2.87919083348e-05]}, "spectral_contrast_coeffs": {"min": [-0.996407210827, -0.991082012653, -0.989418685436, -0.988585174084, -0.995932638645, -0.966258168221], "max": [-0.323575586081, -0.354147613049, -0.446769237518, -0.52205991745, -0.583786964417, -0.543433845043], "dvar2": [0.00462011154741, 0.00380138447508, 0.00240166555159, 0.00173058267683, 0.000908357556909, 0.000810213095974], "median": [-0.616196632385, -0.742355525494, -0.754662871361, -0.744586467743, -0.745934188366, -0.687157988548], "dmean2": [0.087174192071, 0.0765617862344, 0.0608801841736, 0.0525708720088, 0.0372384041548, 0.0326608940959], "dmean": [0.0516112111509, 0.0470994748175, 0.0377023369074, 0.0326126217842, 0.0242514573038, 0.0206932388246], "var": [0.00592283392325, 0.00559427635744, 0.00438584713265, 0.00376981007867, 0.00306129595265, 0.00176472624298], "dvar": [0.00172426726203, 0.00149087398313, 0.000942030746955, 0.00072631589137, 0.000426048587542, 0.000363245548215], "mean": [-0.617627263069, -0.737611591816, -0.748250484467, -0.739763021469, -0.743162453175, -0.687038183212]}, "dissonance": {"min": 0.340363383293, "max": 0.499984115362, "dvar2": 0.000498696055729, "median": 0.476791799068, "dmean2": 0.02337378636, "dmean": 0.0138471787795, "var": 0.000378460885258, "dvar": 0.000181190072908, "mean": 0.472327083349}, "spectral_energyband_high": {"min": 6.99802149141e-21, "max": 0.0147243440151, "dvar2": 1.28309079628e-06, "median": 0.000343852385413, "dmean2": 0.000533175421879, "dmean": 0.000378938420909, "var": 1.14789202144e-06, "dvar": 6.43424186819e-07, "mean": 0.000692714995239}, "gfcc": {"mean": [-35.2044334412, 138.159332275, -183.441040039, 57.777217865, -61.4222373962, 9.74083805084, -24.0348682404, -11.6284427643, 5.46501398087, -31.4691944122, 2.77579855919, -22.8792877197, -2.6845831871], "icov": [[0.000306078814901, -0.000391887850128, 0.000688673288096, -0.000884749926627, 0.000865117937792, -0.000327951245708, -4.11034670833e-05, 8.01568239694e-05, -0.000385282881325, 0.0010094443569, -0.000739141541999, 0.000920959224459, -0.000681479636114], [-0.000391887850128, 0.00447773840278, -0.00244854274206, 0.00163200637326, -0.00179809774272, 0.00178468378726, -0.00363565795124, 0.00537851499394, -0.00739748124033, 0.00795517768711, -0.00656198477373, 0.0061948611401, -0.0027359938249], [0.000688673288096, -0.00244854274206, 0.00458048842847, -0.00306976260617, 0.00152486236766, -0.000915881537367, 0.000576341000851, -0.0021451136563, 0.00255187833682, -0.00276965857483, 0.00407659821212, -0.0032327293884, 0.00159173854627], [-0.000884749926627, 0.00163200637326, -0.00306976260617, 0.00703856069595, -0.00241655460559, -0.000168026046595, 0.00186603167094, -0.00119349209126, -0.000156000984134, -0.000931404239964, 0.00201573874801, -0.00199313578196, -1.67182715813e-05], [0.000865117937792, -0.00179809774272, 0.00152486236766, -0.00241655460559, 0.00682800635695, -0.000584758643527, -0.00166312418878, -0.000734476081561, -0.0013085026294, 0.00354911014438, -0.00447060074657, 0.00448993872851, -0.00416312552989], [-0.000327951245708, 0.00178468378726, -0.000915881537367, -0.000168026046595, -0.000584758643527, 0.00913179852068, -0.00646913610399, 0.00475668115541, -0.00145549967419, -0.000378651253413, 0.000298063358059, -0.000234280203586, 0.000469784543384], [-4.11034670833e-05, -0.00363565795124, 0.000576341000851, 0.00186603167094, -0.00166312418878, -0.00646913610399, 0.0160448253155, -0.0105430353433, 0.0101837934926, -0.00888097472489, 0.00774197792634, -0.00697779655457, 0.00703474367037], [8.01568239694e-05, 0.00537851499394, -0.0021451136563, -0.00119349209126, -0.000734476081561, 0.00475668115541, -0.0105430353433, 0.0231359954923, -0.019790975377, 0.0170177817345, -0.0159074570984, 0.0168343577534, -0.0112123219296], [-0.000385282881325, -0.00739748124033, 0.00255187833682, -0.000156000984134, -0.0013085026294, -0.00145549967419, 0.0101837934926, -0.019790975377, 0.0365980267525, -0.0301907882094, 0.0271984878927, -0.0249155964702, 0.0164237841964], [0.0010094443569, 0.00795517768711, -0.00276965857483, -0.000931404239964, 0.00354911014438, -0.000378651253413, -0.00888097472489, 0.0170177817345, -0.0301907882094, 0.0504316575825, -0.0355937555432, 0.02668136172, -0.0151356132701], [-0.000739141541999, -0.00656198477373, 0.00407659821212, 0.00201573874801, -0.00447060074657, 0.000298063358059, 0.00774197792634, -0.0159074570984, 0.0271984878927, -0.0355937555432, 0.0429331697524, -0.0302451234311, 0.0168034508824], [0.000920959224459, 0.0061948611401, -0.0032327293884, -0.00199313578196, 0.00448993872851, -0.000234280203586, -0.00697779655457, 0.0168343577534, -0.0249155964702, 0.02668136172, -0.0302451234311, 0.0427109971642, -0.0224737077951], [-0.000681479636114, -0.0027359938249, 0.00159173854627, -1.67182715813e-05, -0.00416312552989, 0.000469784543384, 0.00703474367037, -0.0112123219296, 0.0164237841964, -0.0151356132701, 0.0168034508824, -0.0224737077951, 0.0274748597294]], "cov": [[11030.6191406, 289.535491943, -1031.92785645, 637.423156738, -683.735595703, 51.6473197937, -210.830581665, -35.5561904907, -26.0423488617, -253.011749268, -68.4583129883, -120.467254639, 117.106079102], [289.535491943, 842.840820313, 150.542434692, -77.6211166382, 229.097885132, -41.532875061, 127.865188599, 20.4347133636, 47.2631874084, -74.666343689, -0.043707344681, -79.6639938354, -41.1531715393], [-1031.92785645, 150.542434692, 575.702514648, 120.606292725, 45.5068397522, 23.0951213837, 37.0602493286, 19.2355937958, 46.3064231873, -3.78866481781, -61.8175468445, 22.3596286774, -12.693696022], [637.423156738, -77.6211166382, 120.606292725, 319.323822021, -29.2048187256, 4.14749622345, -56.144695282, 26.0812034607, 26.6355075836, -18.9095973969, -42.102722168, 24.3801116943, 41.1636619568], [-683.735595703, 229.097885132, 45.5068397522, -29.2048187256, 348.541259766, -19.4824848175, 80.6942901611, 60.0778579712, 2.21039557457, -10.1863794327, 29.7396240234, -28.9250125885, 11.4212322235], [51.6473197937, -41.532875061, 23.0951213837, 4.14749622345, -19.4824848175, 187.077667236, 70.2164764404, -32.5527305603, -13.1580734253, 12.2471828461, -7.34673404694, 3.26676511765, -19.8264598846], [-210.830581665, 127.865188599, 37.0602493286, -56.144695282, 80.6942901611, 70.2164764404, 158.925521851, 33.2163734436, -7.06230735779, 0.849508881569, 5.51386356354, -25.9293689728, -30.679479599], [-35.5561904907, 20.4347133636, 19.2355937958, 26.0812034607, 60.0778579712, -32.5527305603, 33.2163734436, 119.177658081, 38.7418937683, -4.89173030853, -0.288373827934, -16.4968681335, 10.6738481522], [-26.0423488617, 47.2631874084, 46.3064231873, 26.6355075836, 2.21039557457, -13.1580734253, -7.06230735779, 38.7418937683, 93.5461120605, 17.6345119476, -19.0796394348, 6.83964443207, -9.36864757538], [-253.011749268, -74.666343689, -3.78866481781, -18.9095973969, -10.1863794327, 12.2471828461, 0.849508881569, -4.89173030853, 17.6345119476, 68.8173980713, 36.3743591309, 8.56656551361, -5.33954286575], [-68.4583129883, -0.043707344681, -61.8175468445, -42.102722168, 29.7396240234, -7.34673404694, 5.51386356354, -0.288373827934, -19.0796394348, 36.3743591309, 90.2934875488, 22.5930614471, -0.343006521463], [-120.467254639, -79.6639938354, 22.3596286774, 24.3801116943, -28.9250125885, 3.26676511765, -25.9293689728, -16.4968681335, 6.83964443207, 8.56656551361, 22.5930614471, 78.3248825073, 34.146938324], [117.106079102, -41.1531715393, -12.693696022, 41.1636619568, 11.4212322235, -19.8264598846, -30.679479599, 10.6738481522, -9.36864757538, -5.33954286575, -0.343006521463, 34.146938324, 81.0446472168]]}, "spectral_flux": {"min": 6.45924702614e-11, "max": 0.229616940022, "dvar2": 0.000619258848019, "median": 0.0753639191389, "dmean2": 0.0271936170757, "dmean": 0.0180352497846, "var": 0.00129637005739, "dvar": 0.000291748612653, "mean": 0.0774056091905}, "silence_rate_30dB": {"min": 1, "max": 1, "dvar2": 0, "median": 1, "dmean2": 0, "dmean": 0, "var": 0, "dvar": 0, "mean": 1}, "spectral_energyband_middle_high": {"min": 1.12438230514e-21, "max": 0.0623100809753, "dvar2": 2.93548964692e-05, "median": 0.00720578292385, "dmean2": 0.00387224182487, "dmean": 0.00267196842469, "var": 7.15164496796e-05, "dvar": 1.29741492856e-05, "mean": 0.00968385022134}, "barkbands_spread": {"min": 2.73479604721, "max": 86.1915054321, "dvar2": 57.8014526367, "median": 24.9210548401, "dmean2": 7.34163713455, "dmean": 4.79322719574, "var": 107.539756775, "dvar": 27.5711231232, "mean": 25.7313346863}, "spectral_centroid": {"min": 265.518493652, "max": 11597.2294922, "dvar2": 124305.359375, "median": 1746.90283203, "dmean2": 340.94543457, "dmean": 234.241943359, "var": 668070.1875, "dvar": 64737.0546875, "mean": 1758.40527344}, "pitch_salience": {"min": 0.155607715249, "max": 0.99343162775, "dvar2": 0.00665255868807, "median": 0.562283992767, "dmean2": 0.0970454216003, "dmean": 0.0613174922764, "var": 0.0102183194831, "dvar": 0.00287782447413, "mean": 0.561478376389}, "erbbands_skewness": {"min": -3.36547327042, "max": 2.69810962677, "dvar2": 0.177175804973, "median": -0.221755683422, "dmean2": 0.475351750851, "dmean": 0.311509698629, "var": 0.481677144766, "dvar": 0.0770428553224, "mean": -0.300294309855}, "erbbands_crest": {"min": 2.60266470909, "max": 27.6182174683, "dvar2": 11.8734045029, "median": 7.78185653687, "dmean2": 3.74762487411, "dmean": 2.31223011017, "var": 12.857755661, "dvar": 4.68870353699, "mean": 8.58850097656}, "melbands": {"min": [2.20778284607e-24, 1.5917356286e-24, 1.30982977462e-24, 2.54772490102e-24, 3.23787682447e-24, 2.73504702272e-24, 2.16875355836e-24, 2.46510394855e-24, 2.71036415664e-24, 1.27107254531e-24, 4.36616209467e-24, 2.69044758815e-24, 2.15262924146e-24, 1.94686335458e-24, 2.74872389866e-24, 3.62004285658e-24, 3.98761456752e-24, 3.45037386423e-24, 3.17882683862e-24, 3.35431624395e-24, 4.21223994927e-24, 4.29326700829e-24, 4.63846938497e-24, 4.40228324666e-24, 2.90289019651e-24, 5.61620567901e-24, 5.68121057861e-24, 5.1108507335e-24, 4.74390103939e-24, 5.09396477139e-24, 5.84908964557e-24, 7.55496348779e-24, 5.04323864861e-24, 5.17306622094e-24, 5.31941806266e-24, 5.74149375127e-24, 6.91336240319e-24, 5.83068985939e-24, 5.69436562307e-24, 6.68767639796e-24], "max": [0.00356273120269, 0.0100229289383, 0.00684796785936, 0.00694912718609, 0.00610110349953, 0.00557441124693, 0.0110828392208, 0.00967860035598, 0.00611154688522, 0.00516494549811, 0.00374032673426, 0.00395087758079, 0.00461669825017, 0.0077446019277, 0.0031787136104, 0.00277673639357, 0.00167275138665, 0.00242500985041, 0.0020478728693, 0.00133857969195, 0.00212144036777, 0.00100335769821, 0.000656460411847, 0.00048246033839, 0.000429912586696, 0.000460867304355, 0.00024232827127, 0.000172626940184, 0.000105743129097, 0.000107428757474, 0.00023358175531, 0.000267905270448, 0.000124747952214, 6.42800878268e-05, 7.06617429387e-05, 7.26030484657e-05, 5.8711902966e-05, 2.14610681724e-05, 3.75070681002e-06, 6.73198599088e-08], "dvar2": [1.69787895743e-07, 1.02693252302e-06, 6.67799838538e-07, 4.00457395244e-07, 4.02555883738e-07, 1.45357404335e-07, 1.95032782813e-07, 2.1508370196e-07, 2.52402685419e-07, 1.24796571299e-07, 6.63881749574e-08, 8.7201321719e-08, 1.38635769531e-07, 1.76696985932e-07, 4.79041837309e-08, 2.34717454362e-08, 2.20096687542e-08, 2.75956786311e-08, 2.85302697023e-08, 7.67722596606e-09, 1.01033235111e-08, 5.87807358343e-09, 3.60303387126e-09, 2.39425324011e-09, 4.18740153663e-10, 5.10889497374e-10, 4.14197454113e-10, 1.78949535745e-10, 4.29387601864e-11, 4.48204251491e-11, 9.76179345691e-11, 5.84335746456e-10, 7.05526609357e-11, 1.79394814975e-11, 4.50850121125e-11, 1.17148192189e-11, 6.63522708999e-12, 1.62149785786e-12, 5.04128362048e-14, 2.89693341244e-17], "median": [0.000145776968566, 0.000753499916755, 0.000629119575024, 0.000166951533174, 0.000129002990434, 8.48387790029e-05, 6.81905949023e-05, 9.13293915801e-05, 0.000102550831798, 9.82143246802e-05, 7.86461678217e-05, 5.84266672377e-05, 4.38152565039e-05, 3.46446868207e-05, 3.75096860807e-05, 2.18999703065e-05, 2.44304392254e-05, 4.04875900131e-05, 4.48693463113e-05, 2.61923451035e-05, 2.78507759504e-05, 3.35357617587e-05, 2.92279928544e-05, 1.79193848453e-05, 8.73438875715e-06, 9.620437595e-06, 8.13065435068e-06, 4.87107445224e-06, 2.08083270081e-06, 1.14614829272e-06, 1.29066597765e-06, 1.68813915025e-06, 9.33028843519e-07, 7.02388319951e-07, 7.82119116138e-07, 3.55512156602e-07, 2.66473705324e-07, 1.82511485036e-07, 4.26172590551e-08, 1.88955739944e-10], "dmean2": [0.000274716381682, 0.000830940320157, 0.000636509503238, 0.000335614284268, 0.000328442169121, 0.000184326767339, 0.000158465642016, 0.000228838500334, 0.000241490677581, 0.00016972279991, 0.000127051709569, 0.000147781858686, 0.000124655372929, 0.000115502312838, 8.80305888131e-05, 6.09154158155e-05, 7.06774153514e-05, 8.99649894563e-05, 8.70925650815e-05, 4.59937109554e-05, 4.94926789543e-05, 4.64069998998e-05, 3.79583143513e-05, 3.11734438583e-05, 1.20114673337e-05, 1.14341737572e-05, 1.20271361084e-05, 8.06381285656e-06, 3.63162916983e-06, 2.99871680909e-06, 3.73211923943e-06, 8.24001472211e-06, 3.13172859023e-06, 1.62748733601e-06, 2.69865950031e-06, 9.74449449131e-07, 7.59729516631e-07, 4.62063525219e-07, 9.11818744953e-08, 2.3191526477e-09], "dmean": [0.000176603920409, 0.000489461992402, 0.000373804796254, 0.000199553745915, 0.000206976968911, 0.000117849747767, 9.9961340311e-05, 0.000142426040838, 0.000153178538312, 0.000107471576484, 8.00333946245e-05, 9.42178303376e-05, 7.99710396677e-05, 7.26733924239e-05, 5.51274606551e-05, 3.83922670153e-05, 4.43789940618e-05, 5.77020655328e-05, 5.60715416213e-05, 3.02954977087e-05, 3.32436757162e-05, 3.00046449411e-05, 2.44380371441e-05, 1.98961861315e-05, 7.67180154071e-06, 7.52747837396e-06, 8.19359956949e-06, 5.41423423783e-06, 2.44063903665e-06, 2.00517047233e-06, 2.50355856224e-06, 5.27933570993e-06, 2.05346577786e-06, 1.11019267024e-06, 1.77638344212e-06, 6.67435642754e-07, 5.27221629909e-07, 3.18996256965e-07, 6.21491196284e-08, 1.37118350008e-09], "var": [1.8251238032e-07, 1.6453070657e-06, 5.24746724295e-07, 2.21726736527e-07, 3.24505577964e-07, 1.33122568968e-07, 1.51770208845e-07, 1.69707021769e-07, 2.07491623883e-07, 8.12631171243e-08, 5.9159582122e-08, 8.60049524931e-08, 1.25661415495e-07, 1.54813946551e-07, 3.77009499175e-08, 1.73239858015e-08, 2.36307471368e-08, 3.29673142119e-08, 3.03513623123e-08, 8.7494607115e-09, 1.68494569408e-08, 6.11137718209e-09, 3.86062026791e-09, 2.97017321849e-09, 3.9549294395e-10, 4.71919392453e-10, 6.26210361343e-10, 2.88209844879e-10, 5.03807516539e-11, 3.37725229727e-11, 6.16458689651e-11, 2.85321016813e-10, 4.05031320982e-11, 1.21688917623e-11, 2.91241579464e-11, 6.77573101793e-12, 3.9075856266e-12, 1.08019160023e-12, 3.47648748981e-14, 1.31550784523e-17], "dvar": [8.55702211311e-08, 3.86586691548e-07, 2.43205107608e-07, 1.54296358801e-07, 1.6482619003e-07, 6.39270467673e-08, 7.51040190039e-08, 9.21474665461e-08, 1.04968414405e-07, 5.12749380732e-08, 2.54826808543e-08, 3.62619765326e-08, 5.62639073109e-08, 6.92195385454e-08, 1.81684534084e-08, 8.82890738296e-09, 8.49750669829e-09, 1.18125695892e-08, 1.19152714362e-08, 3.45061135221e-09, 4.5294576978e-09, 2.47880582727e-09, 1.52168755374e-09, 1.0091385505e-09, 1.70512964859e-10, 2.11546585804e-10, 1.9068951973e-10, 8.42750591534e-11, 2.00352026636e-11, 2.12841896885e-11, 4.48401073216e-11, 2.48624176802e-10, 3.13633806426e-11, 8.38702371442e-12, 1.98929657469e-11, 5.29722836776e-12, 2.9915187081e-12, 7.54553917178e-13, 2.26428881341e-14, 1.15983352928e-17], "mean": [0.000303207780235, 0.00120648636948, 0.000801925256383, 0.000310832285322, 0.000341388134984, 0.000210039142985, 0.000178961869096, 0.000227245560382, 0.000249010277912, 0.000180927832844, 0.000158456125064, 0.000170300831087, 0.000146810445585, 0.000126634840854, 9.61029727478e-05, 6.53054084978e-05, 8.19374618004e-05, 0.000110543318442, 0.000104455735709, 5.89578303334e-05, 7.20408861525e-05, 6.12969161011e-05, 5.11794387421e-05, 4.14407841163e-05, 1.56954538397e-05, 1.60403797054e-05, 1.76970806933e-05, 1.20815893752e-05, 4.72681222163e-06, 3.02833791466e-06, 3.64365973837e-06, 6.54978111925e-06, 2.82634186988e-06, 1.73258706582e-06, 2.56241855823e-06, 9.54888832894e-07, 7.56217445996e-07, 4.85213092816e-07, 1.02490851361e-07, 1.33687716453e-09]}, "barkbands_skewness": {"min": -2.23947048187, "max": 4.85342121124, "dvar2": 0.243111565709, "median": 0.466850817204, "dmean2": 0.539268374443, "dmean": 0.36008092761, "var": 0.757103323936, "dvar": 0.113529704511, "mean": 0.563430607319}, "spectral_entropy": {"min": 6.07488059998, "max": 9.8249502182, "dvar2": 0.0300996825099, "median": 7.49052906036, "dmean2": 0.178024187684, "dmean": 0.128242105246, "var": 0.111745044589, "dvar": 0.016382643953, "mean": 7.50349235535}, "spectral_rolloff": {"min": 129.19921875, "max": 19702.8808594, "dvar2": 776162.0625, "median": 1916.45507813, "dmean2": 651.854125977, "dmean": 407.213928223, "var": 2121545.75, "dvar": 396439.125, "mean": 2062.20874023}, "barkbands": {"min": [3.95059026841e-25, 5.27876293262e-24, 1.22155170338e-24, 1.6866848007e-24, 1.72157422527e-23, 1.31886262642e-23, 1.0012188688e-23, 1.22155134839e-23, 7.7229908606e-24, 2.96500439421e-23, 1.55529307496e-23, 1.77050647836e-23, 3.46445053488e-23, 3.57379896257e-23, 4.56527784467e-23, 7.33377414749e-23, 7.03005133938e-23, 1.02568376473e-22, 1.32323338915e-22, 1.83586688602e-22, 2.69144623872e-22, 3.88704357424e-22, 4.79796865075e-22, 5.97791523834e-22, 9.10082143922e-22, 1.35933794982e-21, 1.97088281546e-21], "max": [0.000450379273389, 0.0141082564369, 0.024937491864, 0.0174687001854, 0.0285168364644, 0.037380065769, 0.046578463167, 0.0620187222958, 0.030066948384, 0.0216007828712, 0.0390205048025, 0.0509571731091, 0.025849012658, 0.0202302727848, 0.0262119006366, 0.0250546708703, 0.0149420183152, 0.00815817061812, 0.011843143031, 0.00466649746522, 0.00554886087775, 0.00755550153553, 0.00379900913686, 0.00297798332758, 2.39779437834e-05, 1.213950096e-08, 1.29626158696e-08], "dvar2": [3.01075098186e-09, 2.66608003585e-06, 7.46947989683e-06, 4.27269742431e-06, 9.86655868473e-06, 4.431407433e-06, 3.92868969357e-06, 1.01718014776e-05, 6.23006962996e-06, 3.53889322469e-06, 8.03949387773e-06, 8.61559692567e-06, 3.5745358673e-06, 3.09803772325e-06, 4.2103947635e-06, 1.66741483554e-06, 1.59129399435e-06, 7.09329583515e-07, 2.61787420186e-07, 1.70962351831e-07, 8.1656558848e-08, 4.66178846636e-07, 7.23213133824e-08, 1.91668103611e-08, 1.67077072663e-12, 4.01211796564e-18, 4.3337898943e-18], "median": [2.96325888485e-05, 0.000790182384662, 0.00177857279778, 0.00106095348019, 0.000674450187944, 0.000451054947916, 0.000306145346258, 0.000473899621284, 0.000778245273978, 0.000387437525205, 0.000254893529927, 0.00032498157816, 0.000329721369781, 0.000291219301289, 0.000630699796602, 0.000344073108863, 0.000576522084884, 0.000372302602045, 0.000263036927208, 0.000178073067218, 5.44697904843e-05, 6.76150084473e-05, 4.24161335104e-05, 1.76478497451e-05, 8.64772857767e-08, 2.70415911885e-10, 2.66104027702e-10], "dmean2": [3.77512988052e-05, 0.00127464160323, 0.00213322625495, 0.00150870904326, 0.00172275642399, 0.00099982006941, 0.000763664022088, 0.00148559361696, 0.00124962825794, 0.00093625835143, 0.000892018666491, 0.00091512670042, 0.000838776177261, 0.000877227459569, 0.00113641854841, 0.000661690020934, 0.000786896503996, 0.000578261038754, 0.000276283855783, 0.00026313244598, 0.000122306941194, 0.000246166571742, 0.000107403167931, 4.30576292274e-05, 6.11383143223e-07, 1.48088596941e-09, 1.50133905308e-09], "dmean": [2.38231205003e-05, 0.000783743453212, 0.00126095442101, 0.000879694125615, 0.00104591366835, 0.000642733764835, 0.000481577590108, 0.000934255018365, 0.00079518876737, 0.000588984636124, 0.000572029442992, 0.000576715567149, 0.000525100389495, 0.000553370162379, 0.00073627778329, 0.00043075796566, 0.000510942598339, 0.000370626075892, 0.000183854121133, 0.000179457725608, 8.3745457232e-05, 0.000163290533237, 7.34356362955e-05, 3.05965331791e-05, 3.69017072899e-07, 8.06309796708e-10, 8.13604184025e-10], "var": [2.61501842402e-09, 2.72860620498e-06, 1.03421361928e-05, 3.20795993503e-06, 6.58994122205e-06, 3.971744718e-06, 2.96194389193e-06, 8.29345754028e-06, 4.30618229075e-06, 3.44146747011e-06, 7.65681852499e-06, 7.68554855313e-06, 2.75848560705e-06, 3.4462543681e-06, 4.65347375211e-06, 2.60750744019e-06, 1.78322011379e-06, 8.94651464023e-07, 2.75352050494e-07, 3.02282103348e-07, 6.35975681007e-08, 2.59544236769e-07, 5.16601552647e-08, 1.22744419073e-08, 8.52878965368e-13, 1.10580999124e-18, 1.16383422967e-18], "dvar": [1.39849232195e-09, 1.1159187352e-06, 2.86254817183e-06, 1.52110965246e-06, 3.85726525565e-06, 1.95694315153e-06, 1.5460313989e-06, 4.34022558693e-06, 2.55337840827e-06, 1.40926226777e-06, 3.30518105329e-06, 3.40312408298e-06, 1.34806987262e-06, 1.22609765185e-06, 1.77832680492e-06, 7.15167800536e-07, 6.87618523898e-07, 2.99862421116e-07, 1.11465901398e-07, 8.21662027306e-08, 3.9132359575e-08, 2.06236592248e-07, 3.36762902009e-08, 8.86052831106e-09, 6.98393274635e-13, 1.29693038196e-18, 1.39418945121e-18], "mean": [4.60973642475e-05, 0.00142068229616, 0.00290116062388, 0.00160794926342, 0.00160178658552, 0.00112076080404, 0.000811160483863, 0.00143018178642, 0.00137975660618, 0.00105488917325, 0.00101723033004, 0.00100473116618, 0.000887217232957, 0.00101772951894, 0.00139802263584, 0.000923690327909, 0.00105764414184, 0.000784866861068, 0.000420954223955, 0.000417719798861, 0.000136020695209, 0.000220170724788, 0.000114237467642, 4.67967838631e-05, 3.91986560544e-07, 6.72922384481e-10, 6.71461830581e-10]}, "melbands_flatness_db": {"min": 0.00369716272689, "max": 0.389283001423, "dvar2": 0.000775855092797, "median": 0.169902384281, "dmean2": 0.0302313826978, "dmean": 0.0211479198188, "var": 0.00279715610668, "dvar": 0.00041580220568, "mean": 0.17666234076}, "melbands_skewness": {"min": -1.4162197113, "max": 8.58169555664, "dvar2": 0.409716695547, "median": 1.32851815224, "dmean2": 0.676985561848, "dmean": 0.448268502951, "var": 1.27718436718, "dvar": 0.188103914261, "mean": 1.50671076775}, "silence_rate_60dB": {"min": 0, "max": 1, "dvar2": 0.0144856851548, "median": 0, "dmean2": 0.011898859404, "dmean": 0.0059486925602, "var": 0.0505561083555, "dvar": 0.00591386016458, "mean": 0.0534076839685}, "spectral_energyband_low": {"min": 2.38481392227e-23, "max": 0.0311797801405, "dvar2": 1.37826682476e-05, "median": 0.00443311873823, "dmean2": 0.00331031158566, "dmean": 0.00197767862119, "var": 1.96502314793e-05, "dvar": 5.25913492311e-06, "mean": 0.00537014612928}, "spectral_energyband_middle_low": {"min": 1.96478367111e-22, "max": 0.0629994124174, "dvar2": 3.51258422597e-05, "median": 0.00663042254746, "dmean2": 0.00467026187107, "dmean": 0.00297783804126, "var": 3.78415606974e-05, "dvar": 1.46304200825e-05, "mean": 0.00817487575114}, "melbands_kurtosis": {"min": -1.77815639973, "max": 86.5133895874, "dvar2": 28.2821559906, "median": 1.50256347656, "dmean2": 3.46986293793, "dmean": 2.24683666229, "var": 40.6503562927, "dvar": 12.5147075653, "mean": 3.62665343285}, "spectral_decrease": {"min": -1.69739493572e-08, "max": 1.91083835734e-28, "dvar2": 3.96563331035e-18, "median": -5.44391509649e-09, "dmean2": 1.909950198e-09, "dmean": 1.21799792474e-09, "var": 7.68324974891e-18, "dvar": 1.71416359166e-18, "mean": -5.44218359266e-09}, "erbbands_kurtosis": {"min": -1.66827011108, "max": 18.9746227264, "dvar2": 2.1654946804, "median": 0.0331578738987, "dmean2": 1.2015812397, "dmean": 0.761238873005, "var": 2.73600721359, "dvar": 0.932269275188, "mean": 0.493848472834}, "melbands_crest": {"min": 1.23037016392, "max": 30.7038536072, "dvar2": 16.9259243011, "median": 11.4933023453, "dmean2": 4.82630968094, "dmean": 2.99466657639, "var": 29.4521389008, "dvar": 7.16103553772, "mean": 12.6301898956}, "mfcc": {"mean": [-638.841918945, 130.140151978, -39.790977478, 31.7081737518, -4.52431106567, 12.792760849, -14.0180082321, 19.1083202362, -7.85759925842, 12.7025032043, -9.85995769501, 3.37714886665, -9.34278678894], "icov": [[0.000696710369084, -0.00051338103367, 0.000873277662322, -0.00111738289706, 0.00139229255728, -0.00110198918264, 0.00119034876116, -0.0014097263338, 0.00130776921287, -0.0014373807935, 0.0017402372323, -0.00129698659293, 0.00135537644383], [-0.00051338103367, 0.00170584465377, -0.000671448244248, 0.000845502538141, -0.00153092714027, 0.00124674430117, -0.00157128670253, 0.000417448318331, -0.00139497057535, 0.00135766295716, -0.00198261369951, 0.00140861584805, -0.00116395624354], [0.000873277662322, -0.000671448244248, 0.00411442713812, -0.00261308578774, 0.00263623683713, -0.00296341022477, 0.00229610758834, -0.00178369239438, 6.57320124446e-05, 1.47970604303e-05, 0.000897748337593, -0.00170999963302, 0.00100376992486], [-0.00111738289706, 0.000845502538141, -0.00261308578774, 0.00821972079575, -0.00529447058216, 0.0026581438724, -0.00078031810699, 0.000161486648722, -0.00080888409866, -0.000377233169274, 0.0011154836975, 0.000421950768214, -0.00190691812895], [0.00139229255728, -0.00153092714027, 0.00263623683713, -0.00529447058216, 0.0106497751549, -0.00242510903627, 0.00110015214887, -0.000454460998299, -1.47984746945e-05, -0.00157050963026, 0.00261404970661, -0.00112651148811, -0.000119376789371], [-0.00110198918264, 0.00124674430117, -0.00296341022477, 0.0026581438724, -0.00242510903627, 0.00903768930584, -0.00349729368463, 0.000322971172864, -0.00127112038899, 0.00314025627449, -0.00334034767002, 0.0020654972177, 0.000363937579095], [0.00119034876116, -0.00157128670253, 0.00229610758834, -0.00078031810699, 0.00110015214887, -0.00349729368463, 0.00947404187173, -0.00406954158098, 0.00286910799332, -0.00413782708347, 0.00217057717964, -7.78635512688e-05, 0.000393562717363], [-0.0014097263338, 0.000417448318331, -0.00178369239438, 0.000161486648722, -0.000454460998299, 0.000322971172864, -0.00406954158098, 0.0170424282551, -0.0066925114952, 0.00121317326557, -0.00182586791925, 0.00192551477812, -0.0045599732548], [0.00130776921287, -0.00139497057535, 6.57320124446e-05, -0.00080888409866, -1.47984746945e-05, -0.00127112038899, 0.00286910799332, -0.0066925114952, 0.0144821088761, -0.00659028813243, 0.00564401457086, -0.00261168787256, 0.00148847489618], [-0.0014373807935, 0.00135766295716, 1.47970604303e-05, -0.000377233169274, -0.00157050963026, 0.00314025627449, -0.00413782708347, 0.00121317326557, -0.00659028813243, 0.0198215171695, -0.00995697360486, 0.00410923641175, -0.000736937916372], [0.0017402372323, -0.00198261369951, 0.000897748337593, 0.0011154836975, 0.00261404970661, -0.00334034767002, 0.00217057717964, -0.00182586791925, 0.00564401457086, -0.00995697360486, 0.0188723858446, -0.00645715696737, 0.00267866393551], [-0.00129698659293, 0.00140861584805, -0.00170999963302, 0.000421950768214, -0.00112651148811, 0.0020654972177, -7.78635512688e-05, 0.00192551477812, -0.00261168787256, 0.00410923641175, -0.00645715696737, 0.0201413687319, -0.00879934895784], [0.00135537644383, -0.00116395624354, 0.00100376992486, -0.00190691812895, -0.000119376789371, 0.000363937579095, 0.000393562717363, -0.0045599732548, 0.00148847489618, -0.000736937916372, 0.00267866393551, -0.00879934895784, 0.0196427479386]], "cov": [[6293.44433594, 0.709453880787, -311.521911621, 398.034790039, -382.565551758, 140.488677979, -317.649078369, 217.844177246, -170.815155029, 106.948524475, -287.411193848, 71.9209365845, -239.277130127], [0.709453880787, 973.359069824, -30.1872825623, 10.8485326767, 122.676902771, -40.333656311, 144.217880249, 60.9704208374, 77.5322723389, 32.0984268188, 46.3054199219, -24.4397964478, 51.0479125977], [-311.521911621, -30.1872825623, 478.504699707, 69.0969772339, -23.36079216, 84.5583648682, -61.1890563965, 29.3717861176, 45.5489501953, -39.7730751038, -0.0974715426564, 29.4255371094, 16.5495128632], [398.034790039, 10.8485326767, 69.0969772339, 278.271728516, 89.3636550903, -33.7572212219, -39.1853141785, 41.4622192383, 36.3458976746, 10.0656938553, -66.9297409058, 21.1431083679, 24.462556839], [-382.565551758, 122.676902771, -23.36079216, 89.3636550903, 205.381515503, -28.2093925476, 39.0651779175, 5.71099710464, 46.2730789185, 6.17526292801, -11.1459550858, -3.29957413673, 42.6171112061], [140.488677979, -40.333656311, 84.5583648682, -33.7572212219, -28.2093925476, 183.275878906, 26.7627487183, 16.7773208618, -9.0965013504, -9.69937801361, 14.1929073334, -7.66300487518, -24.9335613251], [-317.649078369, 144.217880249, -61.1890563965, -39.1853141785, 39.0651779175, 26.7627487183, 198.883300781, 24.6560249329, 10.6442747116, 29.714761734, 30.1458091736, -24.9682044983, 16.279542923], [217.844177246, 60.9704208374, 29.3717861176, 41.4622192383, 5.71099710464, 16.7773208618, 24.6560249329, 101.861572266, 44.1053009033, 16.6541938782, -13.1504592896, 5.16636133194, 15.3724193573], [-170.815155029, 77.5322723389, 45.5489501953, 36.3458976746, 46.2730789185, -9.0965013504, 10.6442747116, 44.1053009033, 124.944923401, 22.8622264862, -12.7609395981, 3.39613389969, 22.7082271576], [106.948524475, 32.0984268188, -39.7730751038, 10.0656938553, 6.17526292801, -9.69937801361, 29.714761734, 16.6541938782, 22.8622264862, 85.9647598267, 27.2282409668, -6.77866888046, -4.23688173294], [-287.411193848, 46.3054199219, -0.0974715426564, -66.9297409058, -11.1459550858, 14.1929073334, 30.1458091736, -13.1504592896, -12.7609395981, 27.2282409668, 108.01008606, 7.55718564987, 2.74023151398], [71.9209365845, -24.4397964478, 29.4255371094, 21.1431083679, -3.29957413673, -7.66300487518, -24.9682044983, 5.16636133194, 3.39613389969, -6.77866888046, 7.55718564987, 74.4293746948, 27.7594165802], [-239.277130127, 51.0479125977, 16.5495128632, 24.462556839, 42.6171112061, -24.9335613251, 16.279542923, 15.3724193573, 22.7082271576, -4.23688173294, 2.74023151398, 27.7594165802, 86.1192398071]]}, "spectral_energy": {"min": 1.00987936437e-20, "max": 0.0692984685302, "dvar2": 6.65576008032e-05, "median": 0.0227302089334, "dmean2": 0.0077875610441, "dmean": 0.00503682531416, "var": 0.000137245137012, "dvar": 2.93061966659e-05, "mean": 0.0228218585253}, "melbands_spread": {"min": 2.58533143997, "max": 177.116119385, "dvar2": 167.49861145, "median": 34.641708374, "dmean2": 12.0930013657, "dmean": 8.04566001892, "var": 368.916442871, "dvar": 82.9981155396, "mean": 36.5489082336}, "erbbands_flatness_db": {"min": 0.0861288756132, "max": 0.412978589535, "dvar2": 0.000296212267131, "median": 0.22026373446, "dmean2": 0.0196538083255, "dmean": 0.0135071016848, "var": 0.00121532089543, "dvar": 0.000146273494465, "mean": 0.220912054181}, "spectral_contrast_valleys": {"min": [-28.000951767, -27.9905490875, -27.5345172882, -27.6357059479, -27.4445514679, -27.3469467163], "max": [-5.87153959274, -4.75535964966, -5.34218120575, -5.36649703979, -5.65495538712, -8.75070858002], "dvar2": [0.350874841213, 0.245452284813, 0.16134814918, 0.140205621719, 0.126311331987, 0.136298984289], "median": [-7.55972957611, -6.68442487717, -7.03287744522, -7.3205909729, -7.29522037506, -11.0125932693], "dmean2": [0.728441894054, 0.589926064014, 0.467387259007, 0.425613611937, 0.366276711226, 0.390884369612], "dmean": [0.438485682011, 0.362616866827, 0.29735738039, 0.277629077435, 0.262184411287, 0.296120554209], "var": [2.54752159119, 2.4823589325, 2.35591125488, 2.2359392643, 2.3497736454, 1.9282245636], "dvar": [0.139487221837, 0.108908057213, 0.0818945616484, 0.0778091773391, 0.0765410140157, 0.0923011079431], "mean": [-7.77337884903, -6.87221431732, -7.22597742081, -7.4885134697, -7.50100564957, -11.1860113144]}, "barkbands_flatness_db": {"min": 0.0238750632852, "max": 0.336474150419, "dvar2": 0.000554006255697, "median": 0.164587810636, "dmean2": 0.0286741368473, "dmean": 0.018001196906, "var": 0.00119338638615, "dvar": 0.000237912507146, "mean": 0.169112682343}, "zerocrossingrate": {"min": 0.0068359375, "max": 0.5263671875, "dvar2": 0.00017158438277, "median": 0.064453125, "dmean2": 0.00956427212805, "dmean": 0.00848002173007, "var": 0.00142061919905, "dvar": 0.000135612222948, "mean": 0.0671194940805}, "spectral_skewness": {"min": -0.104107022285, "max": 4.02459478378, "dvar2": 0.161796942353, "median": 1.09963595867, "dmean2": 0.448029637337, "dmean": 0.267364233732, "var": 0.146879598498, "dvar": 0.057