{"lowlevel": {"spectral_complexity": {"min": 0, "max": 54, "dvar2": 31.9778347015, "median": 23, "dmean2": 5.65980243683, "dmean": 3.97124767303, "var": 99.5561447144, "dvar": 18.1651725769, "mean": 22.6349124908}, "silence_rate_20dB": {"min": 1, "max": 1, "dvar2": 0, "median": 1, "dmean2": 0, "dmean": 0, "var": 0, "dvar": 0, "mean": 1}, "average_loudness": 0.957396864891, "erbbands_spread": {"min": 4.14517259598, "max": 127.161140442, "dvar2": 100.803009033, "median": 30.1513595581, "dmean2": 9.81628799438, "dmean": 6.44918775558, "var": 228.398788452, "dvar": 45.635635376, "mean": 32.2739219666}, "spectral_kurtosis": {"min": -1.24485456944, "max": 44.8079795837, "dvar2": 19.3375778198, "median": 3.67969703674, "dmean2": 2.94950509071, "dmean": 1.75420975685, "var": 11.2579631805, "dvar": 6.43151521683, "mean": 4.35256290436}, "barkbands_kurtosis": {"min": -1.91915225983, "max": 62.6544914246, "dvar2": 14.1648674011, "median": -0.588724672794, "dmean2": 1.92839515209, "dmean": 1.22639405727, "var": 14.9252033234, "dvar": 6.41860532761, "mean": 0.642808377743}, "spectral_strongpeak": {"min": 0, "max": 18.4307575226, "dvar2": 4.37912464142, "median": 0.416063129902, "dmean2": 1.19675815105, "dmean": 0.688921809196, "var": 2.64313101768, "dvar": 1.6978276968, "mean": 1.10739135742}, "spectral_spread": {"min": 1022992.875, "max": 41975500, "dvar2": 649036169216, "median": 3670162, "dmean2": 654017.875, "dmean": 474306.625, "var": 2112611942400.0, "dvar": 418295906304, "mean": 3954338}, "spectral_rms": {"min": 3.26259418787e-12, "max": 0.0071703530848, "dvar2": 4.55616344652e-07, "median": 0.00456965668127, "dmean2": 0.000736912945285, "dmean": 0.000472436891869, "var": 1.84603470643e-06, "dvar": 2.00523345484e-07, "mean": 0.00425600912422}, "dynamic_complexity": 2.89768218994, "erbbands": {"min": [2.75172404712e-22, 3.00161125101e-21, 1.27145980423e-20, 2.40066150677e-20, 9.51379648953e-20, 1.76046988613e-19, 1.13304150079e-18, 4.78984620566e-19, 8.84113179368e-19, 1.33997562027e-18, 1.89134226675e-18, 6.48331497916e-19, 1.53474501487e-18, 4.7564283157e-18, 3.08956342846e-18, 2.55223351999e-18, 6.89067010138e-18, 7.91346073082e-18, 9.6666245442e-18, 7.66213430941e-18, 9.14647352269e-18, 7.43592191857e-18, 1.1561179994e-17, 9.5171703783e-18, 8.05749107344e-18, 1.70389197301e-17, 1.53870880233e-17, 2.20451077871e-17, 1.44899775617e-17, 2.1160616793e-17, 1.85219321456e-17, 1.44369982978e-17, 1.39250082403e-17, 1.10790064888e-17, 6.65068184462e-18, 7.73925980254e-18, 3.14193554176e-18, 1.17415713352e-18, 3.76797416028e-19, 4.2138722672e-20], "max": [0.725285887718, 4.78159999847, 36.3751983643, 65.8554077148, 47.7137451172, 70.107673645, 115.369140625, 140.277938843, 444.039001465, 338.010650635, 546.991821289, 485.824584961, 418.9737854, 657.32434082, 721.391052246, 1266.30603027, 668.407104492, 496.971405029, 1036.55029297, 1044.34265137, 1383.32678223, 913.861328125, 682.555908203, 699.626464844, 543.531188965, 399.931365967, 294.7215271, 823.363830566, 770.283508301, 221.424560547, 230.013580322, 199.463012695, 70.8331604004, 38.996963501, 54.2582244873, 3.27515745163, 0.373158603907, 0.0656073465943, 0.00162295624614, 0.00017085102445], "dvar2": [0.00674790283665, 0.528995752335, 12.3270339966, 36.1770515442, 13.0437965393, 45.7662696838, 81.7516555786, 74.344871521, 290.985839844, 334.790374756, 1258.61633301, 1095.31958008, 835.083435059, 1790.58178711, 3111.80224609, 3172.765625, 2329.9206543, 2245.0234375, 4688.75048828, 4712.17724609, 5009.73779297, 4804.30664063, 3117.92382813, 881.356018066, 1375.26611328, 966.607116699, 283.487548828, 921.442749023, 4954.7734375, 307.623687744, 354.700469971, 100.912414551, 20.1558437347, 8.8573102951, 21.9471359253, 0.053240031004, 0.00131701340433, 2.24247669394e-05, 1.45387852868e-08, 2.5629162681e-10], "median": [0.0113353896886, 0.365826874971, 2.07769823074, 3.97577309608, 1.83708143234, 1.01560115814, 1.58721554279, 1.82795667648, 2.40573453903, 4.05449771881, 6.74542999268, 8.73155498505, 9.83812522888, 9.31097126007, 8.77830886841, 10.5644931793, 10.1228151321, 11.1016588211, 23.2979164124, 26.7687225342, 22.9782180786, 35.1779785156, 31.5025482178, 18.0265293121, 19.0884914398, 13.0808000565, 5.164914608, 3.75608325005, 4.7381567955, 2.40121865273, 1.89001703262, 0.704071044922, 0.437113106251, 0.349644780159, 0.194736048579, 0.0186760611832, 0.00146604643669, 9.84533544397e-05, 2.12920731428e-05, 2.9476976124e-05], "dmean2": [0.0414438992739, 0.571327626705, 2.73665428162, 4.56536006927, 2.39882445335, 3.29162931442, 4.50098705292, 4.04065608978, 5.78765058517, 9.1926317215, 16.8916683197, 15.2865114212, 14.5608406067, 20.8029537201, 21.516412735, 19.9208908081, 21.2702293396, 24.2387104034, 38.0250740051, 38.508228302, 35.4008293152, 42.9991722107, 37.9626464844, 17.8206691742, 21.5065250397, 18.3784255981, 8.24832057953, 10.9248876572, 23.8229904175, 6.4840836525, 7.28578996658, 2.46536636353, 1.37433159351, 1.14964997768, 1.57079541683, 0.0880312398076, 0.0134549215436, 0.00142889795825, 4.19009738835e-05, 1.18405823741e-05], "dmean": [0.0288097709417, 0.343181043863, 1.62303626537, 2.69444894791, 1.42222440243, 1.97724688053, 2.86167407036, 2.58766078949, 3.65105247498, 5.73087644577, 10.6137781143, 9.66843223572, 9.17098617554, 13.2966909409, 13.7871551514, 12.6831607819, 13.3991775513, 15.198392868, 24.5435314178, 25.1625423431, 23.5985946655, 27.9403305054, 24.5833129883, 11.6629571915, 14.4585552216, 12.5312137604, 5.70883846283, 7.55981397629, 15.3516807556, 4.48635911942, 4.85653734207, 1.72622215748, 0.970993161201, 0.804045796394, 1.05305540562, 0.0626300051808, 0.00940304528922, 0.000974282156676, 2.97333699564e-05, 8.11864720163e-06], "var": [0.0078215803951, 0.481352299452, 21.9618682861, 32.5634498596, 10.1718511581, 25.5048027039, 65.0638046265, 66.9400024414, 222.491836548, 249.73550415, 1075.15087891, 697.651428223, 760.097961426, 1817.13684082, 2921.31787109, 3017.2199707, 2003.46813965, 2451.39257813, 5681.88867188, 5300.62402344, 8802.17480469, 5806.00439453, 4352.57373047, 976.447631836, 1791.18310547, 1581.18713379, 302.628173828, 624.670349121, 2464.55224609, 227.769134521, 234.117004395, 53.8328323364, 13.4640550613, 6.40950155258, 11.832151413, 0.0346840433776, 0.000801034388132, 1.06128600237e-05, 8.791881001e-09, 3.45261236268e-10], "dvar": [0.00400264887139, 0.198121890426, 4.81805992126, 13.3025922775, 4.8036031723, 17.7368755341, 34.104221344, 32.6591262817, 112.191383362, 142.397384644, 534.957275391, 451.860137939, 322.859893799, 750.410583496, 1265.40991211, 1271.671875, 891.819885254, 869.648376465, 1985.11376953, 2126.20458984, 2197.27709961, 2004.52856445, 1337.76318359, 375.063903809, 620.456481934, 458.872375488, 140.174514771, 433.357635498, 2117.80200195, 148.836746216, 157.270217896, 44.2018623352, 9.48117828369, 4.07978010178, 9.66491127014, 0.0243399702013, 0.000601170409936, 9.64305309026e-06, 6.61036070326e-09, 1.26851404381e-10], "mean": [0.0427499487996, 0.625155746937, 3.92349815369, 5.47004985809, 2.77709841728, 2.79097652435, 4.60068893433, 4.50460910797, 6.55323028564, 9.26240253448, 17.1012458801, 16.2679080963, 18.5439186096, 24.7633266449, 25.718547821, 24.6566009521, 24.6143493652, 30.4736404419, 50.7249832153, 50.6809120178, 55.4331016541, 61.9777183533, 56.4692497253, 27.9964485168, 33.0444374084, 29.3862018585, 11.0067129135, 11.2956237793, 19.1995334625, 6.87678003311, 7.04832220078, 2.37070584297, 1.48071455956, 1.2242962122, 1.29763889313, 0.0854795947671, 0.0114268278703, 0.00105218752287, 4.76667592011e-05, 3.04778059217e-05]}, "spectral_contrast_coeffs": {"min": [-0.962309002876, -0.967292964458, -0.973662495613, -0.977237820625, -0.957995295525, -0.9560110569], "max": [-0.332377970219, -0.367462962866, -0.437912523746, -0.531280100346, -0.540116429329, -0.589243531227], "dvar2": [0.00470994273201, 0.00360755575821, 0.00223694951274, 0.00175206491258, 0.000979537959211, 0.000770529790316], "median": [-0.620298624039, -0.753701448441, -0.763845264912, -0.747042298317, -0.745019733906, -0.739692747593], "dmean2": [0.0859283804893, 0.0741753429174, 0.0588192977011, 0.052159704268, 0.0384231507778, 0.032824896276], "dmean": [0.0515588670969, 0.045640386641, 0.036509975791, 0.0324651934206, 0.025137020275, 0.020984666422], "var": [0.00698674842715, 0.00544006470591, 0.00435191486031, 0.00388119067065, 0.00370160234161, 0.00188817048911], "dvar": [0.00175978045445, 0.00141778949182, 0.000888047507033, 0.000712993438356, 0.000461747491499, 0.000337928795489], "mean": [-0.623090326786, -0.74896967411, -0.758361458778, -0.743745803833, -0.742055356503, -0.73950535059]}, "dissonance": {"min": 0.353630244732, "max": 0.499999791384, "dvar2": 0.000365272571798, "median": 0.482072949409, "dmean2": 0.0185523238033, "dmean": 0.0110914707184, "var": 0.000274346297374, "dvar": 0.000133484805701, "mean": 0.478082358837}, "spectral_energyband_high": {"min": 7.93822615647e-21, "max": 0.033522490412, "dvar2": 6.23123332844e-06, "median": 0.000626757566351, "dmean2": 0.00112095091026, "dmean": 0.000805941992439, "var": 5.6629746723e-06, "dvar": 3.17415310747e-06, "mean": 0.0013952087611}, "gfcc": {"mean": [-20.7857589722, 84.6603775024, -150.395614624, 51.0704154968, -51.7218818665, 21.6973209381, -36.5901489258, 16.1790504456, -20.0300006866, -4.67096996307, -18.0896205902, -10.3795681, -9.69716358185], "icov": [[0.000149646701175, -0.000311781594064, 0.000388539483538, -0.000508878612891, 0.000459229806438, -0.000211478269193, 0.000197288274649, -0.000369887886336, 0.000477597204736, -0.000185123601113, 0.000421452394221, -0.00034727610182, 0.000271543336567], [-0.000311781594064, 0.00189079449046, -0.000997236231342, 0.00128054781817, -0.00156027660705, 0.000409581756685, -0.000279414700344, 0.000861246138811, -0.00163704017177, 0.00191529351287, -0.00166448613163, 0.00219356664456, -0.000530598394107], [0.000388539483538, -0.000997236231342, 0.0028704025317, -0.00207514408976, 0.000899767677765, -0.00121817318723, 0.000341629318427, -0.00133670086507, 0.00109110574704, -0.0008789524436, 0.0027453431394, -0.00248232414015, 0.00173225870822], [-0.000508878612891, 0.00128054781817, -0.00207514408976, 0.0057041128166, -0.00201739859767, 0.000139984986163, 0.00114291708451, -8.95816629054e-05, -0.00194130651653, 0.00200858153403, -0.00176842533983, 0.00247155735269, -0.00310019752942], [0.000459229806438, -0.00156027660705, 0.000899767677765, -0.00201739859767, 0.00684213126078, -0.000444369594334, -0.00178270449396, -0.000905669177882, 1.16107128179e-06, 0.000157840753673, -4.00102871936e-05, -0.00074556004256, -0.000445995712653], [-0.000211478269193, 0.000409581756685, -0.00121817318723, 0.000139984986163, -0.000444369594334, 0.00544362328947, -0.00243102922104, 0.000468907121103, 0.00162875279784, -0.00165132759139, 0.00060407986166, 4.39508294221e-05, 7.26805737941e-05], [0.000197288274649, -0.000279414700344, 0.000341629318427, 0.00114291708451, -0.00178270449396, -0.00243102922104, 0.00911985710263, -0.00169851724058, -0.000605384877417, 0.00177714414895, -0.00218981364742, 0.00174236274324, 0.00155005208217], [-0.000369887886336, 0.000861246138811, -0.00133670086507, -8.95816629054e-05, -0.000905669177882, 0.000468907121103, -0.00169851724058, 0.00980539340526, -0.00328976707533, -0.00117155048065, 0.000519893772434, 0.00147720007226, -0.00168167019729], [0.000477597204736, -0.00163704017177, 0.00109110574704, -0.00194130651653, 1.16107128179e-06, 0.00162875279784, -0.000605384877417, -0.00328976707533, 0.0134241338819, -0.00413998449221, 0.00192913925275, -0.000868578557856, 0.000346419721609], [-0.000185123601113, 0.00191529351287, -0.0008789524436, 0.00200858153403, 0.000157840753673, -0.00165132759139, 0.00177714414895, -0.00117155048065, -0.00413998449221, 0.0164351481944, -0.00461424700916, -0.00271657737903, 0.0031017109286], [0.000421452394221, -0.00166448613163, 0.0027453431394, -0.00176842533983, -4.00102871936e-05, 0.00060407986166, -0.00218981364742, 0.000519893772434, 0.00192913925275, -0.00461424700916, 0.0129956239834, -0.00271146069281, -0.00149672396947], [-0.00034727610182, 0.00219356664456, -0.00248232414015, 0.00247155735269, -0.00074556004256, 4.39508294221e-05, 0.00174236274324, 0.00147720007226, -0.000868578557856, -0.00271657737903, -0.00271146069281, 0.015079125762, -0.00432135351002], [0.000271543336567, -0.000530598394107, 0.00173225870822, -0.00310019752942, -0.000445995712653, 7.26805737941e-05, 0.00155005208217, -0.00168167019729, 0.000346419721609, 0.0031017109286, -0.00149672396947, -0.00432135351002, 0.0138068068773]], "cov": [[20638.4394531, 570.720458984, -622.943481445, 1001.14141846, -1003.2833252, 326.902252197, -703.258239746, 288.423858643, -429.835998535, -78.7408981323, -442.214202881, 4.11544942856, -19.2386302948], [570.720458984, 1685.53125, -222.360961914, -2.40509581566, 397.340209961, -143.280532837, 211.292190552, -24.7809352875, 114.461105347, -229.296218872, 140.207351685, -265.819244385, 48.3997154236], [-622.943481445, -222.360961914, 937.469970703, 160.809448242, -70.0701370239, 201.877532959, -54.2042350769, 85.432800293, -12.7021150589, 60.335609436, -169.677886963, 100.898963928, -64.688835144], [1001.14141846, -2.40509581566, 160.809448242, 386.973602295, 22.7765884399, 21.9998626709, -64.9727096558, 66.4146728516, 10.3636493683, -33.8495941162, -35.7316970825, -4.81197166443, 64.9017791748], [-1003.2833252, 397.340209961, -70.0701370239, 22.7765884399, 349.4765625, -46.5933609009, 134.666107178, 4.99828004837, 67.4703521729, -67.0604476929, 82.6661071777, -75.334197998, 44.686920166], [326.902252197, -143.280532837, 201.877532959, 21.9998626709, -46.5933609009, 291.517730713, 26.1955413818, 18.9702529907, -47.751411438, 42.6521377563, -53.9160995483, 33.8414344788, -39.6306610107], [-703.258239746, 211.292190552, -54.2042350769, -64.9727096558, 134.666107178, 26.1955413818, 211.426376343, 5.69987201691, 31.6651115417, -32.6186714172, 56.8973236084, -60.564289093, -10.9215631485], [288.423858643, -24.7809352875, 85.432800293, 66.4146728516, 4.99828004837, 18.9702529907, 5.69987201691, 141.94291687, 29.6012916565, 12.7176504135, -25.9213676453, 0.707533955574, 8.09126472473], [-429.835998535, 114.461105347, -12.7021150589, 10.3636493683, 67.4703521729, -47.751411438, 31.6651115417, 29.6012916565, 117.190994263, 2.93750929832, 20.3048381805, -19.0875701904, 11.8812294006], [-78.7408981323, -229.296218872, 60.335609436, -33.8495941162, -67.0604476929, 42.6521377563, -32.6186714172, 12.7176504135, 2.93750929832, 118.842666626, -1.42055642605, 59.4227485657, -27.9408378601], [-442.214202881, 140.207351685, -169.677886963, -35.7316970825, 82.6661071777, -53.9160995483, 56.8973236084, -25.9213676453, 20.3048381805, -1.42055642605, 150.616531372, -15.2431325912, 32.1261634827], [4.11544942856, -265.819244385, 100.898963928, -4.81197166443, -75.334197998, 33.8414344788, -60.564289093, 0.707533955574, -19.0875701904, 59.4227485657, -15.2431325912, 134.706588745, 7.8763666153], [-19.2386302948, 48.3997154236, -64.688835144, 64.9017791748, 44.686920166, -39.6306610107, -10.9215631485, 8.09126472473, 11.8812294006, -27.9408378601, 32.1261634827, 7.8763666153, 113.146110535]]}, "spectral_flux": {"min": 1.04453980188e-10, "max": 0.191058292985, "dvar2": 0.000545341521502, "median": 0.0735662356019, "dmean2": 0.025389065966, "dmean": 0.0169308446348, "var": 0.00112848810386, "dvar": 0.000248465279583, "mean": 0.0736228451133}, "silence_rate_30dB": {"min": 1, "max": 1, "dvar2": 0, "median": 1, "dmean2": 0, "dmean": 0, "var": 0, "dvar": 0, "mean": 1}, "spectral_energyband_middle_high": {"min": 1.49282533189e-21, "max": 0.0397741161287, "dvar2": 1.43142851812e-05, "median": 0.00631540454924, "dmean2": 0.00297428155318, "dmean": 0.00208401610143, "var": 4.057120168e-05, "dvar": 6.72224950904e-06, "mean": 0.00796861574054}, "barkbands_spread": {"min": 2.34534645081, "max": 129.410232544, "dvar2": 118.460067749, "median": 31.9708976746, "dmean2": 10.1612768173, "dmean": 6.71407318115, "var": 203.104736328, "dvar": 57.344745636, "mean": 32.5464439392}, "spectral_centroid": {"min": 247.973464966, "max": 10900.1191406, "dvar2": 188227.40625, "median": 2113.65600586, "dmean2": 389.74609375, "dmean": 271.531921387, "var": 475561.21875, "dvar": 99706.1796875, "mean": 2065.57080078}, "pitch_salience": {"min": 0.0275542922318, "max": 0.813298404217, "dvar2": 0.00742423534393, "median": 0.521970689297, "dmean2": 0.099700525403, "dmean": 0.0640461295843, "var": 0.0141146797687, "dvar": 0.00338583462872, "mean": 0.5182518363}, "erbbands_skewness": {"min": -3.12355589867, "max": 2.50787091255, "dvar2": 0.187448218465, "median": -0.421128213406, "dmean2": 0.479713737965, "dmean": 0.315773010254, "var": 0.526145040989, "dvar": 0.0831001624465, "mean": -0.511814415455}, "erbbands_crest": {"min": 2.06142139435, "max": 27.2646579742, "dvar2": 11.0845422745, "median": 7.64975404739, "dmean2": 3.66350030899, "dmean": 2.24103236198, "var": 11.8240203857, "dvar": 4.38124656677, "mean": 8.38878631592}, "melbands": {"min": [3.14102620177e-24, 6.03437966157e-24, 6.98397807598e-24, 6.969005496e-24, 3.31474335219e-23, 1.26488931549e-23, 1.48075613238e-23, 1.28804758954e-23, 1.52159451481e-23, 3.68113106179e-24, 7.09216324939e-24, 1.89795169076e-23, 1.03856527955e-23, 7.98228865129e-24, 7.52729340268e-24, 1.59910057206e-23, 1.50882222566e-23, 1.55302746644e-23, 1.20551648832e-23, 1.01097873481e-23, 1.0912000513e-23, 7.69483483717e-24, 8.85355633325e-24, 1.13126432452e-23, 7.30289008528e-24, 4.94924113858e-24, 7.3416760094e-24, 1.27925912685e-23, 1.14211628957e-23, 7.87328858457e-24, 1.4578804283e-23, 7.59386143017e-24, 8.29655663643e-24, 1.25084956353e-23, 9.85448829334e-24, 1.05581080446e-23, 7.88214749254e-24, 9.38517443044e-24, 8.91792422767e-24, 9.95625213898e-24], "max": [0.00589129561558, 0.0137226367369, 0.00908859539777, 0.00391330290586, 0.00316259986721, 0.00287368590944, 0.00617807917297, 0.00580099830404, 0.00366912898608, 0.00314921699464, 0.00219147861935, 0.00241728778929, 0.00284983846359, 0.00490006664768, 0.00244073825888, 0.00156355509534, 0.00116082280874, 0.00198640930466, 0.00148210534826, 0.00106048816815, 0.00169684144203, 0.00104762904812, 0.00071643042611, 0.000705258746166, 0.000632665178273, 0.00063658435829, 0.000386717758374, 0.000350949703716, 0.000209379606531, 0.000242934736889, 0.000543494126759, 0.000566235219594, 0.000229527431657, 0.000143516328535, 0.000143476994708, 0.000162393393111, 0.000114734983072, 5.68593859498e-05, 3.70579291484e-05, 3.32040035573e-05], "dvar2": [5.4679992445e-07, 1.99519558919e-06, 8.08237359706e-07, 1.00658155588e-07, 9.46548723846e-08, 3.6038898088e-08, 5.4372819136e-08, 6.85905519049e-08, 7.70339596556e-08, 3.89376353382e-08, 2.25693117528e-08, 3.05577074755e-08, 4.60476243802e-08, 6.4754289042e-08, 2.20879705637e-08, 1.1150969037e-08, 1.10794378116e-08, 1.57417741065e-08, 1.4959459449e-08, 5.18647791381e-09, 8.87441053976e-09, 6.02440630715e-09, 4.23810231354e-09, 3.06217762258e-09, 7.0082373238e-10, 8.57199922155e-10, 1.03862507483e-09, 4.96075291956e-10, 1.42531583758e-10, 1.73511968682e-10, 4.00987076876e-10, 2.47443043833e-09, 2.81606626906e-10, 7.92926627136e-11, 2.13138076632e-10, 5.94481339156e-11, 3.2060670091e-11, 1.26848609741e-11, 5.18111378453e-12, 7.418096519e-12], "median": [0.000208302764804, 0.00100157002453, 0.00066761666676, 9.4209863164e-05, 5.8627614635e-05, 4.10390784964e-05, 3.39541766152e-05, 4.84512529511e-05, 5.6545042753e-05, 5.72283024667e-05, 4.75524320791e-05, 3.65819796571e-05, 2.75172133115e-05, 2.24842424359e-05, 2.5117486075e-05, 1.54032586579e-05, 1.871508357e-05, 3.17125959555e-05, 3.71941132471e-05, 2.29673660215e-05, 2.59585031017e-05, 3.4341479477e-05, 3.12477131956e-05, 2.04151110665e-05, 1.10076771307e-05, 1.26947534227e-05, 1.16643523143e-05, 7.35814546715e-06, 3.11011854137e-06, 1.63142942711e-06, 2.03002468879e-06, 2.90350885734e-06, 1.51313759034e-06, 1.12328257273e-06, 1.24281064018e-06, 4.87467502808e-07, 3.26018579244e-07, 2.95925246974e-07, 2.57138225379e-07, 2.46668065529e-07], "dmean2": [0.000472185551189, 0.00114590779413, 0.000688694766723, 0.000168956772541, 0.000160680065164, 9.12710384e-05, 8.43403613544e-05, 0.00012773515482, 0.000134826725116, 9.73183559836e-05, 7.57719608373e-05, 8.852413157e-05, 7.47210651753e-05, 7.22646145732e-05, 5.93962577113e-05, 4.26962069469e-05, 5.18009728694e-05, 6.81752935634e-05, 6.82315294398e-05, 3.94006819988e-05, 4.66995516035e-05, 4.72025676572e-05, 4.08907289966e-05, 3.52159513568e-05, 1.51938793351e-05, 1.5604075088e-05, 1.80465121957e-05, 1.24954613057e-05, 6.01801912126e-06, 5.30548641109e-06, 6.8031426963e-06, 1.65730034496e-05, 6.02221280133e-06, 3.20050230584e-06, 5.73367060497e-06, 1.83846054824e-06, 1.41318537317e-06, 1.07514381398e-06, 7.7527238318e-07, 1.02762214738e-06], "dmean": [0.000305541267153, 0.000674798036925, 0.000407688174164, 0.000101014287793, 0.000101250116131, 5.86392270634e-05, 5.31652622158e-05, 7.89777113823e-05, 8.49200951052e-05, 6.17377882008e-05, 4.75791603094e-05, 5.64017609577e-05, 4.83304247609e-05, 4.55547851743e-05, 3.72965841962e-05, 2.69401953119e-05, 3.24824723066e-05, 4.38619426859e-05, 4.40321382484e-05, 2.58289728663e-05, 3.11318181048e-05, 3.04576115013e-05, 2.63752936007e-05, 2.2536916731e-05, 9.71344525169e-06, 1.02988979052e-05, 1.2111486285e-05, 8.36882372823e-06, 4.056072612e-06, 3.55833162757e-06, 4.59431930722e-06, 1.05923982119e-05, 3.95324377678e-06, 2.15952854887e-06, 3.72946124116e-06, 1.25548251617e-06, 9.73436272034e-07, 7.42518352581e-07, 5.35220692655e-07, 7.03149282799e-07], "var": [5.7679432075e-07, 3.15906095238e-06, 7.36522054012e-07, 5.97815486003e-08, 8.00218629138e-08, 3.37835679431e-08, 4.32465832034e-08, 5.33954640503e-08, 6.45812932021e-08, 2.63364050568e-08, 2.09825294917e-08, 3.04560181519e-08, 4.4052509196e-08, 5.65937057218e-08, 1.76224208559e-08, 8.29227086996e-09, 1.21757688376e-08, 1.83077819571e-08, 1.6443857831e-08, 6.20713436206e-09, 1.50405181643e-08, 6.48346176746e-09, 4.7083337229e-09, 3.76108211242e-09, 5.99399807566e-10, 8.82607764652e-10, 1.46149281566e-09, 7.10236647272e-10, 1.48268675115e-10, 1.24418600422e-10, 2.40122005613e-10, 1.20829113381e-09, 1.62528907e-10, 5.27000144912e-11, 1.34514538397e-10, 2.95155601349e-11, 1.7480064271e-11, 7.96056363189e-12, 3.60833693654e-12, 4.96837120056e-12], "dvar": [2.81537268165e-07, 7.42387612718e-07, 2.96081395845e-07, 3.83815645932e-08, 3.92525869586e-08, 1.59365889374e-08, 2.14200870374e-08, 2.91712076717e-08, 3.22059534597e-08, 1.61844351254e-08, 8.70790017871e-09, 1.2761570467e-08, 1.92246609743e-08, 2.56215972883e-08, 8.40181613171e-09, 4.2216532492e-09, 4.3250190096e-09, 6.66510358016e-09, 6.40623598613e-09, 2.33149344275e-09, 3.94246457702e-09, 2.54832799307e-09, 1.80666226424e-09, 1.29210231403e-09, 2.89872792436e-10, 3.74762859634e-10, 4.66098049046e-10, 2.27666108188e-10, 6.649229084e-11, 8.15054690406e-11, 1.80915046832e-10, 1.05056130462e-09, 1.25064555934e-10, 3.69933077227e-11, 9.20526987969e-11, 2.55289019091e-11, 1.42300442263e-11, 5.87730255089e-12, 2.37699465146e-12, 3.3129458378e-12], "mean": [0.00048669037642, 0.00162637839094, 0.000882880121935, 0.000167922888068, 0.000164262732142, 0.000103392609162, 9.38235971262e-05, 0.000125135455164, 0.000138352173963, 0.00010430283146, 9.42259357544e-05, 0.000101788231404, 8.8553664682e-05, 7.89316181908e-05, 6.45735199214e-05, 4.5487555326e-05, 5.95330493525e-05, 8.32967998576e-05, 8.1858393969e-05, 5.05994867126e-05, 6.80841258145e-05, 6.23761516181e-05, 5.52162455278e-05, 4.60410665255e-05, 1.90912778635e-05, 2.16701264435e-05, 2.57376705122e-05, 1.82736021088e-05, 7.43192367736e-06, 5.13267468705e-06, 6.55702660879e-06, 1.28946203404e-05, 5.25453151567e-06, 3.24293546328e-06, 5.23767130289e-06, 1.68006693002e-06, 1.27225746382e-06, 1.06330628569e-06, 8.69881489507e-07, 1.01803357211e-06]}, "barkbands_skewness": {"min": -3.56154489517, "max": 7.29084682465, "dvar2": 0.397159576416, "median": 0.411697179079, "dmean2": 0.631585657597, "dmean": 0.427400648594, "var": 1.22297346592, "dvar": 0.20236890018, "mean": 0.590760707855}, "spectral_entropy": {"min": 5.63108253479, "max": 9.79565048218, "dvar2": 0.0408726744354, "median": 7.63607501984, "dmean2": 0.199351117015, "dmean": 0.147186651826, "var": 0.163494765759, "dvar": 0.0231748856604, "mean": 7.64101409912}, "spectral_rolloff": {"min": 21.533203125, "max": 19121.484375, "dvar2": 1675621.375, "median": 2454.78515625, "dmean2": 970.989562988, "dmean": 624.637878418, "var": 4125051.75, "dvar": 892765, "mean": 2642.04736328}, "barkbands": {"min": [3.81519639491e-24, 1.17615563763e-23, 1.36963071661e-23, 1.12163138624e-23, 7.63250188834e-23, 9.77225049061e-23, 8.89483773997e-23, 7.13474958981e-23, 2.92477911448e-23, 1.00472934716e-22, 7.45054133868e-23, 6.73344784317e-23, 1.38008754122e-22, 1.70033300944e-22, 1.69256784134e-22, 1.48448690803e-22, 1.36884204503e-22, 2.30234242738e-22, 1.56788086531e-22, 4.01509349586e-22, 4.41514366734e-22, 4.19105895508e-22, 6.67554444298e-22, 7.4294915005e-22, 9.21194253203e-22, 1.87893369322e-21, 2.69397781328e-21], "max": [0.000546603114344, 0.0203576181084, 0.0339472182095, 0.022016312927, 0.0149054909125, 0.0193061288446, 0.0259672291577, 0.0370625481009, 0.0176587253809, 0.0129656884819, 0.0212904699147, 0.0326732136309, 0.0176374725997, 0.0124164400622, 0.0174392219633, 0.0199754238129, 0.0171774476767, 0.0110210841522, 0.0167417246848, 0.00794910825789, 0.0118271093816, 0.0176807101816, 0.00801130384207, 0.00639447849244, 0.00487057259306, 0.00029859712231, 1.73002936208e-05], "dvar2": [3.42359141037e-09, 8.12101370684e-06, 1.24814469018e-05, 5.02979128214e-06, 2.38113489104e-06, 1.09636414436e-06, 1.11453562113e-06, 3.15670945383e-06, 1.96896303351e-06, 1.25939675399e-06, 2.64325558419e-06, 3.20130720866e-06, 1.69396935235e-06, 1.62877222465e-06, 2.31907029047e-06, 1.36363814818e-06, 1.67589837474e-06, 8.98040411812e-07, 4.38728761765e-07, 4.57808539522e-07, 2.93851400102e-07, 1.93345113075e-06, 3.30623322498e-07, 1.22727229268e-07, 1.88978276583e-07, 4.74154937535e-10, 4.97580926115e-13], "median": [2.86994122689e-06, 0.00114872073755, 0.00213732104748, 0.00102398451418, 0.000306033907691, 0.000217852357309, 0.000154431530973, 0.000256280211033, 0.000453053304227, 0.000236896259594, 0.00015801495465, 0.000212478029425, 0.00022526011162, 0.000224753515795, 0.000519489694852, 0.00031658183434, 0.000593953882344, 0.000414909125539, 0.000345405947883, 0.000272995152045, 8.1190642959e-05, 0.000113185858936, 6.78035576129e-05, 2.78182560578e-05, 3.2171003113e-05, 1.22435608318e-06, 5.53120549363e-10], "dmean2": [2.68052826868e-05, 0.00213047862053, 0.00274028163403, 0.00158685655333, 0.000830972101539, 0.000494893174618, 0.000409647414926, 0.000828349613585, 0.000717095274013, 0.000563639274333, 0.000529370212462, 0.000577134953346, 0.000578308594413, 0.00065044692019, 0.000883636414073, 0.000608450442087, 0.000807866337709, 0.000646282278467, 0.000368421489839, 0.000407789484598, 0.000213523278944, 0.000488924037199, 0.000220267727855, 9.45191277424e-05, 0.000157182046678, 8.21750927571e-06, 1.40701274631e-07], "dmean": [1.86730703717e-05, 0.00132200261578, 0.00162428373005, 0.000929311558139, 0.000506365206093, 0.000319576502079, 0.0002579963475, 0.000515928026289, 0.000457503716461, 0.000353245413862, 0.000342971121427, 0.00036414898932, 0.000361460261047, 0.00040821370203, 0.000573870318476, 0.000393550872104, 0.000524145085365, 0.000414144858951, 0.00024575603311, 0.000275688711554, 0.000147666345583, 0.000322379986756, 0.000149084764416, 6.66186315357e-05, 0.000107564563223, 5.66184780837e-06, 8.42047356286e-08], "var": [3.65230135024e-09, 7.95964660938e-06, 1.90642622329e-05, 4.37279550169e-06, 1.6372933942e-06, 1.00675458725e-06, 8.57260602061e-07, 2.57685837823e-06, 1.40371764701e-06, 1.22976575767e-06, 2.6729514957e-06, 2.84638963421e-06, 1.31751255594e-06, 1.80830431873e-06, 2.57869805864e-06, 2.19436105908e-06, 1.93421260519e-06, 1.13513294764e-06, 4.96749180456e-07, 7.48889817714e-07, 2.30179310279e-07, 1.07896244117e-06, 2.27340620995e-07, 7.31621838668e-08, 1.14272388885e-07, 2.84116313809e-10, 1.66643432452e-13], "dvar": [1.83024595479e-09, 3.5333980577e-06, 4.87262104798e-06, 1.80432425623e-06, 9.30423482259e-07, 4.86907993036e-07, 4.49599752983e-07, 1.34439790145e-06, 8.13400276911e-07, 5.01694159993e-07, 1.12185898615e-06, 1.27664338834e-06, 6.40291659693e-07, 6.44923431992e-07, 9.89719183053e-07, 5.81663812227e-07, 7.27179440219e-07, 3.83399054726e-07, 1.96447416556e-07, 2.16477729964e-07, 1.42615036225e-07, 8.55032226355e-07, 1.5057253222e-07, 5.58566313202e-08, 8.51447623518e-08, 2.12613371353e-10, 1.9681317394e-13], "mean": [2.75479433185e-05, 0.00222208956257, 0.00372741837054, 0.00172400672454, 0.000768256082665, 0.000547745614313, 0.000429419014836, 0.000789121142589, 0.000795575324446, 0.000630874128547, 0.000610071292613, 0.000632502196822, 0.000609856040683, 0.000747330428567, 0.00109000864904, 0.000844615860842, 0.00108675169758, 0.000868314062245, 0.000553716439754, 0.000627783650998, 0.00023010285804, 0.000423901277827, 0.000223711860599, 9.54359638854e-05, 0.000145334968693, 7.1063982432e-06, 6.95998352285e-08]}, "melbands_flatness_db": {"min": 0.00408638594672, "max": 0.425709068775, "dvar2": 0.00110262248199, "median": 0.149495661259, "dmean2": 0.0346552506089, "dmean": 0.024675834924, "var": 0.00464777927846, "dvar": 0.00060847972054, "mean": 0.159689068794}, "melbands_skewness": {"min": -1.74861860275, "max": 11.1942625046, "dvar2": 0.737572729588, "median": 1.51645851135, "dmean2": 0.851488530636, "dmean": 0.568190395832, "var": 2.25611710548, "dvar": 0.354773759842, "mean": 1.83128619194}, "silence_rate_60dB": {"min": 0, "max": 1, "dvar2": 0.0144714182243, "median": 0, "dmean2": 0.0121847204864, "dmean": 0.00609161797911, "var": 0.063985824585, "dvar": 0.00605396553874, "mean": 0.0687050819397}, "spectral_energyband_low": {"min": 2.86516205597e-23, "max": 0.0426980815828, "dvar2": 2.63840556727e-05, "median": 0.00571476109326, "dmean2": 0.00450390577316, "dmean": 0.002706149593, "var": 3.84699524147e-05, "dvar": 1.00842180473e-05, "mean": 0.0071326312609}, "spectral_energyband_middle_low": {"min": 3.95120459778e-22, "max": 0.0376763157547, "dvar2": 1.24536445583e-05, "median": 0.0044454713352, "dmean2": 0.00300935725681, "dmean": 0.0018628652906, "var": 1.45600570249e-05, "dvar": 5.00159194416e-06, "mean": 0.00518737360835}, "melbands_kurtosis": {"min": -1.79916596413, "max": 150.934844971, "dvar2": 94.74609375, "median": 1.67192852497, "dmean2": 5.38475036621, "dmean": 3.48240232468, "var": 126.322311401, "dvar": 42.730091095, "mean": 5.74245357513}, "spectral_decrease": {"min": -1.22780301481e-08, "max": 1.33434647009e-17, "dvar2": 2.55309792373e-18, "median": -4.95900964737e-09, "dmean2": 1.66175095906e-09, "dmean": 1.03027064657e-09, "var": 5.00251785666e-18, "dvar": 1.01904856775e-18, "mean": -4.7634016731e-09}, "erbbands_kurtosis": {"min": -1.66570138931, "max": 21.5578861237, "dvar2": 3.23090291023, "median": 0.244098439813, "dmean2": 1.44075787067, "dmean": 0.926844775677, "var": 5.54885005951, "dvar": 1.41992866993, "mean": 0.995974242687}, "melbands_crest": {"min": 1.62405049801, "max": 39.40990448, "dvar2": 19.8148555756, "median": 13.834189415, "dmean2": 5.16956615448, "dmean": 3.23271965981, "var": 39.8851394653, "dvar": 8.77959537506, "mean": 14.5598211288}, "mfcc": {"mean": [-640.890136719, 100.260162354, -26.1859035492, 28.0576629639, 9.04508018494, 6.35317850113, 0.854207515717, 12.0631837845, 5.90676021576, 5.43711090088, 2.35074543953, -4.89436769485, 0.846903502941], "icov": [[0.000108314365207, 1.18032394312e-05, 1.14991998998e-05, -0.0001999559463, 0.00016369005607, -4.14163732785e-05, 8.42577064759e-05, -0.000155789966811, -5.58694182473e-06, 8.69030773174e-05, 2.226964898e-05, 0.000126249709865, 0.000144653240568], [1.18032394312e-05, 0.000875956960954, 0.000324670050759, -0.000225021314691, -0.000321743980749, -4.49280305475e-05, -0.000253664591582, -0.000886090914719, 0.000106287712697, -0.000280284555629, -0.00023038611107, -2.51983128692e-05, 6.50678775855e-05], [1.14991998998e-05, 0.000324670050759, 0.00192878942471, -0.000306252710288, 7.8078272054e-05, -0.00131487415638, 0.000642405240797, -0.000688320549671, -0.000806846714113, 0.000864925445057, -0.00014202548482, -0.000446296064183, 6.6201442678e-05], [-0.0001999559463, -0.000225021314691, -0.000306252710288, 0.00513663701713, -0.00286767608486, 0.00121951010078, 0.000248204014497, -0.000692156492732, -0.00046935872524, -0.000506275275256, 0.00145884905942, -0.000444517470896, -0.00109471403994], [0.00016369005607, -0.000321743980749, 7.8078272054e-05, -0.00286767608486, 0.00810770969838, -0.00112679903395, -0.000307916023303, 0.000592529133428, -0.000992465647869, -0.000676794559695, 0.00140395085327, 1.8153928977e-05, -0.000807985314168], [-4.14163732785e-05, -4.49280305475e-05, -0.00131487415638, 0.00121951010078, -0.00112679903395, 0.00695820571855, -0.00204368471168, -0.00128993589897, 5.26731928403e-05, 0.00138168910053, -0.0017828248674, 0.000531392055564, 0.000918082660064], [8.42577064759e-05, -0.000253664591582, 0.000642405240797, 0.000248204014497, -0.000307916023303, -0.00204368471168, 0.00824473239481, -0.00305930548348, 0.00170466199052, -0.00325954891741, 0.00156105682254, -1.44228188219e-05, 0.000693298934493], [-0.000155789966811, -0.000886090914719, -0.000688320549671, -0.000692156492732, 0.000592529133428, -0.00128993589897, -0.00305930548348, 0.0140329059213, -0.00403193430975, -0.000616356439423, -0.000165091332747, 0.00113569642417, -0.00354551593773], [-5.58694182473e-06, 0.000106287712697, -0.000806846714113, -0.00046935872524, -0.000992465647869, 5.26731928403e-05, 0.00170466199052, -0.00403193430975, 0.010555983521, -0.00308912689798, 0.00209835823625, -0.000664558727294, -0.000144005723996], [8.69030773174e-05, -0.000280284555629, 0.000864925445057, -0.000506275275256, -0.000676794559695, 0.00138168910053, -0.00325954891741, -0.000616356439423, -0.00308912689798, 0.0144347865134, -0.00505330180749, -0.000102027712273, 0.00190620101057], [2.226964898e-05, -0.00023038611107, -0.00014202548482, 0.00145884905942, 0.00140395085327, -0.0017828248674, 0.00156105682254, -0.000165091332747, 0.00209835823625, -0.00505330180749, 0.0126016177237, -0.00134262337815, -0.00164168211631], [0.000126249709865, -2.51983128692e-05, -0.000446296064183, -0.000444517470896, 1.8153928977e-05, 0.000531392055564, -1.44228188219e-05, 0.00113569642417, -0.000664558727294, -0.000102027712273, -0.00134262337815, 0.0139621365815, -0.00399686396122], [0.000144653240568, 6.50678775855e-05, 6.6201442678e-05, -0.00109471403994, -0.000807985314168, 0.000918082660064, 0.000693298934493, -0.00354551593773, -0.000144005723996, 0.00190620101057, -0.00164168211631, -0.00399686396122, 0.0141939539462]], "cov": [[10721.3271484, -107.680664063, 156.025558472, 402.321502686, -78.7395324707, 6.24023342133, -120.902633667, 124.336883545, 80.8438720703, -102.228790283, -117.111793518, -120.591209412, -79.3433685303], [-107.680664063, 1550.23059082, -271.600921631, 145.272888184, 127.360984802, 3.47716259956, 153.207748413, 143.115142822, 40.7560691833, 109.954429626, 19.1714019775, 1.08682870865, 29.9227161407], [156.025558472, -271.600921631, 758.467468262, 29.2129154205, 8.9918718338, 135.211242676, -60.7895622253, 42.9244308472, 72.7082366943, -64.2169647217, -6.91547632217, 22.2260837555, 18.6486663818], [402.321502686, 145.272888184, 29.2129154205, 342.215087891, 131.11138916, -45.0991897583, -1.66468572617, 49.2744483948, 63.9537811279, 11.4057416916, -56.5389709473, 15.472943306, 41.1960372925], [-78.7395324707, 127.360984802, 8.9918718338, 131.11138916, 190.22618103, 5.98200178146, 21.1057453156, 29.1773509979, 42.7256889343, 16.2933998108, -31.7373142242, 8.53852272034, 23.9665546417], [6.24023342133, 3.47716259956, 135.211242676, -45.0991897583, 5.98200178146, 207.829025269, 47.754032135, 33.8338050842, 5.76493930817, -5.96874189377, 24.5938129425, -7.96854639053, -9.71099090576], [-120.902633667, 153.207748413, -60.7895622253, -1.66468572617, 21.1057453156, 47.754032135, 182.355743408, 49.0785751343, -2.31830239296, 48.3426742554, 3.15977168083, -7.47612333298, -6.10566568375], [124.336883545, 143.115142822, 42.9244308472, 49.2744483948, 29.1773509979, 33.8338050842, 49.0785751343, 121.535820007, 52.6022262573, 22.6810798645, -1.85272109509, 1.04216229916, 26.6775341034], [80.8438720703, 40.7560691833, 72.7082366943, 63.9537811279, 42.7256889343, 5.76493930817, -2.31830239296, 52.6022262573, 138.360992432, 21.7005004883, -20.0350532532, 9.00306892395, 17.6019973755], [-102.228790283, 109.954429626, -64.2169647217, 11.4057416916, 16.2933998108, -5.96874189377, 48.3426742554, 22.6810798645, 21.7005004883, 105.14667511, 30.0251941681, 1.48040044308, -3.67632460594], [-117.111793518, 19.1714019775, -6.91547632217, -56.5389709473, -31.7373142242, 24.5938129425, 3.15977168083, -1.85272109509, -20.0350532532, 30.0251941681, 109.842315674, 9.25902080536, 3.83888864517], [-120.591209412, 1.08682870865, 22.2260837555, 15.472943306, 8.53852272034, -7.96854639053, -7.47612333298, 1.04216229916, 9.00306892395, 1.48040044308, 9.25902080536, 83.5889968872, 28.441827774], [-79.3433685303, 29.9227161407, 18.6486663818, 41.1960372925, 23.9665546417, -9.71099090576, -6.10566568375, 26.6775341034, 17.6019973755, -3.67632460594, 3.83888864517, 28.441827774, 92.2938995361]]}, "spectral_energy": {"min": 1.09106334486e-20, "max": 0.0526993088424, "dvar2": 4.35771798948e-05, "median": 0.0214038062841, "dmean2": 0.00689048785716, "dmean": 0.0043664011173, "var": 9.16858334676e-05, "dvar": 1.83066840691e-05, "mean": 0.0204586852342}, "melbands_spread": {"min": 2.01494479179, "max": 193.765396118, "dvar2": 308.784393311, "median": 41.7551879883, "dmean2": 15.9971351624, "dmean": 10.7022857666, "var": 696.942138672, "dvar": 158.222091675, "mean": 44.6451263428}, "erbbands_flatness_db": {"min": 0.0373831577599, "max": 0.480867862701, "dvar2": 0.000421493430622, "median": 0.174903720617, "dmean2": 0.0222695767879, "dmean": 0.0155632644892, "var": 0.00236290250905, "dvar": 0.000214748928556, "mean": 0.177648752928}, "spectral_contrast_valleys": {"min": [-27.4632053375, -27.4123764038, -26.7513370514, -27.2819347382, -27.2773075104, -27.3880844116], "max": [-5.87532949448, -5.07063007355, -5.61474847794, -5.50506639481, -5.48447418213, -7.5230474472], "dvar2": [0.385238051414, 0.271997123957, 0.183867454529, 0.157596737146, 0.148765727878, 0.231698289514], "median": [-7.67478132248, -7.02249670029, -7.27873945236, -7.45188617706, -7.20247459412, -10.0745382309], "dmean2": [0.73838019371, 0.602850973606, 0.480522602797, 0.431574881077, 0.384294271469, 0.446591705084], "dmean": [0.451387315989, 0.369923174381, 0.303949326277, 0.280758529902, 0.276310801506, 0.358524858952], "var": [2.63431406021, 2.12712359428, 1.96086013317, 1.79897511005, 1.99060511589, 2.32876062393], "dvar": [0.15741379559, 0.119382709265, 0.0877039134502, 0.0820189416409, 0.0877194628119, 0.151275619864], "mean": [-7.97335195541, -7.27811908722, -7.53589963913, -7.67611885071, -7.477871418, -10.3656692505]}, "barkbands_flatness_db": {"min": 0.0300948042423, "max": 0.404165863991, "dvar2": 0.000677556963637, "median": 0.127827122808, "dmean2": 0.0278288889676, "dmean": 0.0186652801931, "var": 0.00240300712176, "dvar": 0.000335849908879, "mean": 0.135672032833}, "zerocrossingrate": {"min": 0.0048828125, "max": 0.55859375, "dvar2": 0.00028359045973, "median": 0.07861328125, "dmean2": 0.0141976382583, "dmean": 0.013123867102, "var": 0.0032694907859, "dvar": 0.000254369660979, "mean": 0.0863830149174}, "spectral_skewness": {"min": -0.0179627612233, "max": 4.28534555435, "dvar2": 0.153799831867, "median": 1.29534995556, "dmean2": 0.356867611408, "dmean": 0.218085736036, "var": 0.113990157843, "dvar": 0.0551452748477, "mean": 1.31895387173}