{"lowlevel": {"spectral_complexity": {"min": 0, "max": 54, "dvar2": 26.8587017059, "median": 23, "dmean2": 5.32101154327, "dmean": 3.76729488373, "var": 96.8199615479, "dvar": 15.8891887665, "mean": 22.6145153046}, "silence_rate_20dB": {"min": 1, "max": 1, "dvar2": 0, "median": 1, "dmean2": 0, "dmean": 0, "var": 0, "dvar": 0, "mean": 1}, "average_loudness": 0.944322824478, "erbbands_spread": {"min": 3.70799708366, "max": 136.134674072, "dvar2": 119.930389404, "median": 32.6408882141, "dmean2": 10.5113992691, "dmean": 6.93253803253, "var": 246.504669189, "dvar": 54.235874176, "mean": 34.7687492371}, "spectral_kurtosis": {"min": -1.25162112713, "max": 39.509021759, "dvar2": 13.0061817169, "median": 3.8586139679, "dmean2": 2.61375117302, "dmean": 1.58667087555, "var": 9.81705284119, "dvar": 4.39459276199, "mean": 4.39111089706}, "barkbands_kurtosis": {"min": -1.89592552185, "max": 42.7906951904, "dvar2": 11.766866684, "median": -0.309992790222, "dmean2": 1.99725866318, "dmean": 1.2758346796, "var": 13.6672210693, "dvar": 5.23577976227, "mean": 0.93823492527}, "spectral_strongpeak": {"min": 0, "max": 11.2027406693, "dvar2": 4.02681112289, "median": 0.465671241283, "dmean2": 1.18940281868, "dmean": 0.67980158329, "var": 2.36318898201, "dvar": 1.51321732998, "mean": 1.10720062256}, "spectral_spread": {"min": 1171298.875, "max": 43530784, "dvar2": 1074169249790.0, "median": 3992623.5, "dmean2": 761227.125, "dmean": 548806.9375, "var": 20748429164500.0, "dvar": 588147720192, "mean": 4774605}, "spectral_rms": {"min": 3.10199695791e-12, "max": 0.0083723468706, "dvar2": 6.27379051821e-07, "median": 0.00490369554609, "dmean2": 0.000841155881062, "dmean": 0.000542982656043, "var": 2.45166825152e-06, "dvar": 2.71855526535e-07, "mean": 0.00458409124985}, "dynamic_complexity": 3.07117414474, "erbbands": {"min": [5.40193898758e-23, 3.74374099546e-22, 1.78992029475e-21, 4.35818846534e-21, 8.51807249573e-21, 1.90548243464e-20, 4.65467584628e-20, 6.67697411643e-20, 9.58465549499e-20, 2.63884651625e-19, 1.61382872886e-19, 2.13161845991e-19, 5.90224334631e-19, 7.19609909794e-19, 7.25318489996e-19, 9.87767285325e-19, 1.24740614811e-18, 2.06179482608e-18, 2.40451870813e-18, 2.5153398171e-18, 3.58392833514e-18, 4.79054248494e-18, 5.04203351529e-18, 6.21733391582e-18, 5.43728150508e-18, 6.30618758927e-18, 9.93148033171e-18, 9.37417483863e-18, 1.10504265715e-17, 9.54910699457e-18, 1.20207044669e-17, 1.04785577365e-17, 1.07823158282e-17, 8.82967327425e-18, 6.13921001569e-18, 3.85600954531e-18, 2.10268029581e-18, 9.41322334701e-19, 2.52216752097e-19, 2.7328532018e-20], "max": [0.683912456036, 6.01817178726, 41.276386261, 76.1304855347, 72.2259140015, 131.719940186, 203.764022827, 201.99118042, 626.385681152, 466.064788818, 765.227416992, 634.666870117, 596.030517578, 843.88293457, 892.682800293, 1446.93225098, 987.39855957, 575.641479492, 1025.69262695, 1177.72766113, 1821.73608398, 552.794006348, 486.409881592, 603.95501709, 637.15447998, 303.9453125, 276.711791992, 556.180114746, 691.984313965, 227.531967163, 233.399490356, 210.935562134, 126.733634949, 65.819229126, 80.4119186401, 3.65118908882, 0.679506838322, 0.113304302096, 0.00509069534019, 0.000273438810837], "dvar2": [0.00424930872396, 0.625261247158, 17.1288795471, 48.5926361084, 40.8292617798, 186.450378418, 335.130249023, 223.411529541, 781.007385254, 751.385009766, 3297.93334961, 2442.72070312, 1822.89624023, 3736.86083984, 6594.57714844, 5214.83203125, 3685.11035156, 2997.2265625, 6102.12988281, 6235.83056641, 4964.91455078, 3729.01391602, 2389.50024414, 737.297729492, 1111.58789062, 598.158935547, 185.385025024, 585.208679199, 4159.09521484, 282.719146729, 416.26184082, 126.208747864, 41.0634460449, 21.1437473297, 54.9411849976, 0.13084192574, 0.0046280384995, 0.000123114863527, 2.55992375742e-07, 6.43970266001e-10], "median": [0.0108837559819, 0.393315434456, 2.39984250069, 4.69878053665, 2.79711580276, 2.22583770752, 3.08675980568, 3.20963048935, 3.96456718445, 6.30044841766, 9.97906494141, 12.1725654602, 13.2518196106, 11.9249372482, 11.3037471771, 12.9073553085, 11.7012825012, 11.732257843, 23.3472499847, 26.0337905884, 20.9919700623, 29.788734436, 26.2870826721, 14.3047981262, 14.7175617218, 10.0016136169, 4.13773536682, 3.17023873329, 4.24499320984, 2.29537200928, 1.99227428436, 0.76923584938, 0.526903867722, 0.490231633186, 0.293674945831, 0.0283890906721, 0.00312202121131, 0.000438782211859, 3.87159961974e-05, 3.43511128449e-05], "dmean2": [0.0319289602339, 0.591089129448, 3.14779877663, 5.27948093414, 4.02797794342, 6.72641372681, 8.6455078125, 7.20493602753, 9.45907688141, 13.7965936661, 25.7238998413, 22.3694782257, 20.0950584412, 28.7701396942, 29.6661128998, 25.2773303986, 25.3365688324, 27.6665687561, 41.6972122192, 40.5276374817, 34.3286018372, 38.3115615845, 32.3515625, 14.8724861145, 17.3046112061, 14.4731578827, 6.5050907135, 9.19120311737, 21.4346199036, 6.25530385971, 7.81589889526, 2.8258831501, 1.77279782295, 1.68124973774, 2.48942160606, 0.137233570218, 0.024009918794, 0.00339024607092, 0.000151994288899, 1.62732867466e-05], "dmean": [0.023184588179, 0.347969412804, 1.85577213764, 3.10089349747, 2.38521432877, 4.04278612137, 5.42023944855, 4.60330057144, 5.9129652977, 8.67045879364, 16.2087001801, 14.2085227966, 12.7925071716, 18.5260219574, 19.0484409332, 16.1729812622, 16.1431713104, 17.3467407227, 26.7031078339, 26.3886566162, 22.8359718323, 24.8162975311, 21.1959819794, 9.78384780884, 11.5825767517, 9.97705745697, 4.5562748909, 6.4761929512, 14.0941877365, 4.38607740402, 5.29571819305, 1.98902785778, 1.23365998268, 1.18382418156, 1.69077849388, 0.0984062105417, 0.0164087936282, 0.00224359799176, 0.000102053905721, 1.12614588943e-05], "var": [0.00479110842571, 0.50615477562, 28.1563396454, 38.8305206299, 26.535238266, 100.010681152, 232.112014771, 209.487442017, 591.974731445, 584.504089355, 2551.07592773, 1546.7598877, 1531.60437012, 3652.69604492, 5698.45214844, 5318.82373047, 3035.99414062, 3343.74633789, 7048.85839844, 6415.13623047, 8941.39160156, 4819.17626953, 3389.21313477, 753.393005371, 1297.90515137, 1063.91650391, 205.008010864, 436.46887207, 2084.0168457, 220.163208008, 279.68661499, 75.1961212158, 24.0872764587, 14.4616451263, 30.6642990112, 0.0850450843573, 0.00238155620173, 5.18399792782e-05, 1.13125395274e-07, 7.06249114746e-10], "dvar": [0.00232181302272, 0.222983583808, 6.56993913651, 17.5456981659, 15.4302988052, 71.7873535156, 133.733200073, 98.6588516235, 289.705963135, 324.864349365, 1367.26184082, 1004.58270264, 694.622070312, 1557.63366699, 2566.44433594, 2061.32250977, 1386.36010742, 1159.60510254, 2504.22753906, 2741.21191406, 2189.24438477, 1571.47570801, 1013.00775146, 298.261291504, 476.938323975, 288.71395874, 92.0275115967, 284.640533447, 1787.91564941, 140.574615479, 187.192993164, 57.4162139893, 18.1193141937, 9.40747928619, 24.6001110077, 0.0600958541036, 0.00201120995916, 5.11079888383e-05, 1.07386995296e-07, 3.1230923403e-10], "mean": [0.035762861371, 0.648094177246, 4.49433231354, 6.3089299202, 4.22983169556, 5.67798948288, 8.69192886353, 8.01798915863, 10.7145557404, 14.2164783478, 25.8767948151, 23.6202812195, 25.7156829834, 34.2876434326, 34.8731040955, 31.5977325439, 29.575761795, 34.8466300964, 54.9637107849, 52.5099906921, 53.3484611511, 55.1055526733, 49.2066802979, 23.5293598175, 26.5478382111, 23.8486423492, 8.99095726013, 9.75078201294, 17.6155109406, 6.82482147217, 7.57187461853, 2.75670957565, 1.91270041466, 1.78978645802, 2.06273841858, 0.132668614388, 0.0192540157586, 0.00247289356776, 0.000128534025862, 3.70975176338e-05]}, "spectral_contrast_coeffs": {"min": [-0.980342388153, -0.975531995296, -0.973937392235, -0.975355863571, -0.970341861248, -0.964828789234], "max": [-0.299857527018, -0.370529174805, -0.433423966169, -0.513568282127, -0.545947849751, -0.606225550175], "dvar2": [0.00483868923038, 0.00350298942067, 0.00233873329125, 0.0017639703583, 0.000921014521737, 0.000686373561621], "median": [-0.612596869469, -0.74569773674, -0.757542908192, -0.750067353249, -0.751708388329, -0.755941390991], "dmean2": [0.0860890820622, 0.0739850029349, 0.0592669211328, 0.0516863726079, 0.0367245338857, 0.0298216342926], "dmean": [0.0515434406698, 0.0458976887167, 0.0367914550006, 0.0323894992471, 0.0240563973784, 0.0191458817571], "var": [0.00774581264704, 0.00619697757065, 0.00496377050877, 0.00442031864077, 0.0040085031651, 0.00212436076254], "dvar": [0.00176452647429, 0.00140272523277, 0.000931341724936, 0.000735929177608, 0.000442187156295, 0.000303925189655], "mean": [-0.617776989937, -0.742044210434, -0.752933859825, -0.746248185635, -0.74811321497, -0.756525814533]}, "dissonance": {"min": 0.0785838067532, "max": 0.499999880791, "dvar2": 0.000589390983805, "median": 0.477898538113, "dmean2": 0.0225284975022, "dmean": 0.0133629953489, "var": 0.000382271682611, "dvar": 0.000213866442209, "mean": 0.473380744457}, "spectral_energyband_high": {"min": 6.8632120542e-21, "max": 0.025791734457, "dvar2": 6.3394022618e-06, "median": 0.00059081427753, "dmean2": 0.00110159313772, "dmean": 0.000817002030089, "var": 5.9408839661e-06, "dvar": 3.28361693391e-06, "mean": 0.00139441119973}, "gfcc": {"mean": [-15.6454086304, 85.5266952515, -137.909133911, 40.3376464844, -52.8568763733, 18.9756336212, -40.423122406, 14.3887872696, -23.082862854, -4.13638210297, -20.0460548401, -7.86805057526, -11.1974229813], "icov": [[0.00016021943884, -0.000324414024362, 0.000398625154048, -0.000542096735444, 0.000607388094068, -0.000341539824149, 0.000233555620071, -0.000402855221182, 0.000457536487374, -0.000192424355191, 0.000418066920247, -0.000267585302936, 0.000189979633433], [-0.000324414024362, 0.0019033846911, -0.000656967051327, 0.00117101136129, -0.00193102727644, 0.000569044088479, -0.000326953537297, 0.000500586174894, -0.00141293625347, 0.0018861934077, -0.00143684702925, 0.00171466136817, 4.75472770631e-05], [0.000398625154048, -0.000656967051327, 0.00232249731198, -0.00166600174271, 0.00105655216612, -0.001235728967, 0.000113777758088, -0.0010434492724, 0.000448742881417, -0.00068187864963, 0.00210322719067, -0.0017956586089, 0.000890744733624], [-0.000542096735444, 0.00117101136129, -0.00166600174271, 0.00575885688886, -0.00243924511597, 0.000416081398726, 0.00117206783034, -0.000297944265185, -0.00175415922422, 0.00195112184156, -0.00133711553644, 0.00153711694293, -0.0022917247843], [0.000607388094068, -0.00193102727644, 0.00105655216612, -0.00243924511597, 0.00804685335606, -0.00105587765574, -0.00161824456882, -0.000958508288022, -0.000131718421471, -0.000228726290516, -0.000209956735489, -0.000234432853176, -0.00152034987696], [-0.000341539824149, 0.000569044088479, -0.001235728967, 0.000416081398726, -0.00105587765574, 0.00610551284626, -0.00273399474099, 0.000561048800591, 0.00176874827594, -0.00163887662347, 0.00082272477448, -0.000552985118702, 0.000797301821876], [0.000233555620071, -0.000326953537297, 0.000113777758088, 0.00117206783034, -0.00161824456882, -0.00273399474099, 0.00945354718715, -0.00169063010253, -0.000603535736445, 0.00200001336634, -0.0022150517907, 0.00199981965125, 0.00131641339976], [-0.000402855221182, 0.000500586174894, -0.0010434492724, -0.000297944265185, -0.000958508288022, 0.000561048800591, -0.00169063010253, 0.00997714325786, -0.00344520970248, -0.00116859376431, 0.000734202680178, 0.00108950794674, -0.00152355816681], [0.000457536487374, -0.00141293625347, 0.000448742881417, -0.00175415922422, -0.000131718421471, 0.00176874827594, -0.000603535736445, -0.00344520970248, 0.0148194115609, -0.00429421663284, 0.00226957001723, -0.000708458886947, 0.000553628837224], [-0.000192424355191, 0.0018861934077, -0.00068187864963, 0.00195112184156, -0.000228726290516, -0.00163887662347, 0.00200001336634, -0.00116859376431, -0.00429421663284, 0.0180010274053, -0.00455312570557, -0.00261685461737, 0.00377994403243], [0.000418066920247, -0.00143684702925, 0.00210322719067, -0.00133711553644, -0.000209956735489, 0.00082272477448, -0.0022150517907, 0.000734202680178, 0.00226957001723, -0.00455312570557, 0.0133893992752, -0.00245497981086, -0.00142006843816], [-0.000267585302936, 0.00171466136817, -0.0017956586089, 0.00153711694293, -0.000234432853176, -0.000552985118702, 0.00199981965125, 0.00108950794674, -0.000708458886947, -0.00261685461737, -0.00245497981086, 0.0154660204425, -0.00427061505616], [0.000189979633433, 4.75472770631e-05, 0.000890744733624, -0.0022917247843, -0.00152034987696, 0.000797301821876, 0.00131641339976, -0.00152355816681, 0.000553628837224, 0.00377994403243, -0.00142006843816, -0.00427061505616, 0.0149691291153]], "cov": [[31166.65625, 814.123901367, -2169.58447266, 1284.04321289, -1610.84216309, 616.990661621, -1033.92883301, 470.679992676, -606.232177734, -61.3302993774, -612.970947266, -10.1187515259, -153.217086792], [814.123901367, 1467.87561035, -278.58380127, -18.018951416, 340.658538818, -114.251960754, 171.332839966, 21.0759830475, 74.5841140747, -165.436523438, 109.167053223, -204.118713379, 17.7253017426], [-2169.58447266, -278.58380127, 1071.81860352, 94.4014816284, 14.5587530136, 148.801956177, 25.1825141907, 57.3677101135, 53.4628105164, 56.1932067871, -103.71056366, 95.9736404419, -22.3540306091], [1284.04321289, -18.018951416, 94.4014816284, 360.794677734, 0.165716901422, 20.5109291077, -72.615196228, 69.3854446411, 7.18178987503, -23.1889438629, -40.1749763489, 8.36509799957, 49.9175224304], [-1610.84216309, 340.658538818, 14.5587530136, 0.165716901422, 356.440917969, -50.7090873718, 138.129501343, 4.46248292923, 66.3032836914, -49.1560554504, 82.3334121704, -57.7767181396, 47.0185546875], [616.990661621, -114.251960754, 148.801956177, 20.5109291077, -50.7090873718, 274.956176758, 28.2828025818, 15.9758262634, -40.378200531, 34.9118156433, -46.6118583679, 29.2342128754, -37.2424430847], [-1033.92883301, 171.332839966, 25.1825141907, -72.615196228, 138.129501343, 28.2828025818, 209.039093018, 4.73856019974, 29.6830329895, -23.7368221283, 51.2941207886, -48.10521698, -9.37800693512], [470.679992676, 21.0759830475, 57.3677101135, 69.3854446411, 4.46248292923, 15.9758262634, 4.73856019974, 141.31942749, 30.2790470123, 6.16072368622, -25.1589221954, -3.52819037437, 8.66868114471], [-606.232177734, 74.5841140747, 53.4628105164, 7.18178987503, 66.3032836914, -40.378200531, 29.6830329895, 30.2790470123, 106.203918457, 7.60034894943, 9.482670784, -10.1129245758, 6.89874458313], [-61.3302993774, -165.436523438, 56.1932067871, -23.1889438629, -49.1560554504, 34.9118156433, -23.7368221283, 6.16072368622, 7.60034894943, 95.2615890503, 1.84816944599, 39.7838821411, -22.5383815765], [-612.970947266, 109.167053223, -103.71056366, -40.1749763489, 82.3334121704, -46.6118583679, 51.2941207886, -25.1589221954, 9.482670784, 1.84816944599, 131.40562439, -8.80702972412, 20.3627548218], [-10.1187515259, -204.118713379, 95.9736404419, 8.36509799957, -57.7767181396, 29.2342128754, -48.10521698, -3.52819037437, -10.1129245758, 39.7838821411, -8.80702972412, 112.938110352, 14.5057430267], [-153.217086792, 17.7253017426, -22.3540306091, 49.9175224304, 47.0185546875, -37.2424430847, -9.37800693512, 8.66868114471, 6.89874458313, -22.5383815765, 20.3627548218, 14.5057430267, 97.6372375488]]}, "spectral_flux": {"min": 6.39951494574e-11, "max": 0.214320540428, "dvar2": 0.000634247029666, "median": 0.0780756920576, "dmean2": 0.0271806176752, "dmean": 0.0182050522417, "var": 0.00140477705281, "dvar": 0.000304230023175, "mean": 0.0782090574503}, "silence_rate_30dB": {"min": 1, "max": 1, "dvar2": 0, "median": 1, "dmean2": 0, "dmean": 0, "var": 0, "dvar": 0, "mean": 1}, "spectral_energyband_middle_high": {"min": 1.20985918338e-21, "max": 0.050820812583, "dvar2": 2.20533820539e-05, "median": 0.00625065993518, "dmean2": 0.00335563160479, "dmean": 0.0023130113259, "var": 5.41823501408e-05, "dvar": 9.750899153e-06, "mean": 0.00845075491816}, "barkbands_spread": {"min": 2.0315451622, "max": 123.220062256, "dvar2": 114.433425903, "median": 28.8715133667, "dmean2": 9.57610988617, "dmean": 6.35648488998, "var": 210.292434692, "dvar": 58.0180931091, "mean": 30.2455348969}, "spectral_centroid": {"min": 90.2315979004, "max": 11833.3134766, "dvar2": 216760.09375, "median": 1818.97167969, "dmean2": 391.444885254, "dmean": 267.866088867, "var": 1626090.75, "dvar": 106434.023438, "mean": 1922.18164062}, "pitch_salience": {"min": 0.122774168849, "max": 0.926050961018, "dvar2": 0.0076038306579, "median": 0.53387093544, "dmean2": 0.100217230618, "dmean": 0.0633406713605, "var": 0.0132835805416, "dvar": 0.00335288490169, "mean": 0.530707836151}, "erbbands_skewness": {"min": -3.09572291374, "max": 2.8952293396, "dvar2": 0.19688436389, "median": -0.201693236828, "dmean2": 0.479227006435, "dmean": 0.315974920988, "var": 0.49037399888, "dvar": 0.0864996761084, "mean": -0.279366791248}, "erbbands_crest": {"min": 2.19557380676, "max": 27.977268219, "dvar2": 11.7685918808, "median": 7.50857782364, "dmean2": 3.6842148304, "dmean": 2.26040172577, "var": 12.5524873734, "dvar": 4.62858819962, "mean": 8.27574539185}, "melbands": {"min": [7.44597130968e-25, 9.03385364858e-25, 9.32717974328e-25, 7.39976082393e-25, 1.95546075516e-24, 1.59895025462e-24, 1.34209517172e-24, 3.06709889089e-24, 9.97529701617e-25, 1.65503372903e-24, 2.75777233046e-24, 2.49461839045e-24, 2.36963383243e-24, 1.91694324095e-24, 1.82531803289e-24, 1.84389610164e-24, 2.86214020594e-24, 2.93857136133e-24, 3.21728617433e-24, 2.96088764469e-24, 3.35640199218e-24, 3.56877873066e-24, 4.06471349366e-24, 3.35235868561e-24, 4.48016630054e-24, 3.55130230616e-24, 4.35777926426e-24, 3.07543103699e-24, 4.99173313124e-24, 4.13475763673e-24, 4.87798451631e-24, 5.59061069251e-24, 4.72763985512e-24, 4.91649315583e-24, 5.79148583898e-24, 5.44947085479e-24, 5.99990407343e-24, 6.31831081732e-24, 5.60822280108e-24, 6.2624176556e-24], "max": [0.00690143322572, 0.0155012039468, 0.0106683708727, 0.00643522385508, 0.00569996144623, 0.00516890967265, 0.00893852114677, 0.00799897033721, 0.00564417010173, 0.00426170090213, 0.00311840581708, 0.00311970803887, 0.00389257911593, 0.00596044259146, 0.00369446841069, 0.00249435054138, 0.00129766552709, 0.00228827586398, 0.00170788692776, 0.00102115911432, 0.00220042467117, 0.000709059881046, 0.00053882173961, 0.000496633700095, 0.000548154115677, 0.000637863413431, 0.000378913275199, 0.000238857624936, 0.000176255329279, 0.000187094337889, 0.000345267530065, 0.000483380019432, 0.000204730633413, 0.000141184835229, 0.000165787263541, 0.000162566706422, 0.000112924048153, 0.000104210703284, 5.31857403985e-05, 5.67380302527e-05], "dvar2": [4.77351818517e-07, 2.77932917925e-06, 1.16830585739e-06, 4.07554523463e-07, 3.92968757978e-07, 1.13735751484e-07, 1.47950188989e-07, 1.60174408848e-07, 2.04586314112e-07, 8.67135554472e-08, 4.94445373533e-08, 6.27636964623e-08, 1.00267214975e-07, 1.24095720366e-07, 3.80151838897e-08, 1.57181272442e-08, 1.44556659976e-08, 1.99391507749e-08, 2.12376995989e-08, 6.17504891665e-09, 8.49907788592e-09, 4.72314809485e-09, 3.33277183628e-09, 2.30579466631e-09, 5.87379866968e-10, 8.34537661198e-10, 7.03386904277e-10, 2.84045009735e-10, 8.98542351635e-11, 1.12418838127e-10, 2.51287185504e-10, 2.01317051918e-09, 2.6149804544e-10, 7.67362631771e-11, 2.57140808646e-10, 6.77198019883e-11, 4.39793479412e-11, 2.77254625508e-11, 1.04377331431e-11, 1.8164790852e-11], "median": [0.000211123537156, 0.00110231200233, 0.000819004722871, 0.000176372850547, 0.000117790463264, 7.17147922842e-05, 5.61456909054e-05, 7.44885182939e-05, 8.40762222651e-05, 7.90944613982e-05, 6.40815851511e-05, 4.67757126899e-05, 3.5739143641e-05, 2.80968542938e-05, 2.96932448691e-05, 1.72441141331e-05, 1.98481902771e-05, 3.18101992889e-05, 3.6735800677e-05, 2.2157724743e-05, 2.32122110901e-05, 2.92890381388e-05, 2.68351923296e-05, 1.66617537616e-05, 8.88161412149e-06, 9.81392258836e-06, 8.95113134902e-06, 5.57167004445e-06, 2.42385749516e-06, 1.3506266896e-06, 1.70470195826e-06, 2.57157330452e-06, 1.37832989822e-06, 1.10155735911e-06, 1.32596687763e-06, 5.24483652953e-07, 3.70264331195e-07, 3.42064481629e-07, 3.269429385e-07, 3.51979792867e-07], "dmean2": [0.000425619859016, 0.00130959786475, 0.000826026953291, 0.0003413654631, 0.000311363430228, 0.000162807526067, 0.000138039642479, 0.000191671148059, 0.000204289142857, 0.000140619871672, 0.000104447477497, 0.000122032681247, 0.000104532911791, 9.65507715591e-05, 7.14674970368e-05, 4.99914967804e-05, 5.89731826039e-05, 7.54423745093e-05, 7.22794502508e-05, 3.99374403059e-05, 4.45684381702e-05, 4.22786943091e-05, 3.58202923962e-05, 2.96475409414e-05, 1.26592130982e-05, 1.29725021907e-05, 1.43658626257e-05, 9.79836840997e-06, 4.71956991532e-06, 4.28695284427e-06, 5.74879322812e-06, 1.47650553117e-05, 5.66438575333e-06, 3.16823775393e-06, 6.15923545411e-06, 2.05090714189e-06, 1.65636902238e-06, 1.39907365337e-06, 1.02793319456e-06, 1.5435015257e-06], "dmean": [0.000273000769084, 0.000767796474975, 0.000485957716592, 0.000205500560696, 0.000194975058548, 0.000104264283436, 8.61925655045e-05, 0.000120202836115, 0.000129422565806, 8.96237179404e-05, 6.62395395921e-05, 7.84507428762e-05, 6.73636823194e-05, 6.08267400821e-05, 4.51480991615e-05, 3.17623598676e-05, 3.69541958207e-05, 4.81315837533e-05, 4.63327378384e-05, 2.6326835723e-05, 2.98766353808e-05, 2.7316980777e-05, 2.30646983255e-05, 1.91500785149e-05, 8.09307584859e-06, 8.3903905761e-06, 9.62914600677e-06, 6.63733453621e-06, 3.2027967336e-06, 2.94674964607e-06, 3.94810513171e-06, 9.62230751611e-06, 3.78819345315e-06, 2.17328806684e-06, 4.08036521549e-06, 1.40031272622e-06, 1.14571753329e-06, 9.45158433296e-07, 7.0412926334e-07, 1.05324158994e-06], "var": [4.10316658872e-07, 4.0355512283e-06, 9.14770566851e-07, 2.3776098601e-07, 2.89450042601e-07, 1.05969967024e-07, 1.15068480966e-07, 1.25291322206e-07, 1.52094543182e-07, 5.81992800619e-08, 4.22572270509e-08, 6.13696471419e-08, 8.5766544089e-08, 1.06556925061e-07, 2.71464433155e-08, 1.23096359772e-08, 1.63006514953e-08, 2.27657910301e-08, 2.06323598206e-08, 6.92986823481e-09, 1.49575054564e-08, 5.30058308357e-09, 3.79289888386e-09, 2.86940182725e-09, 4.57191007275e-10, 6.65299926261e-10, 1.00200514552e-09, 4.70188443735e-10, 9.95452817398e-11, 8.46831216261e-11, 1.65893507265e-10, 9.99581972749e-10, 1.5193922509e-10, 5.21799339848e-11, 1.61163971057e-10, 3.6304570461e-11, 2.62732110373e-11, 1.42999162858e-11, 7.23808122813e-12, 1.16940146802e-11], "dvar": [2.08657198186e-07, 1.02893966414e-06, 4.19650973527e-07, 1.57752040764e-07, 1.55746789687e-07, 4.98231429447e-08, 5.57230599441e-08, 6.86239189918e-08, 8.26342727578e-08, 3.59643657077e-08, 1.87845206057e-08, 2.62075623425e-08, 4.02100788222e-08, 4.72269121587e-08, 1.39632323481e-08, 6.01982286241e-09, 5.64804869541e-09, 8.33294500069e-09, 8.53307557946e-09, 2.77394085479e-09, 3.78616338281e-09, 1.99761363007e-09, 1.42863421093e-09, 9.6252239512e-10, 2.30711103e-10, 3.32055050123e-10, 3.18617077166e-10, 1.33877811614e-10, 4.23127574645e-11, 5.34947329489e-11, 1.17027096347e-10, 8.62535820545e-10, 1.17303639025e-10, 3.60551900835e-11, 1.12029857613e-10, 2.96800882482e-11, 2.017700243e-11, 1.1839155524e-11, 4.62936199791e-12, 7.93349327205e-12], "mean": [0.000447508413345, 0.00183129182551, 0.00104678957723, 0.000320511753671, 0.000314247212373, 0.000184041447937, 0.00015280644584, 0.000191189275938, 0.000208511497476, 0.00015019037528, 0.000130453277961, 0.000141055919812, 0.000120684773719, 0.000104764789285, 7.8738994489e-05, 5.41118097317e-05, 6.79053118802e-05, 9.09985828912e-05, 8.60623913468e-05, 5.11041835125e-05, 6.49067224003e-05, 5.53974277864e-05, 4.83200892631e-05, 3.99288110202e-05, 1.59530300152e-05, 1.7420255972e-05, 2.07639914152e-05, 1.48345516209e-05, 6.04816659688e-06, 4.26236874773e-06, 5.69114263271e-06, 1.17255349323e-05, 5.06267542733e-06, 3.27850489157e-06, 5.60760736334e-06, 1.8919570266e-06, 1.51553490468e-06, 1.35459845296e-06, 1.18519324133e-06, 1.51155541062e-06]}, "barkbands_skewness": {"min": -2.42709565163, "max": 6.12465667725, "dvar2": 0.357665479183, "median": 0.623719573021, "dmean2": 0.615080833435, "dmean": 0.411925494671, "var": 1.0887670517, "dvar": 0.170150667429, "mean": 0.770605027676}, "spectral_entropy": {"min": 5.4999628067, "max": 9.82496166229, "dvar2": 0.0529678203166, "median": 7.62480449677, "dmean2": 0.205663740635, "dmean": 0.151454210281, "var": 0.2214268893, "dvar": 0.0274438001215, "mean": 7.6535525322}, "spectral_rolloff": {"min": 129.19921875, "max": 19918.2128906, "dvar2": 1753926.625, "median": 1981.0546875, "dmean2": 944.055236816, "dmean": 609.090759277, "var": 6362173.5, "dvar": 913371.1875, "mean": 2492.39355469}, "barkbands": {"min": [1.00691704778e-24, 1.99765515004e-24, 1.09271119325e-24, 5.40997899876e-25, 6.49821567435e-24, 6.05672493558e-24, 6.31659859472e-24, 6.72856542526e-24, 8.93134432939e-24, 2.19416501637e-23, 7.56473984099e-24, 1.77502460031e-23, 1.33630008119e-23, 3.67480692169e-23, 4.6861508991e-23, 6.86491372184e-23, 6.55061386671e-23, 7.1208530161e-23, 1.0007926157e-22, 1.31259033025e-22, 2.53353218893e-22, 3.05405214915e-22, 3.61220594948e-22, 5.87892972926e-22, 8.43238437948e-22, 1.18299459467e-21, 1.94630165722e-21], "max": [0.000300410174532, 0.0261243693531, 0.0385923720896, 0.0263267457485, 0.0286687836051, 0.0345326587558, 0.0374224819243, 0.051399871707, 0.0256599932909, 0.0195111073554, 0.0330319181085, 0.0401563830674, 0.0276276282966, 0.0209059398621, 0.0206657499075, 0.0263967849314, 0.0143837211654, 0.0071346941404, 0.0144000463188, 0.00741149205714, 0.00916919019073, 0.0131630478427, 0.00755332456902, 0.00772930542007, 0.00673888484016, 0.000336504221195, 3.47729364876e-05], "dvar2": [1.01107977546e-09, 8.69624454936e-06, 1.76705107151e-05, 7.11600614522e-06, 9.85389760899e-06, 3.86515648643e-06, 2.9192153761e-06, 7.84614712757e-06, 4.46383182862e-06, 2.59743592324e-06, 5.89629280512e-06, 6.02871932642e-06, 2.68921462521e-06, 2.1527557692e-06, 3.13116424877e-06, 1.41584757785e-06, 1.363507522e-06, 7.00612076798e-07, 4.274483274e-07, 2.85806237343e-07, 1.96441362732e-07, 1.59879732564e-06, 3.64905901051e-07, 1.96868271019e-07, 4.77314188174e-07, 1.33442068506e-09, 7.02263247554e-12], "median": [1.01781324702e-06, 0.00122262805235, 0.0025453553535, 0.00128362898249, 0.000666704960167, 0.000379631150281, 0.000249025877565, 0.000383760198019, 0.000631623668596, 0.000306782661937, 0.000206291035283, 0.000261107139522, 0.000260495318798, 0.00023435386538, 0.000516545725986, 0.000289652612992, 0.000502100621816, 0.000344311527442, 0.000265551527264, 0.000206913624424, 6.72634487273e-05, 0.000102562713437, 7.05633719917e-05, 3.18832499033e-05, 4.67611171189e-05, 2.2254880605e-06, 1.1466028127e-07], "dmean2": [1.41934888234e-05, 0.0021007459145, 0.00317298830487, 0.0018934707623, 0.00169731653295, 0.000901526014786, 0.000663050450385, 0.00126104231458, 0.00103602022864, 0.000773554085754, 0.000747924321331, 0.000757983827498, 0.000679820252117, 0.000736295653041, 0.000938995217439, 0.000600333616603, 0.000728646991774, 0.000544982496649, 0.000308351125568, 0.000317068217555, 0.000176028377609, 0.000441370153567, 0.000233166792896, 0.000116174807772, 0.00024487086921, 1.34588190122e-05, 7.91456784555e-07], "dmean": [1.1503038877e-05, 0.00127257790882, 0.00187286455184, 0.00110216310713, 0.00103221624158, 0.000578599225264, 0.000413372996263, 0.00078962254338, 0.000659965036903, 0.00048902083654, 0.000482050527353, 0.000480469694594, 0.00043069437379, 0.000462281575892, 0.000606929708738, 0.000387164967833, 0.000471935549285, 0.000353301409632, 0.000203181640245, 0.000217796172365, 0.000123291742057, 0.000295968493447, 0.000160088486155, 8.10995843494e-05, 0.000168840633705, 9.22934941627e-06, 5.1304812132e-07], "var": [1.69555058882e-09, 6.97044788467e-06, 2.45581086347e-05, 5.298934866e-06, 6.48948616799e-06, 3.25491282638e-06, 2.23237589125e-06, 6.09291373621e-06, 3.10806899506e-06, 2.47663456321e-06, 5.2506566135e-06, 5.30250463271e-06, 1.97982399186e-06, 2.39849759964e-06, 3.19238756674e-06, 2.28019234783e-06, 1.58502120939e-06, 8.71415750225e-07, 3.79458839461e-07, 5.00607313825e-07, 1.60400588811e-07, 9.09894254164e-07, 2.59993925056e-07, 1.18237998947e-07, 2.8697900234e-07, 7.1780065225e-10, 3.04807091026e-12], "dvar": [6.89452550606e-10, 3.33971365762e-06, 6.73438125887e-06, 2.51372262028e-06, 3.83449651054e-06, 1.65631161053e-06, 1.13045041417e-06, 3.3144194731e-06, 1.83816132449e-06, 1.03457000478e-06, 2.39442010752e-06, 2.31692047237e-06, 9.97120423563e-07, 8.53066353557e-07, 1.27766190872e-06, 6.07261654295e-07, 5.85370912631e-07, 2.94060185979e-07, 1.74293617761e-07, 1.36956785468e-07, 9.67465609847e-08, 7.14681164027e-07, 1.68840415427e-07, 8.95094913744e-08, 2.15190084418e-07, 5.79326808747e-10, 2.93355444103e-12], "mean": [1.75379864231e-05, 0.00218321802095, 0.00429532025009, 0.0020173760131, 0.00157005502842, 0.000990490778349, 0.00068954116432, 0.00120048096869, 0.00114530173596, 0.000873027252965, 0.00083622004604, 0.000830810051411, 0.000729800143745, 0.000843254441861, 0.00115067767911, 0.000827560899779, 0.000962524907663, 0.000754062843043, 0.000449250714155, 0.000508836412337, 0.000193490588572, 0.000391143228626, 0.000237395623117, 0.000118137213576, 0.000224721268751, 1.13423557195e-05, 5.7838730072e-07]}, "melbands_flatness_db": {"min": 0.0033773437608, "max": 0.431732356548, "dvar2": 0.00100596633274, "median": 0.153985664248, "dmean2": 0.0337652638555, "dmean": 0.0239301621914, "var": 0.004367263522, "dvar": 0.000551546982024, "mean": 0.163370028138}, "melbands_skewness": {"min": -1.47443401814, "max": 10.7746610641, "dvar2": 0.657230496407, "median": 1.6446467638, "dmean2": 0.829906463623, "dmean": 0.547239363194, "var": 1.97044157982, "dvar": 0.30243858695, "mean": 1.91966509819}, "silence_rate_60dB": {"min": 0, "max": 1, "dvar2": 0.0125313615426, "median": 0, "dmean2": 0.0107003888115, "dmean": 0.00534954387695, "var": 0.0682435631752, "dvar": 0.00532116135582, "mean": 0.0736688524485}, "spectral_energyband_low": {"min": 1.21983163162e-23, "max": 0.0564328469336, "dvar2": 3.8052774471e-05, "median": 0.00623994274065, "dmean2": 0.00514512509108, "dmean": 0.00305055407807, "var": 4.63164542452e-05, "dvar": 1.40398451549e-05, "mean": 0.0078009837307}, "spectral_energyband_middle_low": {"min": 1.34133099428e-22, "max": 0.0520526096225, "dvar2": 3.3326112316e-05, "median": 0.00649846438318, "dmean2": 0.00461398251355, "dmean": 0.00287494552322, "var": 3.46408778569e-05, "dvar": 1.34718266054e-05, "mean": 0.00779635179788}, "melbands_kurtosis": {"min": -1.70256316662, "max": 148.83996582, "dvar2": 79.6873474121, "median": 2.47712922096, "dmean2": 5.37806224823, "dmean": 3.48155856133, "var": 110.112586975, "dvar": 35.6611366272, "mean": 6.20351362228}, "spectral_decrease": {"min": -1.85903274996e-08, "max": 2.61757279491e-28, "dvar2": 4.78151256778e-18, "median": -5.8185207763e-09, "dmean2": 2.14561191036e-09, "dmean": 1.33164290705e-09, "var": 8.46344732985e-18, "dvar": 1.88993254419e-18, "mean": -5.68052316297e-09}, "erbbands_kurtosis": {"min": -1.70541727543, "max": 19.0837917328, "dvar2": 2.46122193336, "median": 0.0448899269104, "dmean2": 1.22218978405, "dmean": 0.784110248089, "var": 3.09194207191, "dvar": 1.0573605299, "mean": 0.551069617271}, "melbands_crest": {"min": 1.5782251358, "max": 31.3059768677, "dvar2": 18.5559406281, "median": 12.9389762878, "dmean2": 5.03231668472, "dmean": 3.11783385277, "var": 37.0579376221, "dvar": 7.95452022552, "mean": 13.9711933136}, "mfcc": {"mean": [-636.760864258, 107.4454422, -18.7249183655, 22.1561260223, 8.93541240692, 3.68228793144, -0.889594078064, 9.32882595062, 3.79101133347, 2.81351900101, 0.898257136345, -6.23229074478, -0.0862851813436], "icov": [[9.17603756534e-05, -2.82120872725e-05, -1.27606144815e-05, -0.00013578258222, 0.000104112565168, -2.9630095014e-05, 9.64304344961e-05, -0.0001245305466, -1.11566923806e-05, 7.14864800102e-05, 1.98777743208e-05, 0.000163809527294, 0.00010165963613], [-2.82120872725e-05, 0.000885217101313, 0.000368368666386, -0.000201276445296, -0.000405902363127, 3.28927526425e-05, -0.000337923964253, -0.000835150713101, 3.29872127622e-05, -0.000266484945314, -0.000369030545698, -0.000144565594383, 0.000136662391014], [-1.27606144815e-05, 0.000368368666386, 0.0020866531413, -0.000285965652438, 4.34812282037e-05, -0.00127251597587, 0.000638914760202, -0.000831060111523, -0.00090915459441, 0.000861459877342, -0.000377807969926, -0.000628276902717, -3.52652423317e-05], [-0.00013578258222, -0.000201276445296, -0.000285965652438, 0.00549435056746, -0.00295014260337, 0.0012578193564, 0.000386881816667, -0.000551047618501, -0.0005080778501, -0.000569154741243, 0.00153743114788, -0.000474495900562, -0.00133713765536], [0.000104112565168, -0.000405902363127, 4.34812282037e-05, -0.00295014260337, 0.00844738725573, -0.00112788565457, -0.00034033798147, 0.000778550631367, -0.0010443313513, -0.000703628815245, 0.00159886793699, 6.48515851935e-05, -0.00105131056625], [-2.9630095014e-05, 3.28927526425e-05, -0.00127251597587, 0.0012578193564, -0.00112788565457, 0.00717927794904, -0.00206094910391, -0.00145841017365, 0.000175828812644, 0.00145110627636, -0.00192652165424, 0.000511781778187, 0.00110491248779], [9.64304344961e-05, -0.000337923964253, 0.000638914760202, 0.000386881816667, -0.00034033798147, -0.00206094910391, 0.00854794960469, -0.00305566657335, 0.00154361035675, -0.00328504433855, 0.00155845563859, -2.29668094107e-05, 0.000453036016552], [-0.0001245305466, -0.000835150713101, -0.000831060111523, -0.000551047618501, 0.000778550631367, -0.00145841017365, -0.00305566657335, 0.0146545404568, -0.00402585882694, -0.00110705953557, 0.000264604692347, 0.000899699924048, -0.00401002727449], [-1.11566923806e-05, 3.29872127622e-05, -0.00090915459441, -0.0005080778501, -0.0010443313513, 0.000175828812644, 0.00154361035675, -0.00402585882694, 0.0106258019805, -0.00273326341994, 0.00189096527174, -0.000412169989431, -0.000250264856732], [7.14864800102e-05, -0.000266484945314, 0.000861459877342, -0.000569154741243, -0.000703628815245, 0.00145110627636, -0.00328504433855, -0.00110705953557, -0.00273326341994, 0.0148531235754, -0.00486588617787, -0.00020010114531, 0.00241634855047], [1.98777743208e-05, -0.000369030545698, -0.000377807969926, 0.00153743114788, 0.00159886793699, -0.00192652165424, 0.00155845563859, 0.000264604692347, 0.00189096527174, -0.00486588617787, 0.0130850449204, -0.000862343178596, -0.00212152767926], [0.000163809527294, -0.000144565594383, -0.000628276902717, -0.000474495900562, 6.48515851935e-05, 0.000511781778187, -2.29668094107e-05, 0.000899699924048, -0.000412169989431, -0.00020010114531, -0.000862343178596, 0.0140041755512, -0.00375430844724], [0.00010165963613, 0.000136662391014, -3.52652423317e-05, -0.00133713765536, -0.00105131056625, 0.00110491248779, 0.000453036016552, -0.00401002727449, -0.000250264856732, 0.00241634855047, -0.00212152767926, -0.00375430844724, 0.014899874106]], "cov": [[12308.3818359, 409.155334473, 172.038970947, 342.243011475, -11.0856761932, 19.8050937653, -121.501441956, 147.96182251, 105.514053345, -69.3304901123, -85.8292007446, -147.87286377, -51.8103027344], [409.155334473, 1568.31030273, -277.707977295, 143.559753418, 128.086669922, -11.8253002167, 150.142227173, 132.086959839, 45.0857849121, 108.834358215, 18.8632411957, 5.66283941269, 23.1679763794], [172.038970947, -277.707977295, 711.265136719, 23.5935630798, 5.28601455688, 123.15562439, -57.1980743408, 49.6768341064, 74.8801727295, -54.8175964355, 8.69257259369, 30.153755188, 30.5062465668], [342.243011475, 143.559753418, 23.5935630798, 313.450744629, 124.924797058, -49.5162277222, -6.01203536987, 40.8002433777, 60.1514587402, 11.2704763412, -51.3123168945, 18.5198097229, 44.7262763977], [-11.0856761932, 128.086669922, 5.28601455688, 124.924797058, 182.108261108, 0.459149211645, 18.3086547852, 25.8558368683, 41.4030036926, 14.6441164017, -31.5190162659, 9.79163837433, 25.6413135529], [19.8050937653, -11.8253002167, 123.15562439, -49.5162277222, 0.459149211645, 199.503051758, 44.4081993103, 31.9313144684, 3.78293371201, -5.45785903931, 28.0537452698, -6.24985599518, -8.32894515991], [-121.501441956, 150.142227173, -57.1980743408, -6.01203536987, 18.3086547852, 44.4081993103, 174.478515625, 45.9665870667, -1.49682056904, 46.082775116, 2.38739919662, -4.6127076149, -4.47917509079], [147.96182251, 132.086959839, 49.6768341064, 40.8002433777, 25.8558368683, 31.9313144684, 45.9665870667, 116.469543457, 52.00440979, 22.0090770721, -0.455901473761, 4.21200418472, 29.263086319], [105.514053345, 45.0857849121, 74.8801727295, 60.1514587402, 41.4030036926, 3.78293371201, -1.49682056904, 52.00440979, 136.313262939, 19.5359249115, -17.710609436, 9.55250549316, 20.1308097839], [-69.3304901123, 108.834358215, -54.8175964355, 11.2704763412, 14.6441164017, -5.45785903931, 46.082775116, 22.0090770721, 19.5359249115, 98.9492492676, 24.8308639526, 0.638548851013, -5.70559644699], [-85.8292007446, 18.8632411957, 8.69257259369, -51.3123168945, -31.5190162659, 28.0537452698, 2.38739919662, -0.455901473761, -17.710609436, 24.8308639526, 103.808181763, 6.12193202972, 3.32772040367], [-147.87286377, 5.66283941269, 30.153755188, 18.5198097229, 9.79163837433, -6.24985599518, -4.6127076149, 4.21200418472, 9.55250549316, 0.638548851013, 6.12193202972, 82.9738082886, 26.9539260864], [-51.8103027344, 23.1679763794, 30.5062465668, 44.7262763977, 25.6413135529, -8.32894515991, -4.47917509079, 29.263086319, 20.1308097839, -5.70559644699, 3.32772040367, 26.9539260864, 90.3091201782]]}, "spectral_energy": {"min": 9.86294538712e-21, "max": 0.0718485936522, "dvar2": 7.8780183685e-05, "median": 0.024647384882, "dmean2": 0.00872479844838, "dmean": 0.00553933624178, "var": 0.0001506475528, "dvar": 3.23625608871e-05, "mean": 0.0240521859378}, "melbands_spread": {"min": 1.78035378456, "max": 195.424041748, "dvar2": 266.287689209, "median": 35.3442001343, "dmean2": 14.07213974, "dmean": 9.39276885986, "var": 611.585632324, "dvar": 131.854385376, "mean": 38.7733306885}, "erbbands_flatness_db": {"min": 0.0463373214006, "max": 0.458731085062, "dvar2": 0.000418092327891, "median": 0.162490233779, "dmean2": 0.0221075974405, "dmean": 0.0152541892603, "var": 0.0021229092963, "dvar": 0.000211102000321, "mean": 0.165185660124}, "spectral_contrast_valleys": {"min": [-28.2766056061, -28.2417907715, -27.8214588165, -27.6824684143, -27.526058197, -27.4325408936], "max": [-5.74457645416, -4.94649076462, -5.49966526031, -5.49565505981, -5.57509183884, -7.249563694], "dvar2": [0.358566403389, 0.240445792675, 0.174681395292, 0.161706611514, 0.16173170507, 0.248661220074], "median": [-7.47383451462, -6.78467941284, -7.14754104614, -7.42024707794, -7.29301786423, -9.96481323242], "dmean2": [0.744186580181, 0.58472263813, 0.481921583414, 0.430969834328, 0.373758584261, 0.431025952101], "dmean": [0.448205888271, 0.361749202013, 0.306424498558, 0.281301707029, 0.269073367119, 0.34476724267], "var": [7.03411483765, 7.18751239777, 6.85506868362, 6.60310459137, 6.82268381119, 5.89652490616], "dvar": [0.143895059824, 0.107758976519, 0.0856796875596, 0.0852332115173, 0.0923993587494, 0.154459550977], "mean": [-7.95451545715, -7.24424552917, -7.60814428329, -7.84086418152, -7.76045036316, -10.4068632126]}, "barkbands_flatness_db": {"min": 0.0175587572157, "max": 0.378202795982, "dvar2": 0.000631990842521, "median": 0.114380210638, "dmean2": 0.0266074687243, "dmean": 0.0180392414331, "var": 0.0023217536509, "dvar": 0.000324556574924, "mean": 0.1234838292}, "zerocrossingrate": {"min": 0.0068359375, "max": 0.52978515625, "dvar2": 0.000276103935903, "median": 0.07275390625, "dmean2": 0.0145847303793, "dmean": 0.0132742449641, "var": 0.00430853012949, "dvar": 0.000242870548391, "mean": 0.0842835977674}, "spectral_skewness": {"min": -0.0852351859212, "max": 3.97802615166, "dvar2": 0.123411588371, "median": 1.43108844757, "dmean2": 0.32428047061, "dmean": 0.203565776348, "var": 0.153124421835, "dvar": 0.0468586459756, "mean": 1.43200755119}, "hfc": {"min"