{"lowlevel": {"spectral_complexity": {"min": 0, "max": 60, "dvar2": 32.1115341187, "median": 21, "dmean2": 5.68284082413, "dmean": 4.08000993729, "var": 110.495857239, "dvar": 20.5953655243, "mean": 21.5270519257}, "silence_rate_20dB": {"min": 1, "max": 1, "dvar2": 0, "median": 1, "dmean2": 0, "dmean": 0, "var": 0, "dvar": 0, "mean": 1}, "average_loudness": 0.946701526642, "erbbands_spread": {"min": 3.09687972069, "max": 175.480773926, "dvar2": 70.0718765259, "median": 23.1406173706, "dmean2": 8.89898681641, "dmean": 5.85533905029, "var": 336.889678955, "dvar": 32.6664619446, "mean": 26.8475837708}, "spectral_kurtosis": {"min": -1.17769646645, "max": 138.60925293, "dvar2": 138.173690796, "median": 16.5180835724, "dmean2": 7.66944694519, "dmean": 4.84830713272, "var": 133.657440186, "dvar": 49.9942016602, "mean": 19.1090373993}, "barkbands_kurtosis": {"min": -1.68502473831, "max": 5078.46875, "dvar2": 11631.8720703, "median": 2.31330394745, "dmean2": 15.5828180313, "dmean": 9.34115123749, "var": 269346.8125, "dvar": 5112.22998047, "mean": 70.6640396118}, "spectral_strongpeak": {"min": 0, "max": 217.903900146, "dvar2": 1512.88793945, "median": 0.357649803162, "dmean2": 15.3243227005, "dmean": 8.34382915497, "var": 491.1690979, "dvar": 586.501831055, "mean": 6.51403808594}, "spectral_spread": {"min": 1532361.5, "max": 40054456, "dvar2": 557724925952, "median": 3388292.5, "dmean2": 686711.8125, "dmean": 430252.65625, "var": 1712884154370.0, "dvar": 276142424064, "mean": 3531997.25}, "spectral_rms": {"min": 5.04361672427e-08, "max": 0.0134768905118, "dvar2": 1.65656081208e-06, "median": 0.00594552606344, "dmean2": 0.00139271386433, "dmean": 0.000898766214959, "var": 4.35685024058e-06, "dvar": 7.04427748133e-07, "mean": 0.00575875304639}, "dynamic_complexity": 3.71447205544, "erbbands": {"min": [1.28834844269e-12, 7.06250509463e-12, 1.70226055474e-11, 1.1968809624e-11, 1.60898881024e-11, 5.48318924987e-11, 1.67799843465e-10, 8.28829060939e-10, 2.07673767072e-09, 8.87004136807e-10, 8.34270263983e-10, 1.81658965648e-09, 1.69505587344e-09, 4.94527918615e-10, 7.21303794471e-10, 4.17344686587e-10, 3.3715213954e-10, 7.63436536211e-10, 6.87473244998e-10, 4.57889615113e-10, 1.03929209683e-09, 2.28819496684e-09, 3.07816794276e-09, 2.39753905618e-09, 1.23833414634e-08, 8.58331805631e-09, 1.58093904634e-09, 1.65096980531e-09, 1.10420583788e-09, 2.06960137916e-09, 4.15725542879e-09, 1.75411285497e-09, 1.67172953258e-09, 1.35798361445e-09, 6.81354805909e-10, 7.47329476081e-10, 4.01833871733e-10, 1.71560779472e-10, 7.8511475099e-11, 1.05415572105e-11], "max": [2.143273592, 21.5585823059, 37.7012481689, 82.3552398682, 121.564544678, 217.839950562, 712.150756836, 396.602752686, 610.078063965, 1155.4675293, 1628.85766602, 1277.50354004, 943.799682617, 1232.02746582, 1086.57653809, 1386.69177246, 940.533630371, 693.686584473, 644.067871094, 692.723083496, 415.746032715, 881.808959961, 1256.21130371, 514.717651367, 443.116333008, 429.896331787, 309.034423828, 242.079040527, 346.236419678, 16.1345615387, 8.40642261505, 3.62899136543, 1.46897482872, 0.856523752213, 0.52450889349, 0.327275723219, 0.299126595259, 1.14585983753, 0.690102934837, 0.0908468365669], "dvar2": [0.142321586609, 5.32650184631, 16.4195919037, 43.8265419006, 65.4921646118, 266.087463379, 1300.5793457, 886.223449707, 1663.02319336, 4954.2578125, 3993.96459961, 3673.140625, 7619.53857422, 9842.203125, 6763.01464844, 7378.63476562, 6901.09277344, 3156.56152344, 1987.00390625, 2618.35253906, 628.648986816, 1335.55517578, 10364.9648438, 953.932189941, 1596.34838867, 522.907470703, 241.098434448, 318.100524902, 678.024719238, 2.70039629936, 0.556357145309, 0.0322257131338, 0.00808631908149, 0.00368192209862, 0.0014722259948, 0.000493837229442, 0.00034304120345, 0.0073486706242, 0.00191656907555, 6.98836302035e-05], "median": [0.148535534739, 1.14377772808, 1.59952270985, 1.59349966049, 2.09494876862, 3.88718366623, 6.4599943161, 8.29289531708, 9.69950962067, 8.88259983063, 11.6360502243, 11.7635726929, 15.9347982407, 26.0778694153, 22.8235416412, 24.8931159973, 31.9244232178, 21.9178123474, 20.3152256012, 15.6368646622, 7.98862886429, 5.55652046204, 7.57398939133, 4.88962745667, 4.6178355217, 2.19700837135, 1.861333251, 2.13915610313, 1.3697924614, 0.238035336137, 0.0836299285293, 0.0327907279134, 0.0142903644592, 0.00951249152422, 0.006549813319, 0.00442868983373, 0.00484863761812, 0.0110248727724, 0.0116000026464, 0.0125060463324], "dmean2": [0.300080090761, 1.93436193466, 2.92731904984, 3.6201479435, 4.65757703781, 9.00863742828, 17.5904903412, 16.3393669128, 21.3073978424, 25.3775653839, 27.7700328827, 28.7410469055, 42.8466567993, 52.9531593323, 44.2041358948, 46.1327667236, 50.7494087219, 34.6334228516, 26.0378246307, 30.0942554474, 13.8644428253, 14.6250982285, 35.9492759705, 12.3770599365, 16.9494686127, 7.10989665985, 5.65236616135, 7.32529020309, 9.20168399811, 0.77824985981, 0.328387916088, 0.104822054505, 0.0565670505166, 0.0388272702694, 0.02504805848, 0.014865594916, 0.0113943545148, 0.0354988239706, 0.0211718007922, 0.00675019947812], "dmean": [0.174170523882, 1.11960828304, 1.71092045307, 2.23522615433, 2.83546590805, 5.42889165878, 10.8266086578, 10.1307535172, 13.5037240982, 16.3151302338, 17.8284912109, 18.134967804, 27.0500488281, 33.079990387, 28.0527496338, 30.0130748749, 31.7070980072, 21.9138908386, 16.7986392975, 19.4574165344, 9.20067119598, 10.1066274643, 23.4405708313, 8.80439949036, 11.4045562744, 5.01587581635, 3.96449589729, 5.18976306915, 6.34258842468, 0.564794778824, 0.222464546561, 0.0650951042771, 0.0334839485586, 0.0229738261551, 0.0148770948872, 0.00888395030051, 0.0074050379917, 0.0254930369556, 0.016266932711, 0.00496284058318], "var": [0.0851453617215, 3.54555702209, 8.50948429108, 24.6025886536, 43.4630088806, 167.788925171, 961.696838379, 623.014221191, 1561.18762207, 3903.45507812, 4340.99414062, 3208.68920898, 6810.84423828, 7492.14648438, 5824.31201172, 7624.71777344, 5572.32666016, 2633.55200195, 2056.86914062, 2558.71826172, 624.462524414, 962.394470215, 5538.49316406, 854.617675781, 1167.81445312, 382.704406738, 189.965286255, 259.390258789, 440.66595459, 2.49864816666, 0.338842689991, 0.0162016879767, 0.00339925731532, 0.0015491549857, 0.000634340976831, 0.000222636939725, 0.000220746849664, 0.00613407045603, 0.00230223918334, 0.000135412061354], "dvar": [0.0514706373215, 1.86071801186, 6.10084629059, 17.7958011627, 26.1916847229, 107.291511536, 548.004638672, 368.24987793, 719.508361816, 2037.23779297, 1782.93713379, 1600.36291504, 3105.0090332, 3819.24072266, 2824.20092773, 3172.40551758, 2730.1809082, 1237.9185791, 851.338684082, 1109.68664551, 286.128356934, 631.210510254, 4508.35009766, 494.532470703, 730.270141602, 249.351806641, 117.038291931, 152.48866272, 319.62310791, 1.41580677032, 0.252863943577, 0.013529645279, 0.00319098029286, 0.00144702754915, 0.000579560175538, 0.000195970467757, 0.000153362838319, 0.00372772337869, 0.00108050298877, 4.13679044868e-05], "mean": [0.251655906439, 1.73649084568, 2.47364044189, 3.14349603653, 4.24073505402, 7.92225646973, 15.6077852249, 16.1190757751, 22.7145366669, 26.732339859, 30.5478992462, 29.2914943695, 44.7492713928, 56.0130310059, 48.9571647644, 54.5528297424, 57.5128822327, 40.5478782654, 34.3581428528, 35.0530891418, 16.5742435455, 15.2707138062, 29.931476593, 13.8974943161, 16.2955646515, 7.24870109558, 6.1256942749, 7.71057081223, 8.20536899567, 0.816838502884, 0.280775785446, 0.0757598280907, 0.0340524762869, 0.0232409555465, 0.0153780579567, 0.00960584264249, 0.00995240919292, 0.0378631949425, 0.0285360123962, 0.0153699852526]}, "spectral_contrast_coeffs": {"min": [-0.965284705162, -0.967855274677, -0.964704275131, -0.957313239574, -0.957690417767, -0.95844912529], "max": [-0.323566824198, -0.435864269733, -0.522088050842, -0.602657675743, -0.583082199097, -0.3867841959], "dvar2": [0.00471796374768, 0.00392114976421, 0.00267352513038, 0.00148781773169, 0.00110344623681, 0.0046371947974], "median": [-0.703791856766, -0.773077726364, -0.78776204586, -0.788008570671, -0.809747338295, -0.713565468788], "dmean2": [0.0878109410405, 0.079583697021, 0.0654819235206, 0.049859046936, 0.0394253507257, 0.0792280957103], "dmean": [0.0525951646268, 0.0480926409364, 0.0399450808764, 0.0302535947412, 0.024855569005, 0.0521203130484], "var": [0.00518020335585, 0.00471114274114, 0.00382648524828, 0.00238151848316, 0.00225823116489, 0.0099059427157], "dvar": [0.00171169906389, 0.00144482171163, 0.00102289067581, 0.000567107636016, 0.000460606010165, 0.0020427282434], "mean": [-0.699769318104, -0.765936911106, -0.781939148903, -0.786797881126, -0.809261381626, -0.710884690285]}, "dissonance": {"min": 0.247372359037, "max": 0.500000178814, "dvar2": 0.0011669001542, "median": 0.473124623299, "dmean2": 0.0353171490133, "dmean": 0.0209692679346, "var": 0.000789139710832, "dvar": 0.000423090532422, "mean": 0.465673983097}, "spectral_energyband_high": {"min": 1.2034169234e-12, "max": 0.0160095766187, "dvar2": 1.48028016156e-06, "median": 0.000273279787507, "dmean2": 0.000545409449842, "dmean": 0.00041286816122, "var": 1.53081384724e-06, "dvar": 7.90625676927e-07, "mean": 0.000697244890034}, "gfcc": {"mean": [-20.8876743317, 106.787879944, -105.970291138, -7.44380378723, -10.3069000244, -17.428440094, 11.0994405746, -20.7438354492, -0.268830657005, -2.39637804031, -3.36835336685, -0.268637180328, -2.45024728775], "icov": [[0.000128471496282, -0.00039589437074, 0.000622949388344, -0.000530206772964, 0.000289143732516, -0.00023604130547, 0.000331211776938, -0.000168945742189, 0.000316422607284, -0.000356122967787, 0.000350200338289, -0.000214152998524, 0.000293718330795], [-0.00039589437074, 0.00292202667333, -0.00279491324909, 0.00306157115847, -0.00180976325646, 0.002164255362, -0.00154714565724, 0.00149977125693, -0.000538449792657, 0.000417067116359, -0.00110191258136, 0.00160838430747, -0.00119060568977], [0.000622949388344, -0.00279491324909, 0.00779606588185, -0.00601910008118, 0.00481344247237, -0.00531846098602, 0.00331464689225, -0.00169400731102, -0.00062411010731, 0.000483749783598, -0.00159511168022, -9.63803449849e-06, -0.000182063973625], [-0.000530206772964, 0.00306157115847, -0.00601910008118, 0.010398673825, -0.00739645399153, 0.00626023020595, -0.00300263636746, -0.00139546289574, 0.00355722662061, -0.00331639032811, 0.00377634121105, -0.0061020818539, 0.00401012320071], [0.000289143732516, -0.00180976325646, 0.00481344247237, -0.00739645399153, 0.0128401536494, -0.00778699899092, -0.000930935028009, 0.00413491390646, -0.00398916378617, 0.00458446796983, -0.00629237294197, 0.00642535556108, -0.00494138151407], [-0.00023604130547, 0.002164255362, -0.00531846098602, 0.00626023020595, -0.00778699899092, 0.011818272993, -0.000893818621989, -0.00337285757996, 0.00604246370494, -0.004267425742, 0.00228317710571, -0.001483246102, 0.000881553220097], [0.000331211776938, -0.00154714565724, 0.00331464689225, -0.00300263636746, -0.000930935028009, -0.000893818621989, 0.0094499103725, -0.00161739147734, -0.00353404623456, 0.00178503023926, 0.00172122754157, -0.00302796717733, 0.00210884120315], [-0.000168945742189, 0.00149977125693, -0.00169400731102, -0.00139546289574, 0.00413491390646, -0.00337285757996, -0.00161739147734, 0.0109675247222, -0.00592062342912, 0.0030219568871, -0.00499574793503, 0.00731001002714, -0.00395072903484], [0.000316422607284, -0.000538449792657, -0.00062411010731, 0.00355722662061, -0.00398916378617, 0.00604246370494, -0.00353404623456, -0.00592062342912, 0.0190707799047, -0.0117785986513, 0.00598340434954, -0.00545123917982, 0.00570356007665], [-0.000356122967787, 0.000417067116359, 0.000483749783598, -0.00331639032811, 0.00458446796983, -0.004267425742, 0.00178503023926, 0.0030219568871, -0.0117785986513, 0.0254987943918, -0.0140115274116, 0.00793723016977, -0.00739543093368], [0.000350200338289, -0.00110191258136, -0.00159511168022, 0.00377634121105, -0.00629237294197, 0.00228317710571, 0.00172122754157, -0.00499574793503, 0.00598340434954, -0.0140115274116, 0.0285712424666, -0.0148583520204, 0.00357335712761], [-0.000214152998524, 0.00160838430747, -9.63803449849e-06, -0.0061020818539, 0.00642535556108, -0.001483246102, -0.00302796717733, 0.00731001002714, -0.00545123917982, 0.00793723016977, -0.0148583520204, 0.0240845903754, -0.00761863728985], [0.000293718330795, -0.00119060568977, -0.000182063973625, 0.00401012320071, -0.00494138151407, 0.000881553220097, 0.00210884120315, -0.00395072903484, 0.00570356007665, -0.00739543093368, 0.00357335712761, -0.00761863728985, 0.0185119006783]], "cov": [[23507.4707031, 1709.95593262, -1974.18774414, 489.73059082, -50.7148323059, -1083.08068848, 197.366577148, -861.520507812, -213.743621826, -170.728225708, -445.378448486, 39.8721122742, -456.781799316], [1709.95593262, 957.995788574, -62.8578529358, -280.211212158, 17.0896339417, -50.2018890381, -34.911113739, -103.33405304, -0.0945436581969, 17.8637828827, -4.57021093369, -92.2664413452, 53.5170555115], [-1974.18774414, -62.8578529358, 609.616027832, 37.2008094788, -50.9562110901, 248.284606934, -145.91734314, 185.970932007, -24.3475341797, 64.0873413086, 89.658996582, 2.10847806931, 72.7690734863], [489.73059082, -280.211212158, 37.2008094788, 488.061767578, 77.0907669067, -122.42678833, 139.929580688, -39.6535186768, 9.41698646545, -30.8684978485, -7.39660978317, 127.360839844, -90.5372848511], [-50.7148323059, 17.0896339417, -50.9562110901, 77.0907669067, 217.512115479, 64.4390716553, 58.4580459595, -42.4881820679, -6.56645107269, -5.45544910431, 16.9040622711, 1.54581308365, 21.1846160889], [-1083.08068848, -50.2018890381, 248.284606934, -122.42678833, 64.4390716553, 341.759643555, -114.155258179, 123.996902466, -58.3421401978, 49.1521224976, 54.4354057312, -53.138710022, 88.5457305908], [197.366577148, -34.911113739, -145.91734314, 139.929580688, 58.4580459595, -114.155258179, 242.09223938, -41.7409667969, 63.9746627808, -36.2970199585, -27.9126987457, 49.9355316162, -60.8426628113], [-861.520507812, -103.33405304, 185.970932007, -39.6535186768, -42.4881820679, 123.996902466, -41.7409667969, 223.894012451, 31.32970047, 41.5165939331, 33.3414955139, -39.2574157715, 37.0740432739], [-213.743621826, -0.0945436581969, -24.3475341797, 9.41698646545, -6.56645107269, -58.3421401978, 63.9746627808, 31.32970047, 117.843276978, 28.5038490295, 1.29750585556, 8.93928527832, -19.9623146057], [-170.728225708, 17.8637828827, 64.0873413086, -30.8684978485, -5.45544910431, 49.1521224976, -36.2970199585, 41.5165939331, 28.5038490295, 87.7319107056, 43.3675804138, -7.80540752411, 35.0560684204], [-445.378448486, -4.57021093369, 89.658996582, -7.39660978317, 16.9040622711, 54.4354057312, -27.9126987457, 33.3414955139, 1.29750585556, 43.3675804138, 84.8918380737, 28.8070049286, 33.8663597107], [39.8721122742, -92.2664413452, 2.10847806931, 127.360839844, 1.54581308365, -53.138710022, 49.9355316162, -39.2574157715, 8.93928527832, -7.80540752411, 28.8070049286, 114.102279663, -9.73294448853], [-456.781799316, 53.5170555115, 72.7690734863, -90.5372848511, 21.1846160889, 88.5457305908, -60.8426628113, 37.0740432739, -19.9623146057, 35.0560684204, 33.8663597107, -9.73294448853, 110.93082428]]}, "spectral_flux": {"min": 5.4721572269e-06, "max": 0.27762311697, "dvar2": 0.00112707994413, "median": 0.106564171612, "dmean2": 0.0350430719554, "dmean": 0.0226259417832, "var": 0.00201089074835, "dvar": 0.000486272620037, "mean": 0.106089942157}, "silence_rate_30dB": {"min": 0, "max": 1, "dvar2": 0.00678229052573, "median": 1, "dmean2": 0.00535084540024, "dmean": 0.00267509720288, "var": 0.00194152980112, "dvar": 0.00266814231873, "mean": 0.998054683208}, "spectral_energyband_middle_high": {"min": 4.95281604358e-13, "max": 0.0663763508201, "dvar2": 3.22411542584e-05, "median": 0.00603922223672, "dmean2": 0.00440226122737, "dmean": 0.0030664135702, "var": 5.91264506511e-05, "dvar": 1.49536390381e-05, "mean": 0.00839690677822}, "barkbands_spread": {"min": 0.0994026586413, "max": 83.4130401611, "dvar2": 86.9615097046, "median": 22.9816932678, "dmean2": 9.08732318878, "dmean": 6.04411888123, "var": 158.65914917, "dvar": 43.512008667, "mean": 24.7171878815}, "spectral_centroid": {"min": 192.374267578, "max": 11008.3183594, "dvar2": 153205.046875, "median": 1121.45068359, "dmean2": 341.204437256, "dmean": 241.411621094, "var": 389930.1875, "dvar": 92760.5546875, "mean": 1261.75891113}, "pitch_salience": {"min": 0.00116613984574, "max": 0.845744788647, "dvar2": 0.011719618924, "median": 0.533194959164, "dmean2": 0.128986686468, "dmean": 0.0784099921584, "var": 0.019122807309, "dvar": 0.00457295030355, "mean": 0.519142150879}, "erbbands_skewness": {"min": -3.0751914978, "max": 3.72560667992, "dvar2": 0.212605044246, "median": 0.0571658723056, "dmean2": 0.543670892715, "dmean": 0.351814299822, "var": 0.46234613657, "dvar": 0.0955286175013, "mean": 0.0553905665874}, "erbbands_crest": {"min": 2.40496349335, "max": 28.8690338135, "dvar2": 14.0569791794, "median": 7.97791337967, "dmean2": 4.17970991135, "dmean": 2.56246137619, "var": 13.2946119308, "dvar": 5.62145757675, "mean": 8.76482582092}, "melbands": {"min": [1.17500147863e-14, 3.70791796095e-16, 2.01358154529e-15, 2.54818046072e-15, 5.01534687871e-15, 8.71399205235e-15, 2.80529705775e-14, 7.55061516918e-15, 7.64328396175e-15, 1.2175282077e-14, 8.16548909109e-15, 1.77373866056e-15, 2.201717092e-15, 1.89846150919e-15, 5.53820051766e-16, 8.31716315167e-16, 1.61143677171e-15, 1.19643530855e-15, 9.22340634891e-16, 4.34947977344e-16, 1.42839443412e-15, 2.2301998454e-15, 3.41488998334e-15, 2.04799141174e-15, 1.24768651933e-15, 6.85050601586e-15, 1.20460646598e-14, 3.89789696898e-15, 8.27103109038e-16, 8.1218532359e-16, 9.73079073102e-16, 5.53392776583e-16, 8.01818963805e-16, 1.238496953e-15, 2.89941897768e-15, 1.42399695669e-15, 8.71879864669e-16, 1.1277390307e-15, 1.48143140211e-15, 9.39019560656e-16], "max": [0.020976562053, 0.0185907091945, 0.0153460958973, 0.00884984992445, 0.0245519597083, 0.00793950073421, 0.00803017709404, 0.0108957132325, 0.0107917748392, 0.00687486352399, 0.00488470401615, 0.00502156931907, 0.00450666295364, 0.00781739037484, 0.00215843017213, 0.00155495281797, 0.0011934285285, 0.00116710050497, 0.00116991112009, 0.000958879594691, 0.000529570970684, 0.000854100915603, 0.00125628558453, 0.00107003399171, 0.000406027305871, 0.000478513946291, 0.000301359745208, 0.000297126738587, 0.000212964252569, 0.000148578183143, 0.000160102863447, 0.00030899484409, 2.33166920225e-05, 6.00241219217e-06, 4.93664310852e-06, 3.46229376191e-06, 1.82719145414e-06, 1.0319527064e-06, 8.13708425085e-07, 6.855196375e-07], "dvar2": [9.01878502191e-06, 4.98912095281e-06, 1.15840691706e-06, 4.60961814497e-07, 1.42325109209e-06, 3.86998323165e-07, 3.67583510297e-07, 5.79822938107e-07, 2.22775980774e-07, 1.37694755153e-07, 2.0874504969e-07, 1.68469412642e-07, 1.06878488282e-07, 1.05338621381e-07, 5.18765048696e-08, 3.16892219132e-08, 1.03029025311e-08, 5.48481127183e-09, 8.27294055483e-09, 4.34359082035e-09, 7.50784212578e-10, 1.4325044484e-09, 5.73873304432e-09, 5.70494185226e-09, 5.87789206197e-10, 1.67664382378e-09, 3.57315982358e-10, 2.48903453404e-10, 1.39871392246e-10, 6.02660560345e-11, 2.28784213796e-10, 5.46986178573e-10, 3.07358132001e-12, 3.16474141815e-13, 2.05973449017e-13, 7.90923113136e-14, 6.39330685357e-15, 4.08252389346e-15, 3.1240175987e-15, 2.45239649274e-15], "median": [0.00154944672249, 0.00122074782848, 0.000316887715599, 0.000217352120671, 0.000232696795138, 0.00017981165729, 0.000147732178448, 9.86777158687e-05, 9.64528881013e-05, 6.77644202369e-05, 7.77233581175e-05, 0.000100831290183, 8.03721122793e-05, 5.56781815249e-05, 7.29352250346e-05, 6.00413659413e-05, 3.47691166098e-05, 2.93400080409e-05, 2.56843395618e-05, 1.56025125762e-05, 6.44577039566e-06, 4.57392980024e-06, 6.62628826831e-06, 5.69179564991e-06, 2.96385383081e-06, 3.95800316255e-06, 1.92623838302e-06, 1.19805997656e-06, 1.10179485091e-06, 9.96132257569e-07, 1.14771546578e-06, 9.76547312348e-07, 1.98293335529e-07, 7.21747355215e-08, 4.74260986039e-08, 2.83966912207e-08, 1.34932394147e-08, 9.04744279495e-09, 8.31888158359e-09, 7.74583597263e-09], "dmean2": [0.00253644492477, 0.00180126470514, 0.000626199238468, 0.000405965343816, 0.000606619636528, 0.000355533440597, 0.000325653207256, 0.000293491728371, 0.000229500990827, 0.000178475282155, 0.000225499810767, 0.000221605965635, 0.000173579901457, 0.000142705292092, 0.000134182395414, 0.000116129493108, 6.21349026915e-05, 4.19875032094e-05, 4.99160196341e-05, 3.5808319808e-05, 1.39398689498e-05, 1.45872654684e-05, 2.78708484984e-05, 2.73354944511e-05, 8.89671628101e-06, 1.71901083377e-05, 6.4666455728e-06, 4.79588561575e-06, 4.01370471081e-06, 3.11320172841e-06, 5.78369736104e-06, 8.03137663752e-06, 7.43150565086e-07, 2.76248414366e-07, 2.04310694585e-07, 1.16425312058e-07, 4.92156466692e-08, 4.00142461388e-08, 3.54647227141e-08, 3.17912558501e-08], "dmean": [0.00147964560892, 0.0010481053032, 0.000389288499719, 0.000245811941568, 0.000373079325072, 0.000222347080125, 0.000206870769034, 0.000188728474313, 0.00014662432659, 0.000111889326945, 0.000141875629197, 0.000138064453495, 0.000109064865683, 9.15876007639e-05, 8.44618698466e-05, 7.22444092389e-05, 3.898781506e-05, 2.66661172645e-05, 3.20282597386e-05, 2.28277913266e-05, 9.19153535506e-06, 9.77705076366e-06, 1.85487569979e-05, 1.77725323738e-05, 6.07025685895e-06, 1.12770712803e-05, 4.4255029934e-06, 3.27411544276e-06, 2.76149467027e-06, 2.08656138057e-06, 4.00392445954e-06, 5.47932268091e-06, 5.10785298502e-07, 1.87711492572e-07, 1.37289134727e-07, 7.35088008241e-08, 2.9348342423e-08, 2.36197337244e-08, 2.09467927448e-08, 1.88155109271e-08], "var": [6.25647044217e-06, 3.01813747683e-06, 7.78752166752e-07, 2.82584323941e-07, 1.08161600565e-06, 2.98274187571e-07, 3.40787750019e-07, 4.9308960115e-07, 2.41261602696e-07, 1.13444343697e-07, 1.83634483619e-07, 1.27167709252e-07, 7.93889114448e-08, 9.70095044295e-08, 4.03411952732e-08, 2.68013256033e-08, 7.86751730431e-09, 4.90092322281e-09, 7.55210827208e-09, 3.64465368996e-09, 6.34985009018e-10, 8.77435069047e-10, 3.47175954651e-09, 3.07090042284e-09, 4.36552238803e-10, 1.11055120655e-09, 2.43605663419e-10, 1.61962873668e-10, 9.13733186336e-11, 4.77247928676e-11, 1.61710062008e-10, 3.40399236576e-10, 2.03586388199e-12, 2.40862912297e-13, 1.28091480023e-13, 3.33869928503e-14, 2.79530909934e-15, 1.69713363609e-15, 1.30289506804e-15, 1.03317733126e-15], "dvar": [3.25737323692e-06, 1.77613901542e-06, 4.80398625768e-07, 1.81372413977e-07, 6.04795900472e-07, 1.62937226378e-07, 1.56940870966e-07, 2.37986469642e-07, 9.94156152956e-08, 5.90056394856e-08, 8.5154177043e-08, 6.51234586257e-08, 4.37179927815e-08, 4.51049579908e-08, 2.07472599101e-08, 1.26515686816e-08, 3.98509625299e-09, 2.27541474551e-09, 3.50598727827e-09, 1.81216763817e-09, 3.38711891867e-10, 6.35214880695e-10, 2.59268695402e-09, 2.49354092929e-09, 2.84352014157e-10, 7.39661332183e-10, 1.62869634446e-10, 1.13742085195e-10, 6.38926758723e-11, 2.744147444e-11, 1.07354451717e-10, 2.54609111572e-10, 1.42156891727e-12, 1.5380562492e-13, 9.45249331282e-14, 3.24655124832e-14, 2.56685499611e-15, 1.60858502354e-15, 1.2277826215e-15, 9.63384039867e-16], "mean": [0.00237465603277, 0.00171038508415, 0.000596321420744, 0.000381557445507, 0.000551658333279, 0.000356296048267, 0.000349071546225, 0.000305926892906, 0.000247330288403, 0.000175233944901, 0.000226946242037, 0.00022873209673, 0.000176564135472, 0.000150734587805, 0.000141617187182, 0.000122606084915, 6.74314433127e-05, 5.10058162035e-05, 5.5876422266e-05, 3.79597768188e-05, 1.48723920574e-05, 1.3771689737e-05, 2.46729596256e-05, 2.25671483349e-05, 9.04961143533e-06, 1.54182362166e-05, 6.22221386948e-06, 4.43435510533e-06, 3.90464538214e-06, 3.28679152517e-06, 5.4897791415e-06, 6.83251755618e-06, 6.86133205363e-07, 2.4819937039e-07, 1.69763325175e-07, 8.30415771702e-08, 3.09629797357e-08, 2.32969199487e-08, 2.08671142587e-08, 1.8982214911e-08]}, "barkbands_skewness": {"min": -1.24734413624, "max": 68.4800643921, "dvar2": 1.49987781048, "median": 1.2983751297, "dmean2": 0.901074111462, "dmean": 0.583625674248, "var": 59.5331459045, "dvar": 0.891526520252, "mean": 2.5137898922}, "spectral_entropy": {"min": 5.90567207336, "max": 9.77913475037, "dvar2": 0.0536415986717, "median": 7.4759850502, "dmean2": 0.23849503696, "dmean": 0.157877355814, "var": 0.126525893807, "dvar": 0.0227755904198, "mean": 7.45578861237}, "spectral_rolloff": {"min": 107.666015625, "max": 22050, "dvar2": 124492632, "median": 21447.0703125, "dmean2": 7803.63671875, "dmean": 4064.3972168, "var": 67964336, "dvar": 50974384, "mean": 16675.5761719}, "barkbands": {"min": [2.20847950658e-14, 3.54577410727e-14, 2.50926522602e-16, 1.74660438361e-15, 1.33511061093e-14, 3.3888229679e-14, 1.3297087769e-13, 2.25075898674e-14, 8.50957962407e-14, 2.89459245689e-14, 1.38908329622e-14, 1.36092317767e-14, 7.72708686045e-15, 1.76262152253e-14, 1.08025017086e-14, 1.11087439296e-14, 3.50180801511e-14, 6.12309682124e-14, 1.19882782087e-13, 2.16146531554e-13, 3.83247443113e-14, 3.653749124e-14, 1.23117783872e-13, 8.91822490964e-14, 1.06437319895e-13, 2.49539592549e-13, 5.50284861081e-13], "max": [0.0307385772467, 0.084216222167, 0.0433938354254, 0.0456913337111, 0.0811523944139, 0.0369164384902, 0.0382040329278, 0.0705332607031, 0.0555908791721, 0.0350056178868, 0.0311699192971, 0.0564310140908, 0.0195891428739, 0.0132553391159, 0.0122375031933, 0.00904650241137, 0.014630147256, 0.019576093182, 0.00752897001803, 0.0100446492434, 0.00571684958413, 0.00903806183487, 0.000258300628047, 0.00012230646098, 7.45255092625e-05, 0.000127273102407, 0.00370106869377], "dvar2": [1.09390548459e-05, 0.000104510501842, 1.40849288073e-05, 7.57656152928e-06, 2.01930633921e-05, 1.0446725355e-05, 1.1836651538e-05, 1.16177452583e-05, 6.54587256577e-06, 9.8328855529e-06, 7.37524442229e-06, 6.40637563265e-06, 4.04839465773e-06, 9.27556641273e-07, 1.2172163224e-06, 4.80243500078e-07, 4.15946487919e-07, 2.47698380917e-06, 5.22311211171e-07, 2.4656898745e-07, 8.99901237972e-08, 4.89539729642e-07, 6.27561891342e-10, 3.49347634154e-11, 2.91878118897e-11, 8.25567531004e-11, 1.35449141681e-07], "median": [0.000527500989847, 0.00545110926032, 0.000970319379121, 0.000500552006997, 0.00127311004326, 0.000905445427634, 0.000571236829273, 0.000430489715654, 0.000512496451847, 0.000558662810363, 0.000585348694585, 0.000527203315869, 0.000741436670069, 0.000292249867925, 0.000382384227123, 0.00016423931811, 7.94061634224e-05, 0.000126850252855, 9.90025364445e-05, 4.19814823545e-05, 4.23012461397e-05, 3.33101197612e-05, 3.06836500386e-06, 1.01164812349e-06, 8.78853882114e-07, 2.2665240067e-06, 0.000276080623735], "dmean2": [0.00195807591081, 0.00881231296808, 0.00242011481896, 0.00146073452197, 0.002570733428, 0.00183108716737, 0.00160785787739, 0.00137686985545, 0.00130052573513, 0.00166281708516, 0.00142669968773, 0.00122629862744, 0.00131088378839, 0.000549418386072, 0.000637807534076, 0.00037440189044, 0.000245938397711, 0.000575470505282, 0.000314824806992, 0.000150464518811, 0.000121887911519, 0.000244133872911, 1.19799469758e-05, 3.70041357201e-06, 3.49429888047e-06, 5.79680363444e-06, 0.000248955446295], "dmean": [0.00120958162006, 0.00511630671099, 0.00143164000474, 0.000897163408808, 0.00156403717119, 0.0011599115096, 0.00102190708276, 0.00087874167366, 0.000816928804852, 0.0010366224451, 0.000889303162694, 0.000790275458712, 0.000817573745735, 0.000340492289979, 0.000411682558479, 0.000239768400206, 0.000165957171703, 0.000379054312361, 0.000214264087845, 0.00010579355876, 8.54354366311e-05, 0.000168492828379, 8.13053429738e-06, 2.20463948608e-06, 2.07122457141e-06, 3.73060925085e-06, 0.000186319433851], "var": [7.64352353144e-06, 7.22673721611e-05, 6.65095421937e-06, 5.12603310199e-06, 1.4517053387e-05, 8.57563736645e-06, 9.66246534517e-06, 1.20415588754e-05, 5.93288814343e-06, 8.29757937026e-06, 5.37169444215e-06, 6.3500028773e-06, 3.43952365256e-06, 5.94351774907e-07, 1.17679519462e-06, 4.00331401806e-07, 2.60632731397e-07, 1.4222430309e-06, 4.08088709491e-07, 1.77863384465e-07, 8.12835168063e-08, 3.14276036306e-07, 4.37406777465e-10, 1.51575332147e-11, 1.24153803557e-11, 5.0862886819e-11, 2.24928328407e-07], "dvar": [4.97860401083e-06, 3.7011144741e-05, 5.48705611436e-06, 3.18074580719e-06, 8.4264902398e-06, 4.42287182523e-06, 4.92987874168e-06, 4.98828831041e-06, 2.8683984965e-06, 3.92466472476e-06, 2.98967211165e-06, 2.76322975878e-06, 1.59632577379e-06, 3.56228838427e-07, 5.1645770327e-07, 2.03268271548e-07, 1.86500301425e-07, 1.10149596821e-06, 2.45720684688e-07, 1.17358965213e-07, 4.43298304731e-08, 2.29107499194e-07, 2.98054247949e-10, 1.39275483507e-11, 1.14753458472e-11, 3.61338008126e-11, 8.12681122397e-08], "mean": [0.00145953590982, 0.00816681422293, 0.00178180856165, 0.00120969070122, 0.00244920980185, 0.00182982708793, 0.0016237415839, 0.001380031812, 0.00128459034022, 0.00163419242017, 0.00136488908902, 0.00133214995731, 0.00140193081461, 0.000556904065888, 0.000751095882151, 0.00039280691999, 0.000236394174863, 0.000493251369335, 0.000317893922329, 0.000148979554069, 0.000138236006023, 0.000214751707972, 1.04402033685e-05, 2.31059811995e-06, 2.10952293855e-06, 4.81083679915e-06, 0.000427690392826]}, "melbands_flatness_db": {"min": 0.0455515161157, "max": 0.628113508224, "dvar2": 0.00173695466947, "median": 0.23713183403, "dmean2": 0.0490032359958, "dmean": 0.0317406654358, "var": 0.00500869518146, "dvar": 0.000747666985262, "mean": 0.246046304703}, "melbands_skewness": {"min": -1.46895551682, "max": 82.5819168091, "dvar2": 2.84816169739, "median": 1.59253025055, "dmean2": 1.15363955498, "dmean": 0.731490910053, "var": 63.0302658081, "dvar": 1.55238568783, "mean": 2.87349653244}, "silence_rate_60dB": {"min": 0, "max": 1, "dvar2": 0.00749285891652, "median": 0, "dmean2": 0.00681016640738, "dmean": 0.0034046692308, "var": 0.0565614104271, "dvar": 0.0033929310739, "mean": 0.0601823702455}, "spectral_energyband_low": {"min": 6.26033716511e-14, "max": 0.0887153297663, "dvar2": 0.000140481643029, "median": 0.00873388815671, "dmean2": 0.0105147445574, "dmean": 0.00620334781706, "var": 0.000107060455775, "dvar": 5.11969519721e-05, "mean": 0.0115307150409}, "spectral_energyband_middle_low": {"min": 3.5265112228e-13, "max": 0.103133618832, "dvar2": 6.38659330434e-05, "median": 0.00760151119903, "dmean2": 0.00608812179416, "dmean": 0.00395256048068, "var": 8.71779047884e-05, "dvar": 2.76308328466e-05, "mean": 0.010278781876}, "melbands_kurtosis": {"min": -1.78876340389, "max": 6992.96875, "dvar2": 26371.9238281, "median": 2.79050636292, "dmean2": 22.6637611389, "dmean": 14.0023403168, "var": 370078.46875, "dvar": 12566.5761719, "mean": 84.7130126953}, "spectral_decrease": {"min": -2.73337779078e-08, "max": 9.18503761937e-09, "dvar2": 1.06684560713e-17, "median": -5.05525621364e-09, "dmean2": 3.21191717667e-09, "dmean": 2.02674588223e-09, "var": 1.31096190873e-17, "dvar": 4.25403727554e-18, "mean": -5.41020783729e-09}, "erbbands_kurtosis": {"min": -1.65445387363, "max": 21.415769577, "dvar2": 3.21939229965, "median": 0.2984187603, "dmean2": 1.54281115532, "dmean": 0.97630751133, "var": 3.94882512093, "dvar": 1.3740183115, "mean": 0.888316512108}, "melbands_crest": {"min": 3.45864152908, "max": 39.9923171997, "dvar2": 27.2773208618, "median": 13.1028146744, "dmean2": 6.21833562851, "dmean": 3.70306944847, "var": 40.3665275574, "dvar": 10.1607131958, "mean": 14.2146444321}, "mfcc": {"mean": [-674.138061523, 170.387542725, -33.2775230408, 28.3768253326, -10.6297721863, 20.8444709778, 5.25411939621, 2.95027852058, 5.06318378448, -1.40718364716, 8.53527450562, -0.0160065647215, 0.110937148333], "icov": [[0.000192652834812, -0.000227394004469, 0.000238260472543, -0.000299848004943, 5.40088913112e-05, -3.19391874655e-05, -1.27985426701e-08, 1.08410335997e-06, 0.000151978150825, 6.75969249642e-06, 8.95675111678e-05, -0.000192583465832, 0.000157649134053], [-0.000227394004469, 0.00108271476347, -0.000160364390467, 0.000554475234821, 0.000174097076524, -0.000279571861029, -0.000281866028672, 0.000867633323651, -0.000574314035475, -1.53849596245e-05, -0.000475352717331, 0.000681643665303, -0.000480842893012], [0.000238260472543, -0.000160364390467, 0.00268222438172, -6.71262969263e-05, -0.00153201376088, 0.00151450536214, -8.93181641004e-05, -0.0004271530197, 0.000903800479136, -8.65952315507e-05, -0.000434627436334, -0.000151762578753, -0.000478280824609], [-0.000299848004943, 0.000554475234821, -6.71262969263e-05, 0.00331476400606, 0.000770212500356, -0.0013048738474, 0.00118461903185, -0.00178361649159, -0.000169645718415, 0.00132276653312, -0.00124915072229, -0.000157966656843, -0.000801731832325], [5.40088913112e-05, 0.000174097076524, -0.00153201376088, 0.000770212500356, 0.00713471509516, -0.00180061429273, -0.00307411258109, 0.00122353539336, 0.000615524302702, -0.0012192473514, 0.0012452704832, -0.0011010915041, -0.000258920103079], [-3.19391874655e-05, -0.000279571861029, 0.00151450536214, -0.0013048738474, -0.00180061429273, 0.0090120472014, -0.00310195423663, 0.000384106067941, 0.000374738971004, 0.00241926964372, -0.00051186804194, 0.00178714341018, -0.0024011565838], [-1.27985426701e-08, -0.000281866028672, -8.93181641004e-05, 0.00118461903185, -0.00307411258109, -0.00310195423663, 0.0121975950897, -0.00316200661473, -0.0023740157485, 0.000742920557968, 0.0023509892635, -0.00266823009588, 0.000847687886562], [1.08410335997e-06, 0.000867633323651, -0.0004271530197, -0.00178361649159, 0.00122353539336, 0.000384106067941, -0.00316200661473, 0.0117484256625, -0.00235317414626, 0.000936768017709, -0.00320702022873, 0.00163501163479, -0.000460447219666], [0.000151978150825, -0.000574314035475, 0.000903800479136, -0.000169645718415, 0.000615524302702, 0.000374738971004, -0.0023740157485, -0.00235317414626, 0.016508763656, -0.00694081094116, 0.00101587525569, -0.00374284456484, 0.00338409328833], [6.75969249642e-06, -1.53849596245e-05, -8.65952315507e-05, 0.00132276653312, -0.0012192473514, 0.00241926964372, 0.000742920557968, 0.000936768017709, -0.00694081094116, 0.0142153780907, -0.00407077092677, 0.00210013706237, -0.00272823846899], [8.95675111678e-05, -0.000475352717331, -0.000434627436334, -0.00124915072229, 0.0012452704832, -0.00051186804194, 0.0023509892635, -0.00320702022873, 0.00101587525569, -0.00407077092677, 0.0159355476499, -0.00576367089525, 0.00421879487112], [-0.000192583465832, 0.000681643665303, -0.000151762578753, -0.000157966656843, -0.0011010915041, 0.00178714341018, -0.00266823009588, 0.00163501163479, -0.00374284456484, 0.00210013706237, -0.00576367089525, 0.0247033443302, -0.0133233945817], [0.000157649134053, -0.000480842893012, -0.000478280824609, -0.000801731832325, -0.000258920103079, -0.0024011565838, 0.000847687886562, -0.000460447219666, 0.00338409328833, -0.00272823846899, 0.00421879487112, -0.0133233945817, 0.0215095411986]], "cov": [[10746.09375, 1590.90039062, -1344.34912109, 1133.19482422, -544.294494629, 391.070343018, -122.205589294, 41.8118019104, -62.1139144897, -242.085418701, 64.0804901123, -22.7507629395, -35.6301383972], [1590.90039062, 1490.99145508, -124.438674927, -184.798904419, -1.9650028944, 57.2886352539, 34.3995628357, -131.422698975, 35.703086853, 31.0639076233, -14.7081642151, -22.2944412231, 1.61648988724], [-1344.34912109, -124.438674927, 654.88873291, -210.357620239, 180.717437744, -112.772407532, 34.9554100037, -13.8939037323, -7.96304988861, 54.0823516846, -4.39247179031, 23.2306880951, 25.0674171448], [1133.19482422, -184.798904419, -210.357620239, 659.989990234, -168.18888855, 98.1556549072, -66.9737167358, 120.151916504, -30.5802268982, -95.6800384521, 63.3776512146, 9.57554531097, 7.80604171753], [-544.294494629, -1.9650028944, 180.717437744, -168.18888855, 268.244354248, 23.3090572357, 91.1508483887, -37.028465271, 3.49191188812, 26.203081131, -39.0600128174, 22.4079799652, 27.4560604095], [391.070343018, 57.2886352539, -112.772407532, 98.1556549072, 23.3090572357, 186.266860962, 48.498840332, 8.86783790588, -15.0191297531, -50.5806732178, -13.0650138855, 2.99366760254, 19.2821102142], [-122.205589294, 34.3995628357, 34.9554100037, -66.9737167358, 91.1508483887, 48.498840332, 138.855789185, 10.0047922134, 19.5015621185, 0.620019853115, -25.1194915771, 17.2799797058, 13.8395681381], [41.8118019104, -131.422698975, -13.8939037323, 120.151916504, -37.028465271, 8.86783790588, 10.0047922134, 130.294494629, 13.1230154037, -11.0516014099, 31.2371177673, 2.89281630516, -3.93705129623], [-62.1139144897, 35.703086853, -7.96304988861, -30.5802268982, 3.49191188812, -15.0191297531, 19.5015621185, 13.1230154037, 90.4169769287, 48.061920166, 9.31936359406, 9.01714706421, -6.55738973618], [-242.085418701, 31.0639076233, 54.0823516846, -95.6800384521, 26.203081131, -50.5806732178, 0.620019853115, -11.0516014099, 48.061920166, 119.796112061, 19.224855423, 4.96817588806, 1.45284175873], [64.0804901123, -14.7081642151, -4.39247179031, 63.3776512146, -39.0600128174, -13.0650138855, -25.1194915771, 31.2371177673, 9.31936359406, 19.224855423, 90.2829742432, 12.2661027908, -7.94151687622], [-22.7507629395, -22.2944412231, 23.2306880951, 9.57554531097, 22.4079799652, 2.99366760254, 17.2799797058, 2.89281630516, 9.01714706421, 4.96817588806, 12.2661027908, 68.9959945679, 40.0696868896], [-35.6301383972, 1.61648988724, 25.0674171448, 7.80604171753, 27.4560604095, 19.2821102142, 13.8395681381, -3.93705129623, -6.55738973618, 1.45284175873, -7.94151687622, 40.0696868896, 77.0833816528]]}, "spectral_energy": {"min": 2.60740192458e-12, "max": 0.186167255044, "dvar2": 0.000365559826605, "median": 0.0362330116332, "dmean2": 0.0183239709586, "dmean": 0.0117363799363, "var": 0.000507099553943, "dvar": 0.000152694439748, "mean": 0.0384582430124}, "melbands_spread": {"min": 0.127070277929, "max": 135.003479004, "dvar2": 129.64239502, "median": 21.1747550964, "dmean2": 10.1078166962, "dmean": 6.66086816788, "var": 212.88609314, "dvar": 65.7574920654, "mean": 23.5417804718}, "erbbands_flatness_db": {"min": 0.0200962647796, "max": 0.398429751396, "dvar2": 0.000821278372314, "median": 0.163840204477, "dmean2": 0.0341596752405, "dmean": 0.0218554064631, "var": 0.00190959393512, "dvar": 0.000331771589117, "mean": 0.167281866074}, "spectral_contrast_valleys": {"min": [-26.781036377, -27.7525730133, -27.4444713593, -27.2140235901, -27.3847999573, -27.2829971313], "max": [-5.30869626999, -4.79517316818, -5.20005321503, -5.57068538666, -5.27852106094, -8.85697555542], "dvar2": [0.292398005724, 0.228660151362, 0.171037614346, 0.136976748705, 0.237347409129, 0.837422847748], "median": [-6.74141597748, -6.28783226013, -6.62520122528, -7.04212760925, -7.59377384186, -11.21504879], "dmean2": [0.674065887928, 0.568134188652, 0.467798024416, 0.414025336504, 0.472706735134, 1.08411157131], "dmean": [0.396541595459, 0.349503695965, 0.298702836037, 0.278392463923, 0.348823934793, 0.675042808056], "var": [3.35027360916, 2.51537919044, 2.30882501602, 2.50132107735, 2.5593855381, 1.74558150768], "dvar": [0.118710711598, 0.102844841778, 0.0837484300137, 0.074939802289, 0.129760399461, 0.305735975504], "mean": [-7.13314819336, -6.5913233757, -6.91101455688, -7.36357212067, -7.86043262482, -11.4299507141]}, "barkbands_flatness_db": {"min": 0.0403227321804, "max": 0.653579950333, "dvar2": 0.00104860938154, "median": 0.131601214409, "dmean2": 0.0372579097748, "dmean": 0.023884376511, "var": 0.00521073210984, "dvar": 0.000447954778792, "mean": 0.144111409783}, "zerocrossingrate": {"min": 0.09423828125, "max": 0.99951171875, "dvar2": 0.00157878932077, "median": 0.2880859375, "dmean2": 0.0451488234103, "dmean": 0.0349775962532, "var": 0.0134389251471, "dvar": 0.00103455467615, "mean": 0.307309508324}, "spectral_skewness": {"min": -0.0120930019766, "max": 9.83531665802, "dvar2": 0.537232160568, "median": 2.65822458267, "dmean2": 0.584258198738, "dmean": 0.391997516155, "var": 1.00018882751, "dvar": 0.211622