{"lowlevel": {"spectral_complexity": {"min": 0, "max": 60, "dvar2": 27.5150032043, "median": 23, "dmean2": 5.35979747772, "dmean": 3.73458790779, "var": 97.914642334, "dvar": 15.6256217957, "mean": 22.6615200043}, "silence_rate_20dB": {"min": 1, "max": 1, "dvar2": 0, "median": 1, "dmean2": 0, "dmean": 0, "var": 0, "dvar": 0, "mean": 1}, "average_loudness": 0.932482302189, "erbbands_spread": {"min": 3.69200563431, "max": 115.060340881, "dvar2": 94.8881072998, "median": 29.3560447693, "dmean2": 9.26799678802, "dmean": 6.16310405731, "var": 191.908065796, "dvar": 43.2023429871, "mean": 31.338973999}, "spectral_kurtosis": {"min": -1.27269816399, "max": 38.9611206055, "dvar2": 13.6738128662, "median": 4.14122676849, "dmean2": 2.89443302155, "dmean": 1.71836304665, "var": 10.0122299194, "dvar": 4.66779375076, "mean": 4.6203660965}, "barkbands_kurtosis": {"min": -1.86151814461, "max": 28.2740936279, "dvar2": 5.11141490936, "median": -0.39452239871, "dmean2": 1.44472074509, "dmean": 0.920964539051, "var": 5.75920248032, "dvar": 2.260617733, "mean": 0.351913124323}, "spectral_strongpeak": {"min": 0, "max": 12.2430009842, "dvar2": 3.85016012192, "median": 0.477573215961, "dmean2": 1.28321766853, "dmean": 0.750801205635, "var": 2.89945197105, "dvar": 1.48124945164, "mean": 1.30866861343}, "spectral_spread": {"min": 1183522, "max": 44177800, "dvar2": 1185805631490.0, "median": 3687181, "dmean2": 711925.375, "dmean": 509093.96875, "var": 26042880229400.0, "dvar": 630030401536, "mean": 4606352}, "spectral_rms": {"min": 3.09507259232e-12, "max": 0.00773524772376, "dvar2": 5.10114148256e-07, "median": 0.00455588381737, "dmean2": 0.000730802887119, "dmean": 0.000486164441099, "var": 2.36000187215e-06, "dvar": 2.45048738634e-07, "mean": 0.00426687253639}, "dynamic_complexity": 3.18797850609, "erbbands": {"min": [7.9269256041e-23, 5.50587349443e-22, 2.67718641035e-21, 3.63316587013e-21, 1.08565306667e-20, 1.460068293e-20, 3.99857137092e-20, 6.03009367425e-20, 7.77848465549e-20, 1.36649022272e-19, 1.74025113627e-19, 4.07304664199e-19, 4.9022771115e-19, 7.96144175585e-19, 8.39603883077e-19, 8.53245849136e-19, 1.36083670173e-18, 1.53791239283e-18, 2.54311157899e-18, 3.14213096318e-18, 2.87667319498e-18, 4.11006069966e-18, 3.95853734146e-18, 5.72214389648e-18, 7.62087205891e-18, 8.21210767354e-18, 8.70136432635e-18, 8.78424865091e-18, 1.00407517178e-17, 9.68150386906e-18, 1.06965008028e-17, 1.02918870605e-17, 9.19296355466e-18, 7.02012883032e-18, 5.43521479432e-18, 4.15701519354e-18, 2.25245333983e-18, 8.95015523239e-19, 2.33678031908e-19, 2.76312962781e-20], "max": [0.364627718925, 3.09147572517, 24.9462127686, 45.3224601746, 71.907875061, 114.998008728, 204.789047241, 240.367477417, 727.021362305, 512.272216797, 833.392272949, 740.119567871, 630.024597168, 910.94934082, 993.99621582, 1588.43688965, 893.719299316, 674.438781738, 1145.0078125, 1319.59680176, 1702.20605469, 924.029724121, 486.948822021, 594.595092773, 535.532714844, 248.687805176, 238.703704834, 510.053375244, 606.073303223, 189.554122925, 188.0103302, 176.939880371, 70.0061187744, 46.0769882202, 55.2509460449, 2.7970123291, 0.374561131001, 0.0866877436638, 0.00307858083397, 0.000524039845914], "dvar2": [0.00192547764163, 0.152899131179, 5.60112142563, 22.7165355682, 27.9590587616, 150.150863647, 280.300598145, 242.920120239, 855.325500488, 870.340148926, 3415.45751953, 2930.84423828, 1985.37670898, 4271.14648438, 7357.62158203, 6213.35449219, 4028.7644043, 3627.27539063, 6547.44726563, 6837.26464844, 5487.70410156, 4698.22363281, 2471.55126953, 606.642700195, 925.286437988, 516.972839355, 148.822570801, 460.704437256, 2977.74560547, 193.632095337, 260.241882324, 75.8218154907, 18.8487148285, 8.99196910858, 25.4338912964, 0.0578913390636, 0.00179026531987, 3.85357670893e-05, 3.76774629274e-08, 8.42152680924e-10], "median": [0.00704081170261, 0.21972027421, 1.46072530746, 3.18557596207, 2.16418814659, 2.06758356094, 3.00732755661, 3.28727054596, 4.18574905396, 6.63155412674, 10.7115516663, 13.2324762344, 14.4432296753, 12.9036979675, 11.9937000275, 13.947309494, 12.5309734344, 12.6049232483, 25.2111682892, 27.3623638153, 22.1349716187, 31.1881980896, 26.856590271, 14.2501049042, 14.2945728302, 9.00739860535, 3.71588468552, 2.74508595467, 3.49257659912, 1.85463857651, 1.56323361397, 0.58263528347, 0.386577636003, 0.328804582357, 0.191063567996, 0.0173954516649, 0.00181266199797, 0.000212365979678, 2.43733284151e-05, 2.94305391435e-05], "dmean2": [0.0218744464219, 0.314066410065, 1.82968473434, 3.61477422714, 3.19518637657, 6.1362528801, 8.14745998383, 7.2322678566, 9.72392177582, 14.7220830917, 27.1202144623, 23.8951511383, 21.6684818268, 30.8920078278, 31.3668670654, 27.4227695465, 27.6271362305, 29.6393737793, 44.2490692139, 42.9625740051, 35.999710083, 40.4541397095, 33.2749023438, 14.4468793869, 16.5476741791, 13.4906759262, 5.84814453125, 8.11481571198, 18.2589321136, 5.13185119629, 6.15785694122, 2.16319489479, 1.26910090446, 1.13291633129, 1.65367650986, 0.0895595550537, 0.0148468185216, 0.00182054541074, 5.50454533368e-05, 1.32805653266e-05], "dmean": [0.0151476785541, 0.185749664903, 1.08322429657, 2.11712670326, 1.88254189491, 3.6805627346, 5.15370082855, 4.64439868927, 6.11794471741, 9.20433712006, 17.1697998047, 15.0971107483, 13.6596221924, 19.7168502808, 20.0257034302, 17.384349823, 17.3347854614, 18.5733776093, 28.5269927979, 28.0582695007, 24.1187534332, 26.0967998505, 21.5869865417, 9.51874637604, 11.1417751312, 9.23370552063, 4.06094360352, 5.57663202286, 11.7238454819, 3.57546639442, 4.12862157822, 1.50844860077, 0.884608745575, 0.791547834873, 1.11095011234, 0.062298361212, 0.00997883826494, 0.00116958760191, 3.6888395698e-05, 9.09537448024e-06], "var": [0.00213042483665, 0.156836315989, 9.79050636292, 18.6730594635, 17.2698707581, 82.5230178833, 215.719360352, 216.755508423, 643.217590332, 650.965515137, 2845.35742188, 1760.25427246, 1740.7154541, 4150.71435547, 6611.98486328, 5973.26220703, 3478.76342773, 3886.17236328, 8105.95898438, 7258.00341797, 9969.04003906, 5438.49023438, 3503.78271484, 728.743286133, 1184.9831543, 907.765014648, 158.849945068, 326.652313232, 1438.2052002, 142.968780518, 171.665924072, 43.0693969727, 11.9114542007, 6.52837514877, 13.5280389786, 0.0338610708714, 0.000855243240949, 1.40236579682e-05, 1.49014773854e-08, 5.69858771282e-10], "dvar": [0.00109486980364, 0.0562737733126, 2.1850810051, 8.28782939911, 10.5788621902, 58.1096153259, 116.016456604, 106.003250122, 323.187713623, 369.942443848, 1442.15478516, 1185.81958008, 766.908996582, 1759.96435547, 2912.99414063, 2473.29760742, 1543.64416504, 1389.37353516, 2758.61621094, 3040.43530273, 2443.19702148, 1936.2722168, 1065.38293457, 260.629974365, 412.095611572, 250.484832764, 73.2534255981, 221.359909058, 1262.16918945, 93.7491760254, 116.81955719, 33.8516769409, 8.58848381042, 4.11883115768, 11.2111167908, 0.0258092489094, 0.000761957839131, 1.53825312736e-05, 1.51827777017e-08, 3.54239748646e-10], "mean": [0.023687845096, 0.369341135025, 2.67880535126, 4.29180812836, 3.29825901985, 5.20231866837, 8.46195220947, 8.13787460327, 11.1612195969, 15.0051231384, 27.4579792023, 25.1192531586, 27.5662021637, 36.5461082458, 37.2571258545, 33.6589355469, 31.8197536469, 37.3120956421, 58.8541526794, 55.7609672546, 56.1434783936, 57.7460403442, 49.8641929626, 23.22306633, 25.4691028595, 22.0010185242, 8.02590656281, 8.30812931061, 14.5880298615, 5.49174880981, 5.94394540787, 2.07428741455, 1.37637245655, 1.20887565613, 1.35394835472, 0.081961043179, 0.0113432155922, 0.00122299639042, 5.34190730832e-05, 3.13523851219e-05]}, "spectral_contrast_coeffs": {"min": [-0.980208516121, -0.977685749531, -0.977286875248, -0.970133960247, -0.967355430126, -0.966348588467], "max": [-0.332142233849, -0.359603106976, -0.446156680584, -0.499623954296, -0.532897233963, -0.593871414661], "dvar2": [0.00458191335201, 0.00375884445384, 0.00235623703338, 0.00181812583469, 0.000977999530733, 0.000704497098923], "median": [-0.620460450649, -0.745459020138, -0.757645368576, -0.748139560223, -0.747995734215, -0.752178430557], "dmean2": [0.0855711475015, 0.0750389248133, 0.0597967803478, 0.0522277355194, 0.037787720561, 0.0301425326616], "dmean": [0.050744060427, 0.0462291873991, 0.0368914119899, 0.0324581488967, 0.0247654467821, 0.0191805083305], "var": [0.00774046452716, 0.00633586104959, 0.00517393648624, 0.00478902924806, 0.00447988742962, 0.00230853981338], "dvar": [0.00169681094121, 0.00146407808643, 0.000938668381423, 0.000752481806558, 0.000474337080959, 0.000304922898067], "mean": [-0.626536726952, -0.743380308151, -0.75412940979, -0.745177924633, -0.745639204979, -0.753497302532]}, "dissonance": {"min": 0.325225561857, "max": 0.499999940395, "dvar2": 0.000483025272842, "median": 0.477608561516, "dmean2": 0.0225951075554, "dmean": 0.0134200109169, "var": 0.000376675016014, "dvar": 0.00017843185924, "mean": 0.473188996315}, "spectral_energyband_high": {"min": 6.88660494811e-21, "max": 0.0235834382474, "dvar2": 4.23042683906e-06, "median": 0.000483108859044, "dmean2": 0.000903975276742, "dmean": 0.000652912654914, "var": 3.74563273908e-06, "dvar": 2.13769862967e-06, "mean": 0.00111810839735}, "gfcc": {"mean": [-29.1490039825, 89.315574646, -146.530899048, 37.9616699219, -55.4986000061, 16.9780006409, -41.3016891479, 13.3482637405, -22.2726516724, -4.69989824295, -18.5873718262, -8.15458965302, -9.61828517914], "icov": [[0.000147922663018, -0.000303833017824, 0.000395075388951, -0.000468246318633, 0.000506857410073, -0.000258507061517, 0.000215276464587, -0.000375508097932, 0.000436345057096, -0.000185348733794, 0.000391780689824, -0.000293269811664, 0.000223044175073], [-0.000303833017824, 0.00189921748824, -0.00056577421492, 0.00103428389411, -0.00169256818481, 0.000439151568571, -0.000236299805692, 0.000403154757805, -0.00124223611783, 0.00185772322584, -0.0012525760103, 0.0017382678343, 0.000112863104732], [0.000395075388951, -0.00056577421492, 0.00237205903977, -0.00147390319034, 0.000779761176091, -0.000899973034393, -3.615677997e-06, -0.000906519067939, 0.000503431248944, -0.000679248187225, 0.00220620073378, -0.00192711199634, 0.00106769648846], [-0.000468246318633, 0.00103428389411, -0.00147390319034, 0.00562194176018, -0.00204036897048, 0.000160210372997, 0.00147678749636, -0.000575518410187, -0.00138935167342, 0.00186505494639, -0.00101363158319, 0.00150477350689, -0.00223013735376], [0.000506857410073, -0.00169256818481, 0.000779761176091, -0.00204036897048, 0.00756364921108, -0.000511390331667, -0.0020766153466, -0.000591969117522, -0.000659403798636, 3.77694013878e-05, -0.000653743278235, -0.000165799458046, -0.00146897241939], [-0.000258507061517, 0.000439151568571, -0.000899973034393, 0.000160210372997, -0.000511390331667, 0.00616719573736, -0.00258010928519, 0.000598935293965, 0.00219100760296, -0.00179813033901, 0.00123732816428, -0.000493157363962, 0.000792278442532], [0.000215276464587, -0.000236299805692, -3.615677997e-06, 0.00147678749636, -0.0020766153466, -0.00258010928519, 0.00974328350276, -0.00188340456225, -0.000449186161859, 0.0020906990394, -0.00240707118064, 0.00194746896159, 0.00162935024127], [-0.000375508097932, 0.000403154757805, -0.000906519067939, -0.000575518410187, -0.000591969117522, 0.000598935293965, -0.00188340456225, 0.0105057116598, -0.00350629142486, -0.0013392274268, 0.00121302984189, 0.00112898473162, -0.00154053559527], [0.000436345057096, -0.00124223611783, 0.000503431248944, -0.00138935167342, -0.000659403798636, 0.00219100760296, -0.000449186161859, -0.00350629142486, 0.0153540465981, -0.00423821387812, 0.00224679429084, -0.00065727630863, 0.000654904171824], [-0.000185348733794, 0.00185772322584, -0.000679248187225, 0.00186505494639, 3.77694013878e-05, -0.00179813033901, 0.0020906990394, -0.0013392274268, -0.00423821387812, 0.0182416364551, -0.0047457460314, -0.00258269067854, 0.00389543129131], [0.000391780689824, -0.0012525760103, 0.00220620073378, -0.00101363158319, -0.000653743278235, 0.00123732816428, -0.00240707118064, 0.00121302984189, 0.00224679429084, -0.0047457460314, 0.0137329231948, -0.00252624694258, -0.00150675070472], [-0.000293269811664, 0.0017382678343, -0.00192711199634, 0.00150477350689, -0.000165799458046, -0.000493157363962, 0.00194746896159, 0.00112898473162, -0.00065727630863, -0.00258269067854, -0.00252624694258, 0.0158982817084, -0.00426190486178], [0.000223044175073, 0.000112863104732, 0.00106769648846, -0.00223013735376, -0.00146897241939, 0.000792278442532, 0.00162935024127, -0.00154053559527, 0.000654904171824, 0.00389543129131, -0.00150675070472, -0.00426190486178, 0.015207647346]], "cov": [[37080.5195313, 1344.64416504, -3146.43334961, 1347.74414063, -1930.14941406, 611.047912598, -1285.99572754, 505.524475098, -727.727233887, -80.505279541, -688.026000977, -56.7257537842, -196.667770386], [1344.64416504, 1355.421875, -324.777038574, -19.8919944763, 282.667907715, -104.817016602, 136.014724731, 22.6594161987, 54.030330658, -151.730636597, 85.2796783447, -187.503311157, 3.03284096718], [-3146.43334961, -324.777038574, 1089.93273926, 35.4758491516, 53.1916770935, 96.3721847534, 54.1024169922, 26.3545475006, 59.0939331055, 52.0189476013, -88.9445648193, 91.3724746704, -24.846321106], [1347.74414063, -19.8919944763, 35.4758491516, 338.966766357, -20.9100418091, 8.30996894836, -87.0992736816, 60.399433136, -2.655823946, -23.090013504, -44.8127670288, 6.48748540878, 44.0027580261], [-1930.14941406, 282.667907715, 53.1916770935, -20.9100418091, 372.641174316, -64.8258895874, 152.517333984, -3.86629152298, 73.0120010376, -46.2327690125, 88.6309585571, -53.0527420044, 44.6617507935], [611.047912598, -104.817016602, 96.3721847534, 8.30996894836, -64.8258895874, 252.952758789, 18.2571353912, 5.21590423584, -47.2705612183, 31.5622234344, -46.2386322021, 23.6700973511, -38.5959892273], [-1285.99572754, 136.014724731, 54.1024169922, -87.0992736816, 152.517333984, 18.2571353912, 215.256881714, -0.148195907474, 32.7504310608, -21.1141204834, 55.3472671509, -44.2014083862, -10.9215488434], [505.524475098, 22.6594161987, 26.3545475006, 60.399433136, -3.86629152298, 5.21590423584, -0.148195907474, 131.305053711, 25.9800548553, 4.69237089157, -27.5441226959, -5.95828771591, 5.37685203552], [-727.727233887, 54.030330658, 59.0939331055, -2.655823946, 73.0120010376, -47.2705612183, 32.7504310608, 25.9800548553, 104.466278076, 7.52059316635, 11.680311203, -9.3434753418, 6.48570728302], [-80.505279541, -151.730636597, 52.0189476013, -23.090013504, -46.2327690125, 31.5622234344, -21.1141204834, 4.69237089157, 7.52059316635, 92.341468811, 4.30301713943, 36.6056098938, -21.3961372375], [-688.026000977, 85.2796783447, -88.9445648193, -44.8127670288, 88.6309585571, -46.2386322021, 55.3472671509, -27.5441226959, 11.680311203, 4.30301713943, 132.536178589, -5.95411348343, 21.2387542725], [-56.7257537842, -187.503311157, 91.3724746704, 6.48748540878, -53.0527420044, 23.6700973511, -44.2014083862, -5.95828771591, -9.3434753418, 36.6056098938, -5.95411348343, 107.495681763, 15.0955781937], [-196.667770386, 3.03284096718, -24.846321106, 44.0027580261, 44.6617507935, -38.5959892273, -10.9215488434, 5.37685203552, 6.48570728302, -21.3961372375, 21.2387542725, 15.0955781937, 96.3912963867]]}, "spectral_flux": {"min": 6.44747866207e-11, "max": 0.216945275664, "dvar2": 0.000591802003328, "median": 0.0741178542376, "dmean2": 0.0257761161774, "dmean": 0.0172687955201, "var": 0.00138010655064, "dvar": 0.000280707405182, "mean": 0.0747267007828}, "silence_rate_30dB": {"min": 1, "max": 1, "dvar2": 0, "median": 1, "dmean2": 0, "dmean": 0, "var": 0, "dvar": 0, "mean": 1}, "spectral_energyband_middle_high": {"min": 1.16490718794e-21, "max": 0.0555785857141, "dvar2": 2.4117050998e-05, "median": 0.00654959306121, "dmean2": 0.00351254921407, "dmean": 0.00242560449988, "var": 6.05428904237e-05, "dvar": 1.07249670691e-05, "mean": 0.00886569265276}, "barkbands_spread": {"min": 2.75625920296, "max": 93.0934295654, "dvar2": 85.516998291, "median": 27.6243247986, "dmean2": 8.56809711456, "dmean": 5.68566417694, "var": 158.246520996, "dvar": 42.5509529114, "mean": 28.8431816101}, "spectral_centroid": {"min": 275.274017334, "max": 12066.9326172, "dvar2": 175960.640625, "median": 1847.30883789, "dmean2": 368.45135498, "dmean": 253.130233765, "var": 1881726.625, "dvar": 89274.828125, "mean": 1985.16101074}, "pitch_salience": {"min": 0.159815683961, "max": 0.821603238583, "dvar2": 0.00652619637549, "median": 0.565387964249, "dmean2": 0.0946547985077, "dmean": 0.0600786097348, "var": 0.0106494743377, "dvar": 0.00280766934156, "mean": 0.565639674664}, "erbbands_skewness": {"min": -3.08322286606, "max": 2.93450331688, "dvar2": 0.179672241211, "median": -0.1866620332, "dmean2": 0.471196323633, "dmean": 0.30950704217, "var": 0.489630669355, "dvar": 0.0787064731121, "mean": -0.26157528162}, "erbbands_crest": {"min": 2.52473497391, "max": 27.7407665253, "dvar2": 11.8056592941, "median": 7.59736156464, "dmean2": 3.71857047081, "dmean": 2.2832069397, "var": 12.8827199936, "dvar": 4.67491769791, "mean": 8.39120101929}, "melbands": {"min": [7.14794804134e-25, 1.34569010948e-24, 6.11615594124e-25, 9.74360363792e-25, 1.74120080849e-24, 1.61884956677e-24, 1.27146243982e-24, 1.66192600676e-24, 1.62033252667e-24, 2.28021270173e-24, 2.17473332124e-24, 3.14260826231e-24, 2.17627199443e-24, 1.70462093388e-24, 2.29987210157e-24, 2.68703596195e-24, 2.51352640028e-24, 2.5669819818e-24, 3.70862049776e-24, 4.17650100039e-24, 2.57173013559e-24, 3.55635614355e-24, 3.20984899093e-24, 3.94171114588e-24, 4.40189039393e-24, 4.59819566918e-24, 3.96611653013e-24, 4.69947988738e-24, 4.85832728584e-24, 4.78102601688e-24, 3.56415561132e-24, 4.89842508565e-24, 5.10787909447e-24, 4.82301826615e-24, 5.24900670485e-24, 5.76719523399e-24, 6.00046140366e-24, 5.6340343299e-24, 6.61131900106e-24, 4.90502035725e-24], "max": [0.00333422771655, 0.00941016618162, 0.00628724927083, 0.00631576264277, 0.00561597989872, 0.00512342667207, 0.0101599367335, 0.00879346206784, 0.00554325059056, 0.00473809521645, 0.00319710746408, 0.00334710534662, 0.00410273764282, 0.00661498121917, 0.00286466674879, 0.00245972233824, 0.00157321977895, 0.00221893656999, 0.00175490533002, 0.0011662960751, 0.00207572081126, 0.00110980146565, 0.000670754001476, 0.00049796293024, 0.000536059844308, 0.000557336432394, 0.000280663050944, 0.000222445480176, 0.000157433954882, 0.000162101176102, 0.000322832667734, 0.000401801808039, 0.000173234890099, 9.95125592453e-05, 0.000130015294417, 0.000148458799231, 0.000100616955024, 5.44751273992e-05, 3.86421343137e-05, 4.03436060878e-05], "dvar2": [1.41901438155e-07, 8.6002256694e-07, 5.56322220291e-07, 3.32178615281e-07, 3.2767067637e-07, 1.18198016708e-07, 1.58372657211e-07, 1.78013678465e-07, 2.06939276381e-07, 1.02220099052e-07, 5.34738013869e-08, 7.21664363823e-08, 1.13134248636e-07, 1.36920675686e-07, 3.83879630306e-08, 1.86554345305e-08, 1.76155392495e-08, 2.22419700435e-08, 2.20865139511e-08, 6.86749812573e-09, 9.65225765981e-09, 6.01635985475e-09, 3.64695140753e-09, 2.37486341703e-09, 4.62632349096e-10, 6.5621735823e-10, 6.05170136225e-10, 2.54260307253e-10, 7.39255393012e-11, 8.35159996715e-11, 1.92920970865e-10, 1.44010836589e-09, 1.78875400603e-10, 5.12494456595e-11, 1.56456916867e-10, 4.00068311812e-11, 2.56745926602e-11, 1.13920305481e-11, 5.21643145346e-12, 7.43609254034e-12], "median": [0.000126103652292, 0.000661461148411, 0.000556022278033, 0.000148491730215, 0.000112649286166, 7.39400857128e-05, 5.88226721447e-05, 7.86711461842e-05, 8.98052239791e-05, 8.59870488057e-05, 6.94616755936e-05, 5.03401133756e-05, 3.79798329959e-05, 3.00509018416e-05, 3.20475010085e-05, 1.88938429346e-05, 2.13547937165e-05, 3.52357310476e-05, 3.91755093005e-05, 2.3051386961e-05, 2.47560819844e-05, 3.05853245663e-05, 2.73517471214e-05, 1.66906429513e-05, 8.69344694365e-06, 9.522849723e-06, 8.2329434008e-06, 5.13283430337e-06, 2.18890545511e-06, 1.18671846394e-06, 1.46883871821e-06, 2.09450854527e-06, 1.12893530968e-06, 8.81597202351e-07, 1.04747505247e-06, 3.96578400341e-07, 2.80095548533e-07, 2.57122223957e-07, 2.32563309055e-07, 2.35672388271e-07], "dmean2": [0.00024609133834, 0.000743071374018, 0.000569442287087, 0.000300145911751, 0.000291868374916, 0.000163643970154, 0.000141100972542, 0.000204278781894, 0.000215225634747, 0.00015127142251, 0.000112578833068, 0.000131237437017, 0.000111185734568, 0.000101547469967, 7.84363364801e-05, 5.4375948821e-05, 6.2943508965e-05, 8.00216657808e-05, 7.67447199905e-05, 4.29046922363e-05, 4.69129954581e-05, 4.46935518994e-05, 3.690968515e-05, 3.04517488985e-05, 1.21613702504e-05, 1.21274279081e-05, 1.35944637805e-05, 9.13365965971e-06, 4.27951908932e-06, 3.76973707716e-06, 5.02295551996e-06, 1.26245649881e-05, 4.7058151722e-06, 2.57770784629e-06, 4.83833946419e-06, 1.58605610068e-06, 1.24921018596e-06, 9.86063923847e-07, 7.26507892068e-07, 1.00862098407e-06], "dmean": [0.000157878996106, 0.000437906419393, 0.000334499258315, 0.000178308328032, 0.000183991898666, 0.000104810882476, 8.88584108907e-05, 0.000127321167383, 0.000136453134473, 9.56526928348e-05, 7.08787702024e-05, 8.3535691374e-05, 7.12715045665e-05, 6.39797290205e-05, 4.90382553835e-05, 3.43326573784e-05, 3.94937924284e-05, 5.13216618856e-05, 4.93233710586e-05, 2.81943121081e-05, 3.16335972457e-05, 2.87750390271e-05, 2.37022941292e-05, 1.94491822185e-05, 7.80272694101e-06, 8.03784405434e-06, 9.18202749745e-06, 6.13525662629e-06, 2.88451951747e-06, 2.52923359767e-06, 3.39257121595e-06, 8.05027138995e-06, 3.08562493956e-06, 1.75528748514e-06, 3.17510489367e-06, 1.08147264655e-06, 8.57298459778e-07, 6.74834097936e-07, 5.01926194829e-07, 6.89734122261e-07], "var": [1.5299183076e-07, 1.38589064136e-06, 4.46778443575e-07, 1.8356865894e-07, 2.65117023446e-07, 1.08683728683e-07, 1.24653880107e-07, 1.38975210007e-07, 1.69165758734e-07, 6.59030447991e-08, 4.79466351067e-08, 6.94816648661e-08, 1.01482768855e-07, 1.19751348393e-07, 3.08702325924e-08, 1.40700429085e-08, 1.89640836368e-08, 2.61200092666e-08, 2.33016201889e-08, 7.79315190158e-09, 1.67118532346e-08, 6.04722893982e-09, 4.07691214122e-09, 2.92145085901e-09, 4.37641312079e-10, 6.13238404501e-10, 8.82832307258e-10, 3.9871059232e-10, 7.85550791083e-11, 6.20255721784e-11, 1.24110388633e-10, 6.92533641544e-10, 9.92483109585e-11, 3.38286447465e-11, 9.84999443121e-11, 2.25561947592e-11, 1.43740514283e-11, 6.89123150904e-12, 3.53317787354e-12, 5.09745934699e-12], "dvar": [7.15687633601e-08, 3.23443686057e-07, 2.02888955414e-07, 1.27783948756e-07, 1.34239101612e-07, 5.19248359865e-08, 6.10807049384e-08, 7.57276197305e-08, 8.59634425865e-08, 4.17582981527e-08, 2.05622399108e-08, 2.97155615669e-08, 4.59110935935e-08, 5.34165529587e-08, 1.46222358666e-08, 7.07996461458e-09, 6.78870204496e-09, 9.37419475378e-09, 9.23319909418e-09, 3.06486902524e-09, 4.33127222976e-09, 2.49217957382e-09, 1.56358748171e-09, 1.00364005995e-09, 1.94261787212e-10, 2.75706679709e-10, 2.73155137398e-10, 1.18975024277e-10, 3.43217294863e-11, 4.00145888646e-11, 8.95603452511e-11, 6.08907368971e-10, 7.84973613888e-11, 2.38481283332e-11, 6.84372628013e-11, 1.79939691619e-11, 1.14592849099e-11, 5.17338732617e-12, 2.3097834409e-12, 3.33048107322e-12], "mean": [0.000271694123512, 0.00108085910324, 0.000718858325854, 0.000276972539723, 0.000303316599457, 0.00018652252038, 0.000159332019393, 0.000202161900233, 0.00022117496701, 0.000160029885592, 0.000139877578476, 0.000150253879838, 0.000129493550048, 0.000110982902697, 8.47026603878e-05, 5.81037711527e-05, 7.26865691831e-05, 9.75599978119e-05, 9.15375567274e-05, 5.40366709174e-05, 6.82861136738e-05, 5.82479260629e-05, 4.97908658872e-05, 4.00647222705e-05, 1.5684081518e-05, 1.68340611708e-05, 1.95899465325e-05, 1.35924638016e-05, 5.42618317922e-06, 3.7001700548e-06, 4.82720588479e-06, 9.74570593826e-06, 4.09722815675e-06, 2.62995035882e-06, 4.41887959823e-06, 1.44208365782e-06, 1.12653754059e-06, 9.78124262474e-07, 8.39469748826e-07, 1.00418924376e-06]}, "barkbands_skewness": {"min": -2.44325733185, "max": 4.8271021843, "dvar2": 0.262814104557, "median": 0.447132259607, "dmean2": 0.53446406126, "dmean": 0.358169049025, "var": 0.812219083309, "dvar": 0.123431809247, "mean": 0.53074157238}, "spectral_entropy": {"min": 5.65946817398, "max": 9.82389640808, "dvar2": 0.0400614403188, "median": 7.59440612793, "dmean2": 0.197687730193, "dmean": 0.146353200078, "var": 0.227559521794, "dvar": 0.0226102154702, "mean": 7.63870859146}, "spectral_rolloff": {"min": 129.19921875, "max": 19767.4804688, "dvar2": 1571997.25, "median": 2153.3203125, "dmean2": 860.571716309, "dmean": 548.588989258, "var": 6587423, "dvar": 783222.125, "mean": 2577.35668945}, "barkbands": {"min": [1.27434784649e-25, 1.49424888819e-24, 9.21306509688e-25, 7.37215907389e-25, 4.4288126389e-24, 1.00829573999e-23, 5.09857369123e-24, 6.90848960938e-24, 1.55263035386e-23, 1.62973393428e-23, 1.75828970506e-23, 1.33149039625e-23, 2.94816631596e-23, 2.44384832811e-23, 4.82204039417e-23, 5.76150936124e-23, 6.82384246767e-23, 9.23501728149e-23, 1.20936882744e-22, 1.47939326472e-22, 2.52884572407e-22, 3.05880727647e-22, 3.97021248528e-22, 5.78944185305e-22, 7.11667546118e-22, 1.23219608914e-21, 1.83895982661e-21], "max": [0.000502738519572, 0.0131257940084, 0.0232673045248, 0.015287861228, 0.0272906310856, 0.0343657769263, 0.0426378175616, 0.0562871843576, 0.0287789870054, 0.0193196199834, 0.036063708365, 0.0442725792527, 0.0227969028056, 0.0175444446504, 0.0217099897563, 0.0246024597436, 0.0161276981235, 0.00754588330165, 0.0146602289751, 0.00521228741854, 0.00791530124843, 0.0122260553762, 0.00687523419037, 0.00589075218886, 0.00461916532367, 0.000271597557003, 2.30888254009e-05], "dvar2": [2.49434295441e-09, 2.22745734391e-06, 6.28478028375e-06, 3.53900850314e-06, 8.13484894024e-06, 3.64977267964e-06, 3.17808644468e-06, 8.35580613057e-06, 5.11723737873e-06, 2.89393051389e-06, 6.58043791191e-06, 6.69051814839e-06, 2.85088685814e-06, 2.49616755355e-06, 3.29652743858e-06, 1.52699999489e-06, 1.63327172231e-06, 7.15319288247e-07, 3.27736415784e-07, 2.52159537695e-07, 1.53034179107e-07, 1.14201156975e-06, 2.40116804662e-07, 1.02349751785e-07, 2.12719186266e-07, 5.59369328634e-10, 1.63696411027e-12], "median": [2.43247013714e-05, 0.00068748468766, 0.00156250421423, 0.00093773577828, 0.000601214240305, 0.000390925328247, 0.000264695263468, 0.000409332598792, 0.000677404343151, 0.000333937408868, 0.000220429705223, 0.000279316853266, 0.000279422965832, 0.000254951650277, 0.000553421268705, 0.000306970294332, 0.000523011549376, 0.000347344845068, 0.000261749431957, 0.000186384597328, 5.93924341956e-05, 8.38532214402e-05, 5.58237807127e-05, 2.40144854615e-05, 3.10820978484e-05, 1.2390773918e-06, 2.08793391465e-08], "dmean2": [3.07055124722e-05, 0.00113864743616, 0.00190783967264, 0.0013501055073, 0.0015357787488, 0.000889401650056, 0.000679321819916, 0.00132719520479, 0.00111453142017, 0.00083178083878, 0.000793917803094, 0.000803989532869, 0.000746823905502, 0.000781092967372, 0.00100251415279, 0.000627940520644, 0.000762741547078, 0.000563521985896, 0.000288755487418, 0.00029967163573, 0.000155825066031, 0.000374530267436, 0.000185410026461, 8.53470264701e-05, 0.000162656404427, 8.62414071889e-06, 2.70156277793e-07], "dmean": [1.95444354176e-05, 0.000699464580975, 0.0011298317695, 0.000786794698797, 0.0009328770102, 0.000572516815737, 0.000427517399658, 0.000833561993204, 0.000706230755895, 0.000521313399076, 0.000509047764353, 0.000507727265358, 0.000466718833195, 0.00049269059673, 0.000648693065159, 0.000408078136388, 0.000493452651426, 0.000360849837307, 0.000193878484424, 0.000204066323931, 0.000106856561615, 0.000246212090133, 0.000125526712509, 5.97196740273e-05, 0.000111169953016, 5.69390431338e-06, 1.58467855726e-07], "var": [2.17007234404e-09, 2.29551051234e-06, 8.6999616542e-06, 2.70199871011e-06, 5.40199607713e-06, 3.25501241605e-06, 2.43250633503e-06, 6.77635534885e-06, 3.50538971361e-06, 2.775788289e-06, 6.18690592091e-06, 5.95238088863e-06, 2.26053043662e-06, 2.75246043202e-06, 3.63707840734e-06, 2.54311976278e-06, 1.78450090971e-06, 8.92282571385e-07, 3.53372769268e-07, 4.2938646061e-07, 1.19221851946e-07, 6.26979328899e-07, 1.63915132134e-07, 6.15948891891e-08, 1.26369599229e-07, 2.65106048225e-10, 4.5025279078e-13], "dvar": [1.16336307254e-09, 9.34358865834e-07, 2.39844030148e-06, 1.26202610318e-06, 3.17080161949e-06, 1.60695435625e-06, 1.25474286961e-06, 3.55167821908e-06, 2.08888400266e-06, 1.1454972082e-06, 2.70495365839e-06, 2.63358106167e-06, 1.08376275421e-06, 9.79452011052e-07, 1.39348730954e-06, 6.60305374822e-07, 6.96267420608e-07, 3.04385451955e-07, 1.42829222227e-07, 1.19706513146e-07, 7.44546113651e-08, 5.02974387473e-07, 1.10288354449e-07, 4.64831941827e-08, 9.57673336188e-08, 2.36113267826e-10, 6.13460942201e-13], "mean": [3.90469467675e-05, 0.00127319083549, 0.00259928149171, 0.00144168827683, 0.00142540270463, 0.000995357637294, 0.000721721502487, 0.00127277430147, 0.00122068601195, 0.000930385314859, 0.000898321857676, 0.000881020270754, 0.000785916752648, 0.000901580380742, 0.00122742133681, 0.000871763681062, 0.00100985972676, 0.000758714159019, 0.000436556583736, 0.000470303668408, 0.000167392834555, 0.00032283179462, 0.000187165627722, 8.65980691742e-05, 0.000148684048327, 6.53874394629e-06, 1.41640711604e-07]}, "melbands_flatness_db": {"min": 0.00320138409734, "max": 0.373681724072, "dvar2": 0.000840696331579, "median": 0.146306246519, "dmean2": 0.0302595458925, "dmean": 0.0214499235153, "var": 0.00354609778151, "dvar": 0.000455085770227, "mean": 0.15328399837}, "melbands_skewness": {"min": -1.47673904896, "max": 8.10365867615, "dvar2": 0.429554581642, "median": 1.33210635185, "dmean2": 0.674233555794, "dmean": 0.447552382946, "var": 1.28930056095, "dvar": 0.195863157511, "mean": 1.5131124258}, "silence_rate_60dB": {"min": 0, "max": 1, "dvar2": 0.0124239120632, "median": 0, "dmean2": 0.0111003862694, "dmean": 0.00554952351376, "var": 0.0739855840802, "dvar": 0.00551845366135, "mean": 0.0804583802819}, "spectral_energyband_low": {"min": 1.27426153524e-23, "max": 0.0292580015957, "dvar2": 1.1560204257e-05, "median": 0.00395191367716, "dmean2": 0.00296097574756, "dmean": 0.00176878343336, "var": 1.67771104316e-05, "dvar": 4.41427846454e-06, "mean": 0.00481236679479}, "spectral_energyband_middle_low": {"min": 1.59852299966e-22, "max": 0.0571137592196, "dvar2": 2.92911281576e-05, "median": 0.00589264929295, "dmean2": 0.0041666245088, "dmean": 0.00265017827041, "var": 3.21188053931e-05, "dvar": 1.21701386888e-05, "mean": 0.00727446842939}, "melbands_kurtosis": {"min": -1.76092815399, "max": 82.3901519775, "dvar2": 30.6809921265, "median": 1.53301298618, "dmean2": 3.51614427567, "dmean": 2.27915096283, "var": 42.2199745178, "dvar": 13.5896520615, "mean": 3.68523740768}, "spectral_decrease": {"min": -1.53101957778e-08, "max": 1.92426798722e-28, "dvar2": 3.37191222477e-18, "median": -5.00321117869e-09, "dmean2": 1.71726077802e-09, "dmean": 1.09883024901e-09, "var": 7.00692620057e-18, "dvar": 1.46036720893e-18, "mean": -4.9364996535e-09}, "erbbands_kurtosis": {"min": -1.61410880089, "max": 19.3093395233, "dvar2": 2.23258829117, "median": 0.10554420948, "dmean2": 1.22188210487, "dmean": 0.777630150318, "var": 3.00215506554, "dvar": 0.964001297951, "mean": 0.584990441799}, "melbands_crest": {"min": 1.54003369808, "max": 30.793050766, "dvar2": 16.8974609375, "median": 11.3141698837, "dmean2": 4.73311138153, "dmean": 2.94269537926, "var": 30.6413898468, "dvar": 7.12708187103, "mean": 12.427819252}, "mfcc": {"mean": [-643.522888184, 109.313079834, -24.8523788452, 19.8571720123, 6.12815332413, 1.75931620598, -2.96303415298, 8.10795497894, 2.64867115021, 2.28057336807, 0.344367533922, -6.18027114868, -0.284501552582], "icov": [[8.86098496267e-05, -5.03480878251e-05, 2.33576902247e-05, -0.000143182405736, 0.000146006903378, -4.11374858231e-05, 0.000148537757923, -0.000116627430543, 9.39128824484e-07, 9.45252540987e-05, 3.63185718015e-05, 0.000195321350475, 8.95418124855e-05], [-5.03480878251e-05, 0.000901638588402, 0.000379562960006, -0.000168986909557, -0.000396380957682, 1.13842670544e-05, -0.000302523869323, -0.000847874965984, 2.93660268653e-05, -0.000297645310638, -0.000339021062246, -0.000192809951841, 0.000112955756777], [2.33576902247e-05, 0.000379562960006, 0.00219579646364, -0.000292982440442, 0.000241810077569, -0.0012749216985, 0.000745106372051, -0.000750308157876, -0.000940431840718, 0.00100256083533, -0.000278721563518, -0.000490454840474, 2.13805069507e-05], [-0.000143182405736, -0.000168986909557, -0.000292982440442, 0.00572764361277, -0.00312244403176, 0.0014181714505, 0.000409836618928, -0.000683305901475, -0.000398772681365, -0.000665850937366, 0.00160619593225, -0.000556036480702, -0.00123668753076], [0.000146006903378, -0.000396380957682, 0.000241810077569, -0.00312244403176, 0.00883391033858, -0.00118323869538, -0.000223384107812, 0.000973105954472, -0.00113146938384, -0.000532196136191, 0.00148293713573, 0.000268002331723, -0.00107893173117], [-4.11374858231e-05, 1.13842670544e-05, -0.0012749216985, 0.0014181714505, -0.00118323869538, 0.007615479175, -0.00211011036299, -0.00138549122494, 0.000360706355423, 0.00147364859004, -0.00176681554876, 0.000615293101873, 0.00119863264263], [0.000148537757923, -0.000302523869323, 0.000745106372051, 0.000409836618928, -0.000223384107812, -0.00211011036299, 0.00893123913556, -0.00323370005935, 0.00172582466621, -0.00334948371165, 0.00153830857016, 0.000128039391711, 0.000493381929118], [-0.000116627430543, -0.000847874965984, -0.000750308157876, -0.000683305901475, 0.000973105954472, -0.00138549122494, -0.00323370005935, 0.0151912616566, -0.00421441951767, -0.000869123323355, 0.000303622422507, 0.000889751245268, -0.00386258563958], [9.39128824484e-07, 2.93660268653e-05, -0.000940431840718, -0.000398772681365, -0.00113146938384, 0.000360706355423, 0.00172582466621, -0.00421441951767, 0.0110168550164, -0.00295978877693, 0.00203554145992, -0.0002709813416, -0.000319813058013], [9.45252540987e-05, -0.000297645310638, 0.00100256083533, -0.000665850937366, -0.000532196136191, 0.00147364859004, -0.00334948371165, -0.000869123323355, -0.00295978877693, 0.0154401566833, -0.00500976340845, 5.02756265632e-05, 0.00251689669676], [3.63185718015e-05, -0.000339021062246, -0.000278721563518, 0.00160619593225, 0.00148293713573, -0.00176681554876, 0.00153830857016, 0.000303622422507, 0.00203554145992, -0.00500976340845, 0.0131682017818, -0.00100123917218, -0.00191810692195], [0.000195321350475, -0.000192809951841, -0.000490454840474, -0.000556036480702, 0.000268002331723, 0.000615293101873, 0.000128039391711, 0.000889751245268, -0.0002709813416, 5.02756265632e-05, -0.00100123917218, 0.0147743849084, -0.00389976985753], [8.95418124855e-05, 0.000112955756777, 2.13805069507e-05, -0.00123668753076, -0.00107893173117, 0.00119863264263, 0.000493381929118, -0.00386258563958, -0.000319813058013, 0.00251689669676, -0.00191810692195, -0.00389976985753, 0.0152974333614]], "cov": [[13524.5576172, 800.95715332, -133.76675415, 348.931304932, -66.6275787354, -40.3909835815, -187.90725708, 126.191390991, 59.8772163391, -87.7786407471, -107.262496948, -185.878448486, -65.4351272583], [800.95715332, 1553.45983887, -313.558563232, 133.073608398, 109.110748291, -20.7433605194, 128.221405029, 121.814865112, 36.7770347595, 101.458061218, 17.5839347839, 0.855717599392, 17.4797515869], [-133.76675415, -313.558563232, 659.013061523, -2.47527694702, -17.0840625763, 98.9465789795, -67.286819458, 25.1033935547, 56.0581054688, -63.5268211365, 0.483402013779, 20.8909568787, 18.5383682251], [348.931304932, 133.073608398, -2.47527694702, 297.23336792, 113.770027161, -57.6765060425, -13.9719839096, 32.8246650696, 51.7547149658, 8.42091178894, -51.5003967285, 14.4943132401, 39.2239303589], [-66.6275787354, 109.110748291, -17.0840625763, 113.770027161, 170.034301758, -6.79941272736, 11.349237442, 16.6716785431, 34.1509628296, 11.6010313034, -30.2150974274, 6.41641283035, 21.8269462585], [-40.3909835815, -20.7433605194, 98.9465789795, -57.6765060425, -6.79941272736, 182.488327026, 39.7635421753, 21.0163879395, -5.64918470383, -7.99209976196, 23.9646167755, -9.70927429199, -13.4392337799], [-187.90725708, 128.221405029, -67.286819458, -13.9719839096, 11.349237442, 39.7635421753, 167.071975708, 39.1702537537, -7.29799032211, 43.475315094, 3.90442276001, -6.15703248978, -7.08129119873], [126.191390991, 121.814865112, 25.1033935547, 32.8246650696, 16.6716785431, 21.0163879395, 39.1702537537, 104.728172302, 44.0549354553, 17.8810558319, -3.25049567223, 0.892958164215, 23.4890670776], [59.8772163391, 36.7770347595, 56.0581054688, 51.7547149658, 34.1509628296, -5.64918470383, -7.29799032211, 44.0549354553, 127.813339233, 16.9794788361, -19.5420837402, 5.87185239792, 16.6191616058], [-87.7786407471, 101.458061218, -63.5268211365, 8.42091178894, 11.6010313034, -7.99209976196, 43.475315094, 17.8810558319, 16.9794788361, 96.0478820801, 25.383398056, -0.887068986893, -7.39982223511], [-107.262496948, 17.5839347839, 0.483402013779, -51.5003967285, -30.2150974274, 23.9646167755, 3.90442276001, -3.25049567223, -19.5420837402, 25.383398056, 102.555046082, 6.27293157578, 1.25177049637], [-185.878448486, 0.855717599392, 20.8909568787, 14.4943132401, 6.41641283035, -9.70927429199, -6.15703248978, 0.892958164215, 5.87185239792, -0.887068986893, 6.27293157578, 78.8170394897, 25.0096950531], [-65.4351272583, 17.4797515869, 18.5383682251, 39.2239303589, 21.8269462585, -13.4392337799, -7.08129119873, 23.4890670776, 16.6191616058, -7.39982223511, 1.25177049637, 25.0096950531, 85.6189117432]]}, "spectral_energy": {"min": 9.81896183519e-21, "max": 0.061329908669, "dvar2": 5.87339636695e-05, "median": 0.0212749801576, "dmean2": 0.00712643284351, "dmean": 0.00466099474579, "var": 0.000130206288304, "dvar": 2.63142192125e-05, "mean": 0.0210803579539}, "melbands_spread": {"min": 2.7307536602, "max": 185.891921997, "dvar2": 235.792022705, "median": 37.2537536621, "dmean2": 13.5277614594, "dmean": 8.99517726898, "var": 578.740356445, "dvar": 116.015869141, "mean": 40.9638366699}, "erbbands_flatness_db": {"min": 0.0669813603163, "max": 0.442595899105, "dvar2": 0.000418404961238, "median": 0.173842668533, "dmean2": 0.0220604017377, "dmean": 0.0154095655307, "var": 0.00205766549334, "dvar": 0.000210431346204, "mean": 0.17494417727}, "spectral_contrast_valleys": {"min": [-28.2786521912, -28.2239246368, -27.8449859619, -27.780002594, -27.6391983032, -27.40965271], "max": [-5.84650659561, -4.80071735382, -5.36438465118, -5.46561098099, -5.55871963501, -7.47018432617], "dvar2": [0.391833037138, 0.28457981348, 0.206268876791, 0.186842665076, 0.182501077652, 0.250649660826], "median": [-7.62961673737, -6.75750732422, -7.10402488708, -7.39877748489, -7.33833694458, -10.1380138397], "dmean2": [0.732904553413, 0.596198678017, 0.474773406982, 0.430853754282, 0.379500418901, 0.438639611006], "dmean": [0.439381331205, 0.364001333714, 0.300772428513, 0.280613809824, 0.27614313364, 0.347653657198], "var": [8.49802970886, 8.90612220764, 8.50871276855, 8.2185792923, 8.41462993622, 6.994805336], "dvar": [0.156671509147, 0.126359298825, 0.100048400462, 0.0974926277995, 0.101493656635, 0.152904286981], "mean": [-8.19121360779, -7.30681848526, -7.65402364731, -7.90965938568, -7.8891119957, -10.6394615173]}, "barkbands_flatness_db": {"min": 0.0134975705296, "max": 0.347739547491, "dvar2": 0.000503883231431, "median": 0.109720043838, "dmean2": 0.0241257995367, "dmean": 0.016260696575, "var": 0.00173646875191, "dvar": 0.000247744173976, "mean": 0.115710832179}, "zerocrossingrate": {"min": 0.0068359375, "max": 0.525390625, "dvar2": 0.000276533799479, "median": 0.07373046875, "dmean2": 0.0133729437366, "dmean": 0.0119000663981, "var": 0.00470111891627, "dvar": 0.000219074951019, "mean": 0.0863238871098}, "spectral_skewness": {"min": -0.124690942466, "max": 3.59562683105, "dvar2": 0.118127577007, "median": 1.44606685638, "dmean2": 0.342693567276, "dmean": 0.21138446