{"lowlevel": {"spectral_complexity": {"min": 0, "max": 56, "dvar2": 27.4536304474, "median": 23, "dmean2": 5.32866954803, "dmean": 3.73926687241, "var": 98.7871780396, "dvar": 15.3593111038, "mean": 22.8685646057}, "silence_rate_20dB": {"min": 1, "max": 1, "dvar2": 0, "median": 1, "dmean2": 0, "dmean": 0, "var": 0, "dvar": 0, "mean": 1}, "average_loudness": 0.93470197916, "erbbands_spread": {"min": 3.6308400631, "max": 116.018424988, "dvar2": 96.0783996582, "median": 29.3260879517, "dmean2": 9.31058216095, "dmean": 6.12402153015, "var": 197.363235474, "dvar": 43.5374107361, "mean": 31.3496303558}, "spectral_kurtosis": {"min": -1.3176060915, "max": 42.2477874756, "dvar2": 13.6734085083, "median": 4.08804273605, "dmean2": 2.83495187759, "dmean": 1.70211100578, "var": 9.96343326569, "dvar": 4.74722099304, "mean": 4.60378694534}, "barkbands_kurtosis": {"min": -1.87492847443, "max": 29.1064910889, "dvar2": 4.93790769577, "median": -0.414564669132, "dmean2": 1.44767081738, "dmean": 0.918893873692, "var": 5.47940397263, "dvar": 2.13002300262, "mean": 0.329761654139}, "spectral_strongpeak": {"min": 0, "max": 11.446310997, "dvar2": 3.69291329384, "median": 0.484093904495, "dmean2": 1.29102253914, "dmean": 0.749073922634, "var": 2.80340695381, "dvar": 1.42788958549, "mean": 1.30834102631}, "spectral_spread": {"min": 1161889.5, "max": 50777776, "dvar2": 1280275382270.0, "median": 3655573.25, "dmean2": 710801.4375, "dmean": 508237.84375, "var": 26469617106900.0, "dvar": 637821911040, "mean": 4606143}, "spectral_rms": {"min": 3.12052510568e-12, "max": 0.00797934830189, "dvar2": 5.22661707691e-07, "median": 0.00454421993345, "dmean2": 0.000736898917239, "dmean": 0.000487726851134, "var": 2.34412004829e-06, "dvar": 2.44999057486e-07, "mean": 0.00424238294363}, "dynamic_complexity": 3.2046186924, "erbbands": {"min": [7.84731817916e-23, 3.43759177743e-22, 9.49227921151e-22, 4.1182313668e-21, 6.86612899677e-21, 2.8859552859e-20, 4.22728357911e-20, 5.92235469194e-20, 8.70636804527e-20, 1.38344496959e-19, 3.14261967183e-19, 4.36288504176e-19, 4.30253937265e-19, 6.87816550866e-19, 1.0830368818e-18, 8.36993249365e-19, 1.22301951949e-18, 1.59808078681e-18, 2.38758528701e-18, 2.22591945373e-18, 3.51423754135e-18, 3.9369512362e-18, 4.42408368919e-18, 5.1501439534e-18, 6.80399232653e-18, 7.45831287057e-18, 8.70530005171e-18, 7.98755129829e-18, 1.011923296e-17, 1.17235075718e-17, 1.11279780626e-17, 1.108707729e-17, 7.55216395569e-18, 8.58012446397e-18, 6.32830184935e-18, 3.76509164264e-18, 2.19957788713e-18, 9.28243265048e-19, 2.4064056622e-19, 2.46417589156e-20], "max": [0.343820780516, 2.7921640873, 21.7742271423, 52.8262481689, 76.7945861816, 114.232086182, 188.564498901, 263.678771973, 569.703491211, 510.397827148, 772.71875, 558.753723145, 592.797729492, 1106.05371094, 894.306274414, 1432.67370605, 1061.50634766, 590.352416992, 1610.46813965, 1271.21020508, 1817.10864258, 652.630126953, 530.862609863, 525.929870605, 554.704162598, 299.052185059, 313.89050293, 292.302429199, 552.601623535, 206.375656128, 164.470413208, 145.67175293, 102.697486877, 38.9104614258, 60.998085022, 2.2680785656, 0.450712651014, 0.0664201155305, 0.00226418534294, 0.000580629799515], "dvar2": [0.00184418039862, 0.170939251781, 6.11521434784, 21.9504718781, 28.815279007, 140.191299438, 262.528778076, 225.020736694, 470.901245117, 956.495849609, 3423.02661133, 2564.03173828, 1912.57800293, 4359.61328125, 7313.93701172, 6194.81396484, 3433.86181641, 3098.21411133, 7561.20117188, 6677.56445313, 6243.92626953, 3917.75292969, 2402.91918945, 642.159790039, 1006.68359375, 559.863769531, 168.645126343, 350.15435791, 2981.35473633, 187.466751099, 246.842727661, 66.1475601196, 26.3937683105, 9.3452205658, 25.9276371002, 0.0447509661317, 0.00150378898252, 3.18405218422e-05, 2.71571938271e-08, 6.47544573518e-10], "median": [0.00683847768232, 0.210812300444, 1.43347585201, 3.10250139236, 2.09006214142, 1.98060274124, 2.93085813522, 3.19452404976, 4.12337970734, 6.66066265106, 10.463971138, 13.0073795319, 14.5366249084, 12.8595561981, 12.0659313202, 13.9717102051, 12.742515564, 13.0452384949, 25.6609745026, 28.1092185974, 22.7027664185, 31.503988266, 27.3552455902, 14.2991323471, 14.6307592392, 9.41529750824, 3.76708292961, 2.78177499771, 3.59010791779, 1.84684550762, 1.58850610256, 0.583785116673, 0.374589800835, 0.331993997097, 0.19213822484, 0.0168581139296, 0.0016723095905, 0.000185094220797, 2.36969499383e-05, 2.90907628369e-05], "dmean2": [0.0214323904365, 0.317983865738, 1.83810806274, 3.51448726654, 3.13565516472, 5.95241594315, 7.99707698822, 6.9731926918, 9.31824302673, 14.7519721985, 26.8533592224, 23.7676696777, 21.1632957458, 30.7208042145, 30.5985355377, 27.0433273315, 26.2232189178, 28.6591110229, 44.632019043, 43.0964393616, 36.7192459106, 39.3787574768, 32.7937278748, 14.4948453903, 16.7658557892, 13.7129106522, 5.90541696548, 7.89466333389, 18.3035449982, 5.09721755981, 6.26152944565, 2.14660954475, 1.32407188416, 1.13654482365, 1.68020486832, 0.0825393199921, 0.013844512403, 0.00173372251447, 5.07354270667e-05, 1.29444115373e-05], "dmean": [0.0148832732812, 0.187117949128, 1.08137273788, 2.06980752945, 1.86216378212, 3.59445166588, 5.03657722473, 4.4581155777, 5.86602020264, 9.15088176727, 16.8101119995, 15.0418462753, 13.3828363419, 19.7848358154, 19.7062358856, 17.1947555542, 16.912727356, 18.0511608124, 28.4093151093, 27.9055366516, 24.5587043762, 25.5533123016, 21.4297599792, 9.51234531403, 11.2129364014, 9.3703289032, 4.10423994064, 5.5215473175, 11.9880399704, 3.60529994965, 4.22548389435, 1.51208746433, 0.921994030476, 0.80241215229, 1.14083135128, 0.0585064701736, 0.00937549676746, 0.00112061353866, 3.45337866747e-05, 8.88786962605e-06], "var": [0.00202610599808, 0.152759030461, 9.40118789673, 17.4699115753, 17.3184280396, 81.4548492432, 205.213897705, 207.566238403, 595.729614258, 657.877868652, 2659.85693359, 1669.38586426, 1658.86975098, 4065.68725586, 6121.10253906, 5835.06298828, 3335.77270508, 3752.30883789, 8156.46240234, 7096.56640625, 10068.6044922, 5206.45800781, 3463.98852539, 744.804992676, 1226.3807373, 940.105957031, 177.320495605, 312.783416748, 1515.42431641, 151.43031311, 173.804351807, 44.1942634583, 13.7993898392, 6.75625991821, 14.441652298, 0.0305636841804, 0.000770949816797, 1.27878020066e-05, 1.24739294449e-08, 5.15192888351e-10], "dvar": [0.00103920837864, 0.0610565058887, 2.25770926476, 7.83863687515, 10.622177124, 55.0186805725, 108.054016113, 98.5555114746, 209.751754761, 397.3230896, 1410.96972656, 1067.22595215, 732.019165039, 1810.80725098, 2746.26733398, 2425.48779297, 1373.55407715, 1239.42773438, 3111.02270508, 2929.70849609, 2649.14453125, 1683.13012695, 1035.6060791, 273.833618164, 436.814361572, 265.491455078, 83.5131149292, 184.098526001, 1290.19506836, 94.5793304443, 113.050773621, 31.630897522, 11.2548103333, 4.26932239532, 11.7060232162, 0.0213762335479, 0.000659734010696, 1.32174454848e-05, 1.14898837111e-08, 2.78657624753e-10], "mean": [0.0231994204223, 0.360345304012, 2.60985040665, 4.17557668686, 3.23817324638, 5.12293577194, 8.23998641968, 8.01729393005, 11.0608005524, 14.8416910172, 26.8488407135, 24.7778511047, 27.2269954681, 36.1161308289, 36.5769805908, 33.4766082764, 31.5422115326, 37.2098274231, 58.9465904236, 55.9021034241, 56.5277061462, 57.6368141174, 49.9175186157, 23.430606842, 25.7384033203, 22.350522995, 8.19134807587, 8.45010852814, 15.0102214813, 5.59115886688, 6.02670955658, 2.09959721565, 1.39617776871, 1.21618759632, 1.37859022617, 0.078366547823, 0.0107871368527, 0.00117685622536, 5.15913889103e-05, 3.09909300995e-05]}, "spectral_contrast_coeffs": {"min": [-0.98064494133, -0.976807951927, -0.974760591984, -0.973508894444, -0.967661798, -0.965400874615], "max": [-0.330219596624, -0.381154447794, -0.42971304059, -0.474901348352, -0.552213311195, -0.561405062675], "dvar2": [0.00481348531321, 0.00355890044011, 0.00244416133501, 0.00175425992347, 0.00100382289384, 0.000698640709743], "median": [-0.619834840298, -0.747440516949, -0.760578751564, -0.747819006443, -0.747288346291, -0.749624073505], "dmean2": [0.0842037945986, 0.0744181349874, 0.0607450045645, 0.0515794195235, 0.0379478372633, 0.0306038893759], "dmean": [0.0503171272576, 0.0459401234984, 0.0372916869819, 0.0324344038963, 0.0250267535448, 0.0196465607733], "var": [0.00781065644696, 0.0062945545651, 0.00508421519771, 0.0046726395376, 0.00450950535014, 0.00245944643393], "dvar": [0.00176971510518, 0.00142145180143, 0.000971019268036, 0.000720815500244, 0.000478519010358, 0.000316202698741], "mean": [-0.626788020134, -0.744010448456, -0.755397975445, -0.745670080185, -0.745062232018, -0.751492440701]}, "dissonance": {"min": 0.316801905632, "max": 0.499999970198, "dvar2": 0.000448374747066, "median": 0.477803021669, "dmean2": 0.0218657497317, "dmean": 0.0131116965786, "var": 0.000355580297764, "dvar": 0.000167025878909, "mean": 0.473720401525}, "spectral_energyband_high": {"min": 7.07941073225e-21, "max": 0.019280327484, "dvar2": 4.09217000197e-06, "median": 0.000487824087031, "dmean2": 0.000903937325347, "dmean": 0.000657730677631, "var": 3.91353250961e-06, "dvar": 2.15603517972e-06, "mean": 0.00113900878932}, "gfcc": {"mean": [-29.9198207855, 89.3169250488, -147.230987549, 38.3207778931, -55.6539993286, 17.1102619171, -41.2563934326, 13.2863140106, -22.091299057, -4.84022903442, -18.3094272614, -8.37501716614, -9.3661031723], "icov": [[0.000160135736223, -0.0003173420846, 0.000422980840085, -0.000481028808281, 0.00055001815781, -0.000302031025058, 0.000280648790067, -0.000426151178544, 0.000456601730548, -0.000171959822183, 0.000382258702302, -0.000279791856883, 0.000210232363315], [-0.0003173420846, 0.00189504609443, -0.000569253752474, 0.00105237076059, -0.001730112941, 0.000501082744449, -0.000295450445265, 0.000505875970703, -0.00130643125158, 0.00184951000847, -0.00119290105067, 0.0017014790792, 0.000116439056001], [0.000422980840085, -0.000569253752474, 0.00240779272281, -0.00146019144449, 0.000793810526375, -0.000982909929007, 0.000213247200008, -0.00107905082405, 0.000642265775241, -0.000630722905044, 0.00214796909131, -0.00183796265628, 0.00108131067827], [-0.000481028808281, 0.00105237076059, -0.00146019144449, 0.00554109551013, -0.00206415820867, 0.000251987628872, 0.00124592997599, -0.000431798427599, -0.00139924150426, 0.00171221827623, -0.000880283652805, 0.00135940499604, -0.00213514245115], [0.00055001815781, -0.001730112941, 0.000793810526375, -0.00206415820867, 0.00772292679176, -0.000597756763455, -0.00194836477749, -0.00078166538151, -0.000501800328493, 0.000191428727703, -0.00064885430038, -0.0001928993006, -0.00145586451981], [-0.000302031025058, 0.000501082744449, -0.000982909929007, 0.000251987628872, -0.000597756763455, 0.00629987427965, -0.00271720229648, 0.000596644938923, 0.00208532367833, -0.00177620281465, 0.00104237324558, -0.000358120800229, 0.000741112278774], [0.000280648790067, -0.000295450445265, 0.000213247200008, 0.00124592997599, -0.00194836477749, -0.00271720229648, 0.00994694977999, -0.00199271203019, -0.00030842400156, 0.0018647920806, -0.00213188561611, 0.00174742517993, 0.00181784084998], [-0.000426151178544, 0.000505875970703, -0.00107905082405, -0.000431798427599, -0.00078166538151, 0.000596644938923, -0.00199271203019, 0.0105680003762, -0.00362800224684, -0.00115310307592, 0.000991323380731, 0.00131914508529, -0.00167745212093], [0.000456601730548, -0.00130643125158, 0.000642265775241, -0.00139924150426, -0.000501800328493, 0.00208532367833, -0.00030842400156, -0.00362800224684, 0.0153561998159, -0.00433301739395, 0.0020151254721, -0.000677775999065, 0.000626905064564], [-0.000171959822183, 0.00184951000847, -0.000630722905044, 0.00171221827623, 0.000191428727703, -0.00177620281465, 0.0018647920806, -0.00115310307592, -0.00433301739395, 0.0182725731283, -0.00446532247588, -0.00272840471007, 0.00387520552613], [0.000382258702302, -0.00119290105067, 0.00214796909131, -0.000880283652805, -0.00064885430038, 0.00104237324558, -0.00213188561611, 0.000991323380731, 0.0020151254721, -0.00446532247588, 0.0131864761934, -0.00204962166026, -0.00176817085594], [-0.000279791856883, 0.0017014790792, -0.00183796265628, 0.00135940499604, -0.0001928993006, -0.000358120800229, 0.00174742517993, 0.00131914508529, -0.000677775999065, -0.00272840471007, -0.00204962166026, 0.0154856061563, -0.00398168107495], [0.000210232363315, 0.000116439056001, 0.00108131067827, -0.00213514245115, -0.00145586451981, 0.000741112278774, 0.00181784084998, -0.00167745212093, 0.000626905064564, 0.00387520552613, -0.00176817085594, -0.00398168107495, 0.0151366963983]], "cov": [[37494.3007813, 1414.28540039, -3390.44116211, 1361.17358398, -2012.21850586, 617.981079102, -1344.82275391, 506.826934814, -723.168579102, -101.491600037, -675.048706055, -78.7725143433, -147.193435669], [1414.28540039, 1391.33056641, -365.859680176, -26.5617618561, 278.749755859, -110.991844177, 124.672157288, 21.0970077515, 55.1336364746, -157.980209351, 92.9645614624, -194.008636475, 9.64109611511], [-3390.44116211, -365.859680176, 1136.6048584, 28.5240287781, 66.4099502563, 95.4963378906, 60.9847145081, 25.6863384247, 55.2311325073, 57.5163955688, -92.5693206787, 97.3083267212, -32.2621269226], [1361.17358398, -26.5617618561, 28.5240287781, 339.085998535, -25.2930717468, 10.6277637482, -87.080406189, 60.3446731567, -4.48457384109, -21.3367900848, -44.1409492493, 7.17630720139, 43.6639862061], [-2012.21850586, 278.749755859, 66.4099502563, -25.2930717468, 375.331878662, -65.4594039917, 153.360992432, -3.44040298462, 72.824432373, -46.3299560547, 90.6087799072, -52.5006904602, 43.6161880493], [617.981079102, -110.991844177, 95.4963378906, 10.6277637482, -65.4594039917, 251.002563477, 18.5550765991, 7.58412265778, -47.0843391418, 32.0832939148, -46.9009056091, 23.4727725983, -38.5932426453], [-1344.82275391, 124.672157288, 60.9847145081, -87.080406189, 153.360992432, 18.5550765991, 213.042098999, 0.409478753805, 32.952583313, -19.0259532928, 55.3423042297, -42.4736366272, -11.8204631805], [506.826934814, 21.0970077515, 25.6863384247, 60.3446731567, -3.44040298462, 7.58412265778, 0.409478753805, 131.952545166, 25.2483978271, 4.1765127182, -26.1534366608, -6.52281999588, 6.46132802963], [-723.168579102, 55.1336364746, 55.2311325073, -4.48457384109, 72.824432373, -47.0843391418, 32.952583313, 25.2483978271, 103.871520996, 8.21022891998, 13.7331733704, -8.85654354095, 6.06268215179], [-101.491600037, -157.980209351, 57.5163955688, -21.3367900848, -46.3299560547, 32.0832939148, -19.0259532928, 4.1765127182, 8.21022891998, 92.329498291, 2.61871600151, 37.6122055054, -21.5506973267], [-675.048706055, 92.9645614624, -92.5693206787, -44.1409492493, 90.6087799072, -46.9009056091, 55.3423042297, -26.1534366608, 13.7331733704, 2.61871600151, 135.535812378, -8.62232208252, 22.8386249542], [-78.7725143433, -194.008636475, 97.3083267212, 7.17630720139, -52.5006904602, 23.4727725983, -42.4736366272, -6.52281999588, -8.85654354095, 37.6122055054, -8.62232208252, 109.134880066, 13.2646579742], [-147.193435669, 9.64109611511, -32.2621269226, 43.6639862061, 43.6161880493, -38.5932426453, -11.8204631805, 6.46132802963, 6.06268215179, -21.5506973267, 22.8386249542, 13.2646579742, 96.1421661377]]}, "spectral_flux": {"min": 6.31782265392e-11, "max": 0.1977763623, "dvar2": 0.000603744585533, "median": 0.0741120055318, "dmean2": 0.0257181506604, "dmean": 0.0170892886817, "var": 0.00136895966716, "dvar": 0.000287710950943, "mean": 0.0744465813041}, "silence_rate_30dB": {"min": 1, "max": 1, "dvar2": 0, "median": 1, "dmean2": 0, "dmean": 0, "var": 0, "dvar": 0, "mean": 1}, "spectral_energyband_middle_high": {"min": 1.16503118425e-21, "max": 0.049248971045, "dvar2": 2.47020889219e-05, "median": 0.00662981951609, "dmean2": 0.00345754344016, "dmean": 0.00242245011032, "var": 5.95405363129e-05, "dvar": 1.07096038846e-05, "mean": 0.00884346663952}, "barkbands_spread": {"min": 2.79373455048, "max": 104.128822327, "dvar2": 93.9462738037, "median": 27.7499408722, "dmean2": 8.7288980484, "dmean": 5.75098514557, "var": 155.981781006, "dvar": 45.3407058716, "mean": 28.9378013611}, "spectral_centroid": {"min": 268.417419434, "max": 12080.2832031, "dvar2": 175262.0625, "median": 1861.71472168, "dmean2": 378.186950684, "dmean": 254.115600586, "var": 1886073.25, "dvar": 89837.5, "mean": 2000.49975586}, "pitch_salience": {"min": 0.163544997573, "max": 0.823795855045, "dvar2": 0.00654916418716, "median": 0.568207085133, "dmean2": 0.0944359824061, "dmean": 0.0594839565456, "var": 0.0107403891161, "dvar": 0.00286897015758, "mean": 0.56715708971}, "erbbands_skewness": {"min": -2.80089449883, "max": 2.8038713932, "dvar2": 0.17986215651, "median": -0.191136673093, "dmean2": 0.468899935484, "dmean": 0.309530347586, "var": 0.485379517078, "dvar": 0.0781842768192, "mean": -0.27167275548}, "erbbands_crest": {"min": 2.34667944908, "max": 27.5657596588, "dvar2": 10.8981409073, "median": 7.60365724564, "dmean2": 3.62228894234, "dmean": 2.23568344116, "var": 12.5180358887, "dvar": 4.36802434921, "mean": 8.3610458374}, "melbands": {"min": [7.79592331927e-25, 4.52924143606e-25, 8.36578706947e-25, 8.17587028566e-25, 1.88727911269e-24, 1.5186719232e-24, 1.05953397155e-24, 1.40191577607e-24, 2.37251830233e-24, 2.1803022848e-24, 1.38345968494e-24, 2.14764028788e-24, 2.69628791986e-24, 2.30548701628e-24, 1.89324447886e-24, 2.42926580041e-24, 3.04451853634e-24, 2.76219034596e-24, 2.85781330388e-24, 2.80388854733e-24, 4.02228460988e-24, 3.20502688144e-24, 2.30147802516e-24, 3.12436802324e-24, 3.59635454689e-24, 3.65038323586e-24, 4.27328476713e-24, 4.4141843967e-24, 3.92046672727e-24, 4.24611600312e-24, 4.59613082576e-24, 3.91111438681e-24, 4.5583301889e-24, 5.54266688213e-24, 5.68346750966e-24, 5.47774994052e-24, 5.60499635998e-24, 4.38182492794e-24, 6.17850060465e-24, 6.4161662516e-24], "max": [0.00303639401682, 0.00813895650208, 0.0074374396354, 0.00613282062113, 0.00523692602292, 0.00520443404093, 0.00801072735339, 0.00774686131626, 0.005553225521, 0.00367397372611, 0.00307490373962, 0.00407105218619, 0.00402586208656, 0.00628782855347, 0.00394944474101, 0.00187174871098, 0.00122251617722, 0.00323406350799, 0.0017310148105, 0.00109614990652, 0.00213876832277, 0.000768290250562, 0.000572810065933, 0.00055359012913, 0.000454087828984, 0.000628909270745, 0.000343631982105, 0.000188136458746, 0.000199903632165, 0.00016029831022, 0.000181794865057, 0.000387316307751, 0.000175570414285, 0.000116952127428, 0.00012738694204, 0.000116388648166, 9.44212224567e-05, 8.80460793269e-05, 3.92870642827e-05, 3.26403023791e-05], "dvar2": [1.45990497913e-07, 9.56579810918e-07, 5.5564817103e-07, 3.13193567081e-07, 2.82762442794e-07, 1.10248180363e-07, 9.37686692737e-08, 1.92772617424e-07, 2.08359878684e-07, 9.49547995788e-08, 5.19425498169e-08, 7.14527388368e-08, 1.18107706726e-07, 1.28335912564e-07, 3.78510591759e-08, 1.39027731549e-08, 1.48687018253e-08, 2.49190730273e-08, 2.23658531695e-08, 6.98199853488e-09, 1.0607418055e-08, 4.7529931102e-09, 3.38675221201e-09, 2.47353759697e-09, 5.04318309336e-10, 6.49249543017e-10, 6.94291235614e-10, 2.51357323844e-10, 7.73381914065e-11, 9.68449348493e-11, 1.4365530987e-10, 1.47680057072e-09, 1.66697600168e-10, 5.24010973502e-11, 1.52132126341e-10, 3.42706835132e-11, 2.49116161727e-11, 1.84329305292e-11, 5.65721471404e-12, 7.58119608757e-12], "median": [0.00012312461331, 0.000645937863737, 0.000545019342098, 0.000145795187564, 0.000111297333206, 7.18361770851e-05, 5.86701244174e-05, 7.77406530688e-05, 8.78536957316e-05, 8.47147166496e-05, 6.98950971127e-05, 5.01735121361e-05, 3.82403377444e-05, 3.01887848764e-05, 3.23315653077e-05, 1.90092796402e-05, 2.20015535888e-05, 3.54477888322e-05, 4.03296144214e-05, 2.40112240135e-05, 2.51270303124e-05, 3.11250150844e-05, 2.79469222733e-05, 1.72131585714e-05, 8.99666611076e-06, 9.82316123554e-06, 8.53244546306e-06, 5.26987560079e-06, 2.21260347644e-06, 1.18455352549e-06, 1.48308549797e-06, 2.171737151e-06, 1.13976500415e-06, 8.88979002411e-07, 1.06123206933e-06, 3.92982315134e-07, 2.77671688309e-07, 2.49712030609e-07, 2.29452965073e-07, 2.32819843404e-07], "dmean2": [0.000243719172431, 0.000745790312067, 0.000558765372261, 0.000292415294098, 0.000283391680568, 0.000157957605552, 0.000136593982461, 0.00020544671861, 0.000212241371628, 0.000150531748659, 0.000109466513095, 0.000129983818624, 0.000110016051622, 0.000100345198007, 7.5337884482e-05, 5.21015463164e-05, 6.1021259171e-05, 8.01363930805e-05, 7.71581107983e-05, 4.22010707553e-05, 4.78367765027e-05, 4.32229171565e-05, 3.64838888345e-05, 3.04928435071e-05, 1.22999408632e-05, 1.23421523313e-05, 1.40621450555e-05, 9.19060585147e-06, 4.29255851486e-06, 3.88186890632e-06, 4.86243789055e-06, 1.27030443764e-05, 4.67991367259e-06, 2.58328191194e-06, 4.9411864893e-06, 1.55747738972e-06, 1.25205440327e-06, 1.04685511815e-06, 7.46871648971e-07, 1.01406362774e-06], "dmean": [0.00015658538905, 0.000438136397861, 0.000329688482452, 0.000175608249265, 0.000178929883987, 0.000101008990896, 8.56230180943e-05, 0.000126641461975, 0.000133789668325, 9.56390649662e-05, 6.92549074301e-05, 8.36662220536e-05, 7.0811380283e-05, 6.33712115814e-05, 4.79309092043e-05, 3.32556628564e-05, 3.83543701901e-05, 5.10523786943e-05, 4.88313016831e-05, 2.77968865703e-05, 3.19527425745e-05, 2.80730837403e-05, 2.33878854488e-05, 1.96381624846e-05, 7.83768518886e-06, 8.05256968306e-06, 9.32876901061e-06, 6.2025897023e-06, 2.88414548777e-06, 2.60782394435e-06, 3.33976777256e-06, 8.23105347081e-06, 3.13549185194e-06, 1.77136860202e-06, 3.26347321788e-06, 1.07294499685e-06, 8.68849269864e-07, 7.1276701874e-07, 5.08683342559e-07, 6.99032000284e-07], "var": [1.46438182469e-07, 1.33367279886e-06, 4.24170451652e-07, 1.80285198326e-07, 2.50362660381e-07, 1.04267726897e-07, 1.15935876011e-07, 1.38503054359e-07, 1.58386853855e-07, 6.341242198e-08, 4.58054927321e-08, 6.77907436852e-08, 9.39540711897e-08, 1.16841064823e-07, 3.01647276046e-08, 1.3397010612e-08, 1.82693096207e-08, 2.65778101749e-08, 2.27768097716e-08, 7.81652254034e-09, 1.67623390723e-08, 5.72071590099e-09, 3.97451582757e-09, 2.93411406282e-09, 4.46983366986e-10, 6.29492513671e-10, 9.19178788639e-10, 4.07932632118e-10, 8.63659352368e-11, 6.74330660755e-11, 1.16859757981e-10, 7.37780114779e-10, 1.03322204958e-10, 3.67424320136e-11, 1.0016031754e-10, 2.13675206001e-11, 1.55400241286e-11, 8.43290454827e-12, 3.74975007641e-12, 5.21943686188e-12], "dvar": [7.0936607699e-08, 3.40330728932e-07, 1.9739219681e-07, 1.20259542769e-07, 1.17738871097e-07, 4.85064077793e-08, 4.1637637338e-08, 8.02859503324e-08, 8.45103329539e-08, 3.94326669095e-08, 1.97911003141e-08, 2.98075768512e-08, 4.48381705098e-08, 5.04999597695e-08, 1.4540389337e-08, 5.76976111333e-09, 6.01679772672e-09, 1.04264739065e-08, 9.11684949756e-09, 3.11553605137e-09, 4.55901316698e-09, 2.07408468178e-09, 1.48188694649e-09, 1.02262776025e-09, 2.07890107906e-10, 2.77238593194e-10, 3.04257508077e-10, 1.18575024799e-10, 3.74768965861e-11, 4.48364574634e-11, 7.2822220476e-11, 6.35045238617e-10, 7.66599769775e-11, 2.50930127371e-11, 6.75120792604e-11, 1.58843962289e-11, 1.16744895001e-11, 7.58886009589e-12, 2.5024711036e-12, 3.38665553934e-12], "mean": [0.000265675131232, 0.00105304596946, 0.000700781412888, 0.000272667472018, 0.000296094978694, 0.000183649433893, 0.000157972695888, 0.00019926596724, 0.000216382177314, 0.000158082140842, 0.000138170857099, 0.000148494174937, 0.000127016697661, 0.000110129789391, 8.41100845719e-05, 5.76099628233e-05, 7.24476558389e-05, 9.76918963715e-05, 9.16966237128e-05, 5.43848291272e-05, 6.87113279128e-05, 5.81322383368e-05, 4.97692308272e-05, 4.01612960559e-05, 1.58558777912e-05, 1.70024468389e-05, 1.98264970095e-05, 1.38203904498e-05, 5.53853351448e-06, 3.7772192627e-06, 4.90791671837e-06, 1.00464631032e-05, 4.17833598476e-06, 2.68109783974e-06, 4.48424134447e-06, 1.45181047628e-06, 1.14467445655e-06, 9.97158053906e-07, 8.42228701003e-07, 1.00739043774e-06]}, "barkbands_skewness": {"min": -2.22572779655, "max": 5.09178209305, "dvar2": 0.266195654869, "median": 0.43902939558, "dmean2": 0.54229426384, "dmean": 0.360206156969, "var": 0.814728617668, "dvar": 0.123110979795, "mean": 0.519810318947}, "spectral_entropy": {"min": 5.58446931839, "max": 9.82623291016, "dvar2": 0.0399040840566, "median": 7.60056209564, "dmean2": 0.196415811777, "dmean": 0.145879924297, "var": 0.228872090578, "dvar": 0.0222156718373, "mean": 7.64236879349}, "spectral_rolloff": {"min": 64.599609375, "max": 19552.1484375, "dvar2": 1483465.125, "median": 2174.85351563, "dmean2": 865.804382324, "dmean": 551.460144043, "var": 6679211, "dvar": 770828.75, "mean": 2599.64648438}, "barkbands": {"min": [3.90567129587e-25, 2.23688116385e-24, 7.67541298308e-25, 4.13800340493e-25, 9.47374457744e-24, 8.94808790211e-24, 3.65985548318e-24, 8.37997473285e-24, 1.73967400765e-23, 6.44094358377e-24, 1.64680551536e-23, 1.47411045257e-23, 2.55637128986e-23, 2.84150758841e-23, 3.7865105725e-23, 4.43081681892e-23, 5.58009785877e-23, 7.28658133269e-23, 1.04199185467e-22, 1.30402431057e-22, 2.20800829463e-22, 2.92860811909e-22, 3.71690735535e-22, 5.04991895941e-22, 8.21246056139e-22, 1.15928898368e-21, 1.88506969316e-21], "max": [0.000476132030599, 0.0114920642227, 0.0200391616672, 0.0185366813093, 0.0225254315883, 0.0277224108577, 0.0335228256881, 0.0502361617982, 0.0228644013405, 0.0190065838397, 0.0353641398251, 0.0423434264958, 0.0296128895134, 0.0198198892176, 0.0213601030409, 0.0264630001038, 0.0127462120727, 0.00816283095628, 0.0145525727421, 0.00705880345777, 0.00640056654811, 0.01034843456, 0.00555126974359, 0.00613332027569, 0.00505891395733, 0.000194073043531, 2.42637706833e-05], "dvar2": [2.37078934262e-09, 2.40527629103e-06, 6.56728343529e-06, 3.56835494131e-06, 6.92234425514e-06, 3.64619359061e-06, 2.04353705158e-06, 8.57247323438e-06, 4.88176101499e-06, 2.71418457487e-06, 7.01787757862e-06, 6.42646955384e-06, 2.56064049609e-06, 2.2974015792e-06, 3.46772162629e-06, 1.8223073539e-06, 1.38253778914e-06, 6.90143565407e-07, 3.51376542085e-07, 2.79249945834e-07, 1.31676642923e-07, 1.13884527764e-06, 2.27324292723e-07, 1.1487617968e-07, 2.15745075138e-07, 4.35481262162e-10, 1.40854613129e-12], "median": [2.52920417552e-05, 0.000664103659801, 0.00152100413106, 0.000897190591786, 0.000590350362472, 0.000374862982426, 0.000262187764747, 0.000400181248551, 0.000670111330692, 0.000338225829182, 0.000222551490879, 0.000284060748527, 0.000281472748611, 0.000259685039055, 0.000563634268474, 0.000315330544254, 0.000536175211892, 0.000357291079126, 0.000266459683189, 0.000195120563149, 5.92733049416e-05, 8.51782242535e-05, 5.64179172216e-05, 2.33437986026e-05, 3.11093317578e-05, 1.09114375846e-06, 1.93894891254e-08], "dmean2": [2.92357635772e-05, 0.00114219833631, 0.00190663628746, 0.00132421927992, 0.00147283868864, 0.000874872726854, 0.000657405413222, 0.0013363143662, 0.00110636802856, 0.00080412166426, 0.000799299043138, 0.000795188185293, 0.000711418106221, 0.000768328318372, 0.00101128197275, 0.000634437776171, 0.000742189702578, 0.000555593520403, 0.000298052240396, 0.000303273875033, 0.000153104425408, 0.000375929259462, 0.000188279591384, 8.73050157679e-05, 0.000164925630088, 7.78114554123e-06, 2.46196606213e-07], "dmean": [1.85468998097e-05, 0.000697584124282, 0.00112006929703, 0.000775631924625, 0.000901936320588, 0.000558894826099, 0.00041263672756, 0.000827762414701, 0.000702764722519, 0.000512115133461, 0.000514132902026, 0.000501762493514, 0.000452482287074, 0.000483525131131, 0.000644300074782, 0.000413617788581, 0.000485186115839, 0.000359215395292, 0.000195072439965, 0.000206259879633, 0.000106585932372, 0.000250538432738, 0.000129084306536, 6.09252128925e-05, 0.000113768212032, 5.15046031069e-06, 1.46049714544e-07], "var": [2.02038075159e-09, 2.21749951379e-06, 8.31689430925e-06, 2.59062471741e-06, 5.17230500918e-06, 3.13885493597e-06, 2.27666464525e-06, 6.48559171168e-06, 3.41639656654e-06, 2.66062443188e-06, 5.84673261983e-06, 5.82846860198e-06, 2.19238086174e-06, 2.69171073342e-06, 3.55787983608e-06, 2.58317936641e-06, 1.7133467054e-06, 8.83423524556e-07, 3.65203305819e-07, 4.49633489552e-07, 1.22347216802e-07, 6.56607767269e-07, 1.6641750733e-07, 6.82544083475e-08, 1.32672369091e-07, 2.24875951194e-10, 3.43854041377e-13], "dvar": [1.09643150115e-09, 9.74573936219e-07, 2.4034868602e-06, 1.2551298596e-06, 2.7598325687e-06, 1.56881640123e-06, 9.08002448341e-07, 3.5616490095e-06, 2.02808064387e-06, 1.08401354737e-06, 2.74781314147e-06, 2.53203370448e-06, 1.00230704447e-06, 9.23674917885e-07, 1.42494707234e-06, 7.50963295104e-07, 6.15121280134e-07, 2.93256960049e-07, 1.52009803855e-07, 1.31404746639e-07, 6.86391601334e-08, 5.12336896463e-07, 1.06532894506e-07, 5.22426226723e-08, 9.88595587614e-08, 1.90647206355e-10, 5.08828927343e-13], "mean": [3.92904585169e-05, 0.00124330527615, 0.00252990354784, 0.00140708661638, 0.00139896431938, 0.000976011680905, 0.000716153590474, 0.0012464246247, 0.00120527320541, 0.000918411824387, 0.000881898740772, 0.000875393219758, 0.000779390567914, 0.000900915823877, 0.00123049144167, 0.000877113081515, 0.00100961630233, 0.000759624701459, 0.000441286043497, 0.00047748698853, 0.000170445389813, 0.000331357034156, 0.000190127262613, 8.77881029737e-05, 0.00015061776503, 6.0095912886e-06, 1.33858279128e-07]}, "melbands_flatness_db": {"min": 0.00321506685577, "max": 0.384932607412, "dvar2": 0.000838921638206, "median": 0.145213395357, "dmean2": 0.0305566228926, "dmean": 0.0214765798301, "var": 0.00348596926779, "dvar": 0.000454960943898, "mean": 0.152565091848}, "melbands_skewness": {"min": -1.46741187572, "max": 8.77713775635, "dvar2": 0.438281416893, "median": 1.32587707043, "dmean2": 0.679009795189, "dmean": 0.448112696409, "var": 1.30083334446, "dvar": 0.197374686599, "mean": 1.50580012798}, "silence_rate_60dB": {"min": 0, "max": 1, "dvar2": 0.0136158717796, "median": 0, "dmean2": 0.0115788206458, "dmean": 0.00578871183097, "var": 0.0745686069131, "dvar": 0.00575601123273, "mean": 0.0811527818441}, "spectral_energyband_low": {"min": 1.46722732563e-23, "max": 0.0261816438287, "dvar2": 1.24989001051e-05, "median": 0.00381989683956, "dmean2": 0.00292972964235, "dmean": 0.00174971111119, "var": 1.60728195624e-05, "dvar": 4.53632901554e-06, "mean": 0.0046872952953}, "spectral_energyband_middle_low": {"min": 1.5333894684e-22, "max": 0.0514638721943, "dvar2": 2.73088480753e-05, "median": 0.00581459421664, "dmean2": 0.0041011585854, "dmean": 0.0025696484372, "var": 3.08495873469e-05, "dvar": 1.14349249998e-05, "mean": 0.0071451626718}, "melbands_kurtosis": {"min": -1.80177807808, "max": 95.543258667, "dvar2": 32.2480239868, "median": 1.43690347672, "dmean2": 3.53807592392, "dmean": 2.27828121185, "var": 42.6084480286, "dvar": 13.9014148712, "mean": 3.65080523491}, "spectral_decrease": {"min": -1.57236073051e-08, "max": 1.57727752248e-28, "dvar2": 3.34267614641e-18, "median": -4.96005148065e-09, "dmean2": 1.71446024044e-09, "dmean": 1.09682141147e-09, "var": 6.82451260957e-18, "dvar": 1.40567485401e-18, "mean": -4.87385554138e-09}, "erbbands_kurtosis": {"min": -1.6095893383, "max": 17.0431690216, "dvar2": 2.29924893379, "median": 0.112029083073, "dmean2": 1.19101214409, "dmean": 0.7684237957, "var": 2.95359873772, "dvar": 0.975757539272, "mean": 0.581858038902}, "melbands_crest": {"min": 1.46857452393, "max": 32.1794242859, "dvar2": 16.6083164215, "median": 11.4499845505, "dmean2": 4.67229127884, "dmean": 2.87645792961, "var": 30.6334609985, "dvar": 7.16021823883, "mean": 12.3938169479}, "mfcc": {"mean": [-643.596252441, 109.000785828, -25.4130897522, 19.8425197601, 6.04104566574, 1.80347728729, -3.03581428528, 8.17551231384, 2.56437253952, 2.33388566971, 0.382045805454, -6.28792858124, -0.112382106483], "icov": [[8.80903025973e-05, -5.006435822e-05, 2.54994665738e-05, -0.000144235717016, 0.000148640116095, -4.0999835619e-05, 0.000146604303154, -0.000115436458145, -1.93195842257e-06, 8.26941395644e-05, 5.06731375935e-05, 0.000180366274435, 9.63771017268e-05], [-5.006435822e-05, 0.000898131052963, 0.000377229647711, -0.000147698970977, -0.000440329720732, 3.05092271446e-05, -0.000285782967694, -0.00086268375162, 6.8991612352e-05, -0.000298998813378, -0.000349844951415, -0.000145914542372, 9.38564771786e-05], [2.54994665738e-05, 0.000377229647711, 0.0022108675912, -0.000294794590445, 0.00020581157878, -0.0012416455429, 0.000695018970873, -0.000713815621566, -0.000923161103856, 0.000973497342784, -0.000196214808966, -0.000537948508281, 7.66648081481e-05], [-0.000144235717016, -0.000147698970977, -0.000294794590445, 0.00569940032437, -0.00304562225938, 0.00125564972404, 0.000497571192682, -0.000678902841173, -0.000468875688966, -0.000508721452206, 0.00146732176654, -0.000398680014769, -0.00140106899198], [0.000148640116095, -0.000440329720732, 0.00020581157878, -0.00304562225938, 0.00883456319571, -0.000941110833082, -0.000403792102588, 0.00101149640977, -0.00101132749114, -0.000739222101402, 0.00174235075247, 0.000105568738945, -0.000987326260656], [-4.0999835619e-05, 3.05092271446e-05, -0.0012416455429, 0.00125564972404, -0.000941110833082, 0.00751544442028, -0.00199886946939, -0.00142202910502, 0.000253146048635, 0.00165079499129, -0.00198994902894, 0.000729961378966, 0.00112449144945], [0.000146604303154, -0.000285782967694, 0.000695018970873, 0.000497571192682, -0.000403792102588, -0.00199886946939, 0.00888783857226, -0.00317703699693, 0.00167760043405, -0.00339398928918, 0.00162118114531, 7.41412004572e-05, 0.000517904059961], [-0.000115436458145, -0.00086268375162, -0.000713815621566, -0.000678902841173, 0.00101149640977, -0.00142202910502, -0.00317703699693, 0.0152674624696, -0.00415498297662, -0.000972162233666, 0.000366476393538, 0.000846053357236, -0.00393005087972], [-1.93195842257e-06, 6.8991612352e-05, -0.000923161103856, -0.000468875688966, -0.00101132749114, 0.000253146048635, 0.00167760043405, -0.00415498297662, 0.0109295472503, -0.00275062816218, 0.00188656605314, -0.00024618813768, -0.000358810822945], [8.26941395644e-05, -0.000298998813378, 0.000973497342784, -0.000508721452206, -0.000739222101402, 0.00165079499129, -0.00339398928918, -0.000972162233666, -0.00275062816218, 0.0152300195768, -0.00479089701548, -0.0001262594742, 0.00259299459867], [5.06731375935e-05, -0.000349844951415, -0.000196214808966, 0.00146732176654, 0.00174235075247, -0.00198994902894, 0.00162118114531, 0.000366476393538, 0.00188656605314, -0.00479089701548, 0.013063381426, -0.000731558655389, -0.00221833377145], [0.000180366274435, -0.000145914542372, -0.000537948508281, -0.000398680014769, 0.000105568738945, 0.000729961378966, 7.41412004572e-05, 0.000846053357236, -0.00024618813768, -0.0001262594742, -0.000731558655389, 0.0144295869395, -0.00348981842399], [9.63771017268e-05, 9.38564771786e-05, 7.66648081481e-05, -0.00140106899198, -0.000987326260656, 0.00112449144945, 0.000517904059961, -0.00393005087972, -0.000358810822945, 0.00259299459867, -0.00221833377145, -0.00348981842399, 0.015124488622]], "cov": [[13616.1923828, 807.100891113, -145.742385864, 356.579711914, -72.506439209, -34.0577201843, -191.802078247, 127.927612305, 63.8417282104, -85.2249450684, -110.032775879, -182.22026062, -62.4535255432], [807.100891113, 1563.28894043, -317.637756348, 127.413276672, 115.631599426, -26.3539676666, 126.454124451, 121.19682312, 30.307390213, 102.831817627, 17.7620258331, -2.63747239113, 20.3249969482], [-145.742385864, -317.637756348, 650.78338623, 2.31354928017, -19.895406723, 99.5019302368, -65.5040969849, 22.7988319397, 56.5620384216, -64.5816955566, -0.981260120869, 21.3856945038, 16.490568161], [356.579711914, 127.413276672, 2.31354928017, 293.297668457, 111.828117371, -54.612865448, -13.9992303848, 32.5437316895, 50.2543640137, 7.02464437485, -50.4382629395, 13.1702699661, 40.020488739], [-72.506439209, 115.631599426, -19.895406723, 111.828117371, 170.230911255, -10.7733535767, 15.0517978668, 16.3097248077, 32.0573654175, 13.7475643158, -31.7614898682, 6.86661481857, 21.1703586578], [-34.0577201843, -26.3539676666, 99.5019302368, -54.612865448, -10.7733535767, 182.631515503, 36.0074234009, 20.6679935455, -4.28013753891, -10.2465085983, 25.4826087952, -10.0302734375, -12.2488002777], [-191.802078247, 126.454124451, -65.5040969849, -13.9992303848, 15.0517978668, 36.0074234009, 166.357681274, 38.4588890076, -6.94003582001, 44.1233901978, 2.23795461655, -5.40249204636, -6.57260036469], [127.927612305, 121.19682312, 22.7988319397, 32.5437316895, 16.3097248077, 20.6679935455, 38.4588890076, 103.751998901, 42.9226303101, 17.8175849915, -2.80353236198, 0.52283012867, 24.1756286621], [63.8417282104, 30.307390213, 56.5620384216, 50.2543640137, 32.0573654175, -4.28013753891, -6.94003582001, 42.9226303101, 126.579124451, 15.6833467484, -18.9085845947, 5.82584428787, 16.4606723785], [-85.2249450684, 102.831817627, -64.5816955566, 7.02464437485, 13.7475643158, -10.2465085983, 44.1233901978, 17.8175849915, 15.6833467484, 96.8376922607, 23.9732532501, -0.357408851385, -7.13515901566], [-110.032775879, 17.7620258331, -0.981260120869, -50.4382629395, -31.7614898682, 25.4826087952, 2.23795461655, -2.80353236198, -18.9085845947, 23.9732532501, 103.321907043, 5.05056333542, 2.91151714325], [-182.22026062, -2.63747239113, 21.3856945038, 13.1702699661, 6.86661481857, -10.0302734375, -5.40249204636, 0.52283012867, 5.82584428787, -0.357408851385, 5.05056333542, 79.0813827515, 22.9914703369], [-62.4535255432, 20.3249969482, 16.490568161, 40.020488739, 21.1703586578, -12.2488002777, -6.57260036469, 24.1756286621, 16.4606723785, -7.13515901566, 2.91151714325, 22.9914703369, 86.1590957642]]}, "spectral_energy": {"min": 9.98111912361e-21, "max": 0.0652617588639, "dvar2": 5.75973645027e-05, "median": 0.0211661830544, "dmean2": 0.00711150979623, "dmean": 0.00463932799175, "var": 0.000127456587506, "dvar": 2.54291026067e-05, "mean": 0.020850488916}, "melbands_spread": {"min": 2.59703850746, "max": 212.709182739, "dvar2": 257.058776855, "median": 37.5533065796, "dmean2": 13.7303380966, "dmean": 9.04336643219, "var": 580.082336426, "dvar": 124.83644104, "mean": 41.2688026428}, "erbbands_flatness_db": {"min": 0.0387934222817, "max": 0.45277300477, "dvar2": 0.000419074611273, "median": 0.174442082644, "dmean2": 0.022287575528, "dmean": 0.0154565535486, "var": 0.00207171821967, "dvar": 0.000212923303479, "mean": 0.175365388393}, "spectral_contrast_valleys": {"min": [-28.3950538635, -27.9615268707, -27.8350086212, -27.6884174347, -27.5320949554, -27.4780826569], "max": [-5.93287658691, -5.0086517334, -5.46823358536, -5.6085524559, -5.58918046951, -7.38903427124], "dvar2": [0.363086163998, 0.248389929533, 0.198363676667, 0.175206273794, 0.170742481947, 0.259556442499], "median": [-7.64359951019, -6.75358438492, -7.09142684937, -7.37583637238, -7.32486486435, -10.174161911], "dmean2": [0.728404462337, 0.578117847443, 0.485934227705, 0.428791046143, 0.388692110777, 0.451949119568], "dmean": [0.438371896744, 0.35933637619, 0.307172089815, 0.27946549654, 0.277868241072, 0.354674845934], "var": [8.56090259552, 9.04147815704, 8.64604949951, 8.37699699402, 8.55256462097, 7.05761241913], "dvar": [0.148185238242, 0.111048467457, 0.095100350678, 0.0907854214311, 0.0984262898564, 0.158815860748], "mean": [-8.21053886414, -7.3179807663, -7.65403175354, -7.90668153763, -7.89365339279, -10.6675653458]}, "barkbands_flatness_db": {"min": 0.0296548232436, "max": 0.373014360666, "dvar2": 0.000520721136127, "median": 0.10953605175, "dmean2": 0.0243677403778, "dmean": 0.0164573080838, "var": 0.00174056726974, "dvar": 0.000258943182416, "mean": 0.115637816489}, "zerocrossingrate": {"min": 0.0087890625, "max": 0.5322265625, "dvar2": 0.000282602879452, "median": 0.07470703125, "dmean2": 0.0134653961286, "dmean": 0.0120588745922, "var": 0.00443488545716, "dvar": 0.000218665445573, "mean": 0.0862065777183}, "spectral_skewness": {"min": -0.103255398571, "max": 4.41602754593, "dvar2": 0.120990879834, "median": 1.43753945827, "dmean2": 0.334648787975, "dmean": 0.208671107888, "var": 0.155865103006