{"lowlevel": {"spectral_complexity": {"min": 0, "max": 55, "dvar2": 31.9836978912, "median": 23, "dmean2": 5.62905168533, "dmean": 3.95247960091, "var": 99.4174423218, "dvar": 18.1907291412, "mean": 22.7140598297}, "silence_rate_20dB": {"min": 1, "max": 1, "dvar2": 0, "median": 1, "dmean2": 0, "dmean": 0, "var": 0, "dvar": 0, "mean": 1}, "average_loudness": 0.9569196105, "erbbands_spread": {"min": 4.16476011276, "max": 127.897819519, "dvar2": 100.463668823, "median": 30.0625152588, "dmean2": 9.80411720276, "dmean": 6.45183610916, "var": 227.440155029, "dvar": 45.5429229736, "mean": 32.2009239197}, "spectral_kurtosis": {"min": -1.26189982891, "max": 46.4449386597, "dvar2": 20.6528968811, "median": 3.68347740173, "dmean2": 3.0172355175, "dmean": 1.77220892906, "var": 11.7529115677, "dvar": 6.51939868927, "mean": 4.3269276619}, "barkbands_kurtosis": {"min": -1.91895508766, "max": 44.6171150208, "dvar2": 12.7187843323, "median": -0.588246941566, "dmean2": 1.90665435791, "dmean": 1.20880818367, "var": 13.9897422791, "dvar": 5.48560428619, "mean": 0.629567563534}, "spectral_strongpeak": {"min": 0, "max": 13.5168542862, "dvar2": 4.05129098892, "median": 0.419716238976, "dmean2": 1.17058968544, "dmean": 0.677002310753, "var": 2.60280036926, "dvar": 1.59364032745, "mean": 1.10331439972}, "spectral_spread": {"min": 1014151.5, "max": 43813260, "dvar2": 1515447386110.0, "median": 3654759, "dmean2": 691076.75, "dmean": 492502.65625, "var": 15625449635800.0, "dvar": 779634343936, "mean": 4258851}, "spectral_rms": {"min": 3.13037941922e-12, "max": 0.00721496809274, "dvar2": 4.60757718201e-07, "median": 0.00459832977504, "dmean2": 0.000739824201446, "dmean": 0.000474651315017, "var": 1.86967645277e-06, "dvar": 2.02616192269e-07, "mean": 0.00428658444434}, "dynamic_complexity": 2.81912469864, "erbbands": {"min": [1.37368918508e-22, 1.00626067133e-21, 1.44621463333e-21, 3.06003451685e-21, 1.2597257141e-20, 1.09700232394e-20, 4.23805857595e-20, 9.0548269256e-20, 8.59699796619e-20, 1.38741517803e-19, 2.32804942771e-19, 3.82829785741e-19, 3.4181863626e-19, 8.42420898351e-19, 1.22210672568e-18, 1.1411646212e-18, 1.43740550231e-18, 1.98778201359e-18, 2.47952579171e-18, 3.40017988143e-18, 3.68553382491e-18, 5.19715800429e-18, 4.89413486254e-18, 5.84967364024e-18, 7.23346615493e-18, 6.91363759826e-18, 7.5829044688e-18, 8.70226181732e-18, 9.17961451393e-18, 1.16406381365e-17, 1.07265431754e-17, 1.21558087035e-17, 9.95910402827e-18, 9.26893347647e-18, 6.54892539438e-18, 4.16724989926e-18, 2.36752243484e-18, 1.01609977227e-18, 2.61010095599e-19, 2.83725341175e-20], "max": [0.727471649647, 4.82729291916, 37.3170852661, 65.6874923706, 47.2140312195, 69.5797119141, 118.56375885, 138.87878418, 455.658843994, 344.830383301, 556.270385742, 494.363494873, 422.929290771, 655.272033691, 748.00012207, 1273.62353516, 678.729492188, 512.648620605, 1056.14611816, 1050.16333008, 1443.07067871, 945.571350098, 663.444030762, 719.553283691, 554.851318359, 405.586242676, 296.043518066, 850.897338867, 764.129943848, 222.561218262, 230.423477173, 206.322723389, 71.3135070801, 41.2208213806, 55.0952568054, 3.09119033813, 0.363761007786, 0.0676873475313, 0.001682704431, 0.000172323794686], "dvar2": [0.00695959990844, 0.544836997986, 12.7753391266, 36.9854164124, 13.2813396454, 47.0123939514, 84.2305603027, 77.0687408447, 309.379760742, 344.701751709, 1292.25134277, 1146.93212891, 862.843811035, 1854.88708496, 3247.59179688, 3218.68457031, 2409.63208008, 2322.5793457, 4843.296875, 4980.92626953, 5208.11914063, 4979.37646484, 3214.74951172, 890.753723145, 1413.45898438, 981.238769531, 280.674499512, 965.769348145, 5071.90136719, 308.97744751, 350.098052979, 101.021980286, 19.8558940887, 8.83262348175, 22.1823253632, 0.0522790029645, 0.00128295947798, 2.28928201977e-05, 1.5053648994e-08, 2.58903731787e-10], "median": [0.0114683844149, 0.369808554649, 2.11549949646, 4.0362701416, 1.87543344498, 1.02934336662, 1.60797381401, 1.86319875717, 2.43842506409, 4.14339208603, 6.8593082428, 8.87972068787, 9.96778869629, 9.48342323303, 8.93060302734, 10.7340183258, 10.2882499695, 11.1972675323, 23.7504577637, 26.9586868286, 23.1967887878, 35.3791503906, 31.8480033875, 18.2521972656, 19.2618217468, 13.2169094086, 5.22252416611, 3.78259086609, 4.76384544373, 2.38975477219, 1.88402235508, 0.704339623451, 0.436312675476, 0.346662700176, 0.19247636199, 0.0185433924198, 0.00146112707444, 9.74325521383e-05, 2.14668543776e-05, 2.98173290503e-05], "dmean2": [0.0421067513525, 0.580135345459, 2.7793366909, 4.6253657341, 2.43200111389, 3.34852004051, 4.56557655334, 4.11247444153, 5.89244365692, 9.3153295517, 17.1220226288, 15.5294322968, 14.7655544281, 21.0930156708, 21.8902740479, 20.2205352783, 21.6162948608, 24.6262302399, 38.6676635742, 39.2271575928, 35.9245071411, 43.6648101807, 38.4988975525, 18.007516861, 21.7689495087, 18.5255050659, 8.24690341949, 11.0399236679, 24.0724105835, 6.48774337769, 7.28298521042, 2.45181059837, 1.36712479591, 1.14500415325, 1.57585012913, 0.0875454768538, 0.0132987461984, 0.0014302006457, 4.20882024628e-05, 1.1921195437e-05], "dmean": [0.0292390398681, 0.348596096039, 1.64917325974, 2.72993326187, 1.44323158264, 2.00800132751, 2.90307474136, 2.63211107254, 3.71499180794, 5.8153963089, 10.7804508209, 9.81711196899, 9.32542991638, 13.4666614532, 14.0241222382, 12.8844337463, 13.5772619247, 15.4316968918, 24.9443664551, 25.6055259705, 23.9717884064, 28.3369655609, 24.9070491791, 11.8122091293, 14.6364402771, 12.6495056152, 5.71368265152, 7.60686922073, 15.4840021133, 4.49470615387, 4.85697937012, 1.71611380577, 0.964421749115, 0.80113619566, 1.05187559128, 0.0620323047042, 0.00928840506822, 0.000971146044321, 2.97384467558e-05, 8.16554711491e-06], "var": [0.00808327738196, 0.497911989689, 22.7044391632, 33.5973320007, 10.4695310593, 26.2631092072, 67.2120895386, 69.0601348877, 230.215133667, 257.684143066, 1111.72802734, 723.108581543, 784.833251953, 1876.66943359, 3023.68481445, 3126.61547852, 2066.08837891, 2532.29077148, 5850.20996094, 5486.42578125, 9076.28710938, 5977.80322266, 4469.51611328, 998.451293945, 1833.67773438, 1609.85998535, 304.364501953, 636.424072266, 2495.12841797, 227.477111816, 234.825561523, 53.582321167, 13.3476581573, 6.39483308792, 11.8992652893, 0.0340475775301, 0.000779140740633, 1.05161861939e-05, 8.78832384643e-09, 3.48686524099e-10], "dvar": [0.00413373997435, 0.204320028424, 4.99360752106, 13.665137291, 4.90043210983, 18.2273006439, 35.1888618469, 33.8052368164, 117.93939209, 146.715164185, 549.916870117, 471.528533936, 334.074645996, 775.830688477, 1318.33447266, 1297.97473145, 921.730102539, 899.185241699, 2042.56506348, 2228.57592773, 2284.46972656, 2074.1640625, 1378.31225586, 380.092437744, 637.49822998, 465.02557373, 139.658493042, 449.849060059, 2158.33496094, 148.995040894, 156.253967285, 44.1463623047, 9.36818313599, 4.06966876984, 9.75497055054, 0.0239159651101, 0.000584665453061, 9.74019349087e-06, 6.75196654143e-09, 1.27643437486e-10], "mean": [0.0434674285352, 0.635462105274, 3.98667836189, 5.55723428726, 2.8219268322, 2.83641839027, 4.6777048111, 4.57633495331, 6.65465927124, 9.40783309937, 17.3852405548, 16.5315799713, 18.8257694244, 25.1458721161, 26.1133804321, 25.0433959961, 24.9753398895, 30.915594101, 51.470664978, 51.4214477539, 56.1511268616, 62.7974700928, 57.1781997681, 28.2912883759, 33.3838272095, 29.6441116333, 11.0502929688, 11.3332862854, 19.2840671539, 6.8766951561, 7.0595407486, 2.35916447639, 1.47427248955, 1.22079479694, 1.29765677452, 0.0847415030003, 0.0112753026187, 0.00104082829785, 4.76079439977e-05, 3.08169401251e-05]}, "spectral_contrast_coeffs": {"min": [-0.979162335396, -0.980987787247, -0.988108515739, -0.988865911961, -0.989687502384, -0.965165257454], "max": [-0.330314397812, -0.36440962553, -0.437099397182, -0.529899656773, -0.54023450613, -0.588408172131], "dvar2": [0.00473609287292, 0.00362586416304, 0.00225229561329, 0.00176100735553, 0.00100195931736, 0.000776073953602], "median": [-0.619490981102, -0.753523826599, -0.763333499432, -0.746893763542, -0.743945240974, -0.739021062851], "dmean2": [0.0858722999692, 0.0739592909813, 0.0588563941419, 0.0521588474512, 0.0386607795954, 0.0329398028553], "dmean": [0.0514761060476, 0.0455597043037, 0.0365117304027, 0.0324568636715, 0.0253136605024, 0.0210096426308], "var": [0.00754758901894, 0.00558291515335, 0.00446524098516, 0.00401069689542, 0.00387744465843, 0.00207959674299], "dvar": [0.00176932592876, 0.00142356124707, 0.000895796401892, 0.000720571086276, 0.000469766469905, 0.000339980761055], "mean": [-0.623597323895, -0.749013602734, -0.758113980293, -0.74333101511, -0.741326510906, -0.739283800125]}, "dissonance": {"min": 0.351892083883, "max": 0.500000059605, "dvar2": 0.000386956118746, "median": 0.482134461403, "dmean2": 0.0189363937825, "dmean": 0.0112840151414, "var": 0.000277922488749, "dvar": 0.00014206796186, "mean": 0.477987915277}, "spectral_energyband_high": {"min": 7.07276339899e-21, "max": 0.0340620912611, "dvar2": 6.28573116046e-06, "median": 0.000626547669526, "dmean2": 0.00112383579835, "dmean": 0.000807663542219, "var": 5.67904453419e-06, "dvar": 3.1910008147e-06, "mean": 0.00139859027695}, "gfcc": {"mean": [-22.1055335999, 85.7772140503, -149.903091431, 50.9457244873, -51.4150848389, 21.4298706055, -36.4549980164, 15.992480278, -19.9052238464, -4.8180270195, -17.9707126617, -10.5043516159, -9.56774997711], "icov": [[0.000148448947584, -0.000273626501439, 0.000365975312889, -0.00048116693506, 0.000424633559305, -0.00019762822194, 0.000176392888534, -0.000370078079868, 0.000457022746559, -0.000151359228767, 0.000392285670387, -0.000335694901878, 0.000268999749096], [-0.000273626501439, 0.00188075902406, -0.000713320681825, 0.00106336735189, -0.0014335734304, 0.000195420492673, -0.000225201554713, 0.000586224836297, -0.00154870818369, 0.00192080647685, -0.00152602349408, 0.0020235653501, -0.000289918476483], [0.000365975312889, -0.000713320681825, 0.00223975069821, -0.00157425098587, 0.000580703024752, -0.000847728690132, 0.000150151041453, -0.000942469458096, 0.000833391910419, -0.000637340475805, 0.00227492535487, -0.00204057223164, 0.00121370516717], [-0.00048116693506, 0.00106336735189, -0.00157425098587, 0.00529784476385, -0.00174019217957, -0.000159875533427, 0.0012855171226, -0.000413168920204, -0.0017345265951, 0.00182298000436, -0.00139672437217, 0.00213101133704, -0.00269893580116], [0.000424633559305, -0.0014335734304, 0.000580703024752, -0.00174019217957, 0.00664878450334, -0.000234470848227, -0.00188801274635, -0.000677948759403, -0.000149565268657, 0.000248352764174, -0.000275270431302, -0.000534219434485, -0.000710025196895], [-0.00019762822194, 0.000195420492673, -0.000847728690132, -0.000159875533427, -0.000234470848227, 0.00522838719189, -0.00228271423839, 0.000259666674538, 0.00180125620682, -0.00182255951222, 0.000917279860005, -0.000228426157264, 0.000378950615413], [0.000176392888534, -0.000225201554713, 0.000150151041453, 0.0012855171226, -0.00188801274635, -0.00228271423839, 0.00904122646898, -0.00153202202637, -0.000681225326844, 0.00179305695929, -0.00230424501933, 0.00185546150897, 0.00140536820982], [-0.000370078079868, 0.000586224836297, -0.000942469458096, -0.000413168920204, -0.000677948759403, 0.000259666674538, -0.00153202202637, 0.00960955023766, -0.00308273709379, -0.00142646627501, 0.00085601338651, 0.00118648458738, -0.00138396781404], [0.000457022746559, -0.00154870818369, 0.000833391910419, -0.0017345265951, -0.000149565268657, 0.00180125620682, -0.000681225326844, -0.00308273709379, 0.013321637176, -0.00403893180192, 0.00179179874249, -0.000726887956262, 0.000171530584339], [-0.000151359228767, 0.00192080647685, -0.000637340475805, 0.00182298000436, 0.000248352764174, -0.00182255951222, 0.00179305695929, -0.00142646627501, -0.00403893180192, 0.0164317153394, -0.00449264002964, -0.00286088814028, 0.00329158105887], [0.000392285670387, -0.00152602349408, 0.00227492535487, -0.00139672437217, -0.000275270431302, 0.000917279860005, -0.00230424501933, 0.00085601338651, 0.00179179874249, -0.00449264002964, 0.0127074914053, -0.00239967065863, -0.00186319532804], [-0.000335694901878, 0.0020235653501, -0.00204057223164, 0.00213101133704, -0.000534219434485, -0.000228426157264, 0.00185546150897, 0.00118648458738, -0.000726887956262, -0.00286088814028, -0.00239967065863, 0.0147479912266, -0.00395211577415], [0.000268999749096, -0.000289918476483, 0.00121370516717, -0.00269893580116, -0.000710025196895, 0.000378950615413, 0.00140536820982, -0.00138396781404, 0.000171530584339, 0.00329158105887, -0.00186319532804, -0.00395211577415, 0.0133874574676]], "cov": [[24391.515625, 53.6087150574, -1472.35144043, 1192.87243652, -1323.23083496, 553.265258789, -850.521118164, 450.696136475, -536.133117676, -3.05291438103, -536.378051758, 58.0846366882, -114.826408386], [53.6087150574, 1525.1217041, -212.012039185, -20.2948589325, 397.319335938, -128.082519531, 223.622299194, -15.217798233, 117.440750122, -213.74961853, 143.906967163, -249.362197876, 44.1939697266], [-1472.35144043, -212.012039185, 1087.49926758, 118.717971802, -15.372833252, 170.052963257, -23.2678585052, 62.6940231323, 6.89030504227, 55.2221870422, -152.541061401, 101.32182312, -51.355091095], [1192.87243652, -20.2948589325, 118.717971802, 396.555755615, 6.63632678986, 32.2300109863, -72.7458648682, 73.6698989868, 5.17806005478, -30.6745300293, -40.5682449341, -3.08645868301, 60.385509491], [-1323.23083496, 397.319335938, -15.372833252, 6.63632678986, 370.15725708, -58.5436515808, 146.753265381, -3.063164711, 74.7255325317, -68.5582809448, 89.4055252075, -75.2055435181, 49.6314468384], [553.265258789, -128.082519531, 170.052963257, 32.2300109863, -58.5436515808, 296.96005249, 17.9869766235, 22.6030864716, -52.0226478577, 42.3089828491, -58.108417511, 32.3296890259, -42.1516036987], [-850.521118164, 223.622299194, -23.2678585052, -72.7458648682, 146.753265381, 17.9869766235, 217.594726563, 0.135166332126, 35.6269340515, -34.6282997131, 60.5103302002, -61.7860069275, -7.93857574463], [450.696136475, -15.217798233, 62.6940231323, 73.6698989868, -3.063164711, 22.6030864716, 0.135166332126, 144.719436646, 26.4309177399, 12.6254339218, -28.6537876129, -0.232259660959, 6.42758560181], [-536.133117676, 117.440750122, 6.89030504227, 5.17806005478, 74.7255325317, -52.0226478577, 35.6269340515, 26.4309177399, 119.52973175, 1.90671610832, 22.2027931213, -19.314704895, 13.5512695313], [-3.05291438103, -213.74961853, 55.2221870422, -30.6745300293, -68.5582809448, 42.3089828491, -34.6282997131, 12.6254339218, 1.90671610832, 117.421806335, -2.40191555023, 57.8777275085, -27.7946281433], [-536.378051758, 143.906967163, -152.541061401, -40.5682449341, 89.4055252075, -58.108417511, 60.5103302002, -28.6537876129, 22.2027931213, -2.40191555023, 152.364593506, -15.77850914, 33.4705047607], [58.0846366882, -249.362197876, 101.32182312, -3.08645868301, -75.2055435181, 32.3296890259, -61.7860069275, -0.232259660959, -19.314704895, 57.8777275085, -15.77850914, 133.325820923, 8.36316490173], [-114.826408386, 44.1939697266, -51.355091095, 60.385509491, 49.6314468384, -42.1516036987, -7.93857574463, 6.42758560181, 13.5512695313, -27.7946281433, 33.4705047607, 8.36316490173, 113.901443481]]}, "spectral_flux": {"min": 6.3426965069e-11, "max": 0.194878816605, "dvar2": 0.000550013384782, "median": 0.0740882903337, "dmean2": 0.0255609601736, "dmean": 0.0170546621084, "var": 0.0011439799564, "dvar": 0.000251604622463, "mean": 0.0741175860167}, "silence_rate_30dB": {"min": 1, "max": 1, "dvar2": 0, "median": 1, "dmean2": 0, "dmean": 0, "var": 0, "dvar": 0, "mean": 1}, "spectral_energyband_middle_high": {"min": 1.2398553858e-21, "max": 0.0405331999063, "dvar2": 1.46871379911e-05, "median": 0.00641982629895, "dmean2": 0.00302313850261, "dmean": 0.00211417255923, "var": 4.17573282903e-05, "dvar": 6.90116667101e-06, "mean": 0.00807764846832}, "barkbands_spread": {"min": 2.44422650337, "max": 116.17414093, "dvar2": 118.753204346, "median": 31.816318512, "dmean2": 10.1050319672, "dmean": 6.66569232941, "var": 198.008987427, "dvar": 56.2364730835, "mean": 32.3797645569}, "spectral_centroid": {"min": 248.731765747, "max": 11971.7451172, "dvar2": 243817.390625, "median": 2111.65136719, "dmean2": 399.176391602, "dmean": 276.488769531, "var": 1268192.125, "dvar": 122990.289063, "mean": 2135.8190918}, "pitch_salience": {"min": 0.0696251019835, "max": 0.817074775696, "dvar2": 0.00750351045281, "median": 0.520865917206, "dmean2": 0.0994502976537, "dmean": 0.0637993142009, "var": 0.0142010385171, "dvar": 0.00338746164925, "mean": 0.518104374409}, "erbbands_skewness": {"min": -3.1504881382, "max": 2.52624869347, "dvar2": 0.186409413815, "median": -0.420921891928, "dmean2": 0.479473203421, "dmean": 0.315591037273, "var": 0.526869595051, "dvar": 0.0827935636044, "mean": -0.511934101582}, "erbbands_crest": {"min": 2.66602039337, "max": 27.2123527527, "dvar2": 11.2499608994, "median": 7.64957046509, "dmean2": 3.6718044281, "dmean": 2.24758195877, "var": 11.8417444229, "dvar": 4.42592287064, "mean": 8.39995288849}, "melbands": {"min": [1.81660585305e-24, 1.47637901932e-24, 7.76133324769e-25, 8.61194026811e-25, 1.55951342164e-24, 1.93505292354e-24, 1.38782188853e-24, 1.52967456068e-24, 1.79882571711e-24, 2.37772596759e-24, 1.44333896081e-24, 2.87270325068e-24, 2.69511784192e-24, 3.3681927017e-24, 3.05233871171e-24, 2.97611364624e-24, 2.99556636451e-24, 3.23662095791e-24, 2.65004864069e-24, 3.91165238995e-24, 3.16164426481e-24, 4.23687094775e-24, 3.71824736181e-24, 4.77221325727e-24, 3.77618801201e-24, 4.94403899534e-24, 4.55716583021e-24, 4.22138955248e-24, 3.6029032757e-24, 5.43110380633e-24, 3.51701367806e-24, 4.90024183232e-24, 5.82424289364e-24, 4.62886224244e-24, 5.26608041585e-24, 5.81365401371e-24, 6.90016949341e-24, 5.71359568535e-24, 4.79782520428e-24, 6.34652363873e-24], "max": [0.00595264183357, 0.0140583738685, 0.00905367638916, 0.00384280737489, 0.00325138820335, 0.00296514993533, 0.00635736482218, 0.00591093441471, 0.00369720393792, 0.00317903980613, 0.00217296485789, 0.00240934407339, 0.00284752924927, 0.00498805707321, 0.0023540421389, 0.00153301027603, 0.00119900947902, 0.00190255255438, 0.0014948284952, 0.00110004947055, 0.00176717189606, 0.0010794576956, 0.000741205119994, 0.000681136792991, 0.000652528367937, 0.000648789282423, 0.000380707031582, 0.000358615914593, 0.000212755301618, 0.000251193967415, 0.000559880107176, 0.00056697515538, 0.000233778497204, 0.000146325692185, 0.000143238517921, 0.000158597409609, 0.000119780968816, 5.55143051315e-05, 3.8182726712e-05, 3.50070586137e-05], "dvar2": [5.66290850657e-07, 2.06145864468e-06, 8.26412076549e-07, 1.03271226237e-07, 9.81553043289e-08, 3.74428452687e-08, 5.77258951751e-08, 7.05187801486e-08, 7.90830938513e-08, 4.05407760695e-08, 2.32988224269e-08, 3.16087387375e-08, 4.83495128378e-08, 6.64575523501e-08, 2.29434853338e-08, 1.14923395245e-08, 1.15043752302e-08, 1.62585180874e-08, 1.57496913289e-08, 5.42146549876e-09, 9.24494969468e-09, 6.27640561746e-09, 4.36206759602e-09, 3.13019588027e-09, 7.04139135888e-10, 8.93383977907e-10, 1.06255815258e-09, 5.03866337542e-10, 1.41069489423e-10, 1.71808747784e-10, 4.21481322066e-10, 2.52069565221e-09, 2.86733609078e-10, 7.96473442755e-11, 2.11954537255e-10, 5.8121493729e-11, 3.22527837771e-11, 1.24612802715e-11, 5.13253415463e-12, 7.41574943813e-12], "median": [0.000210900674574, 0.00101847667247, 0.000676738622133, 9.57305819611e-05, 5.90236813878e-05, 4.17158044002e-05, 3.44828986272e-05, 4.92265098728e-05, 5.74880832573e-05, 5.81307904213e-05, 4.84886113554e-05, 3.68916007574e-05, 2.80242675217e-05, 2.27304153668e-05, 2.53908110608e-05, 1.56781607075e-05, 1.8950428057e-05, 3.20379185723e-05, 3.75100025849e-05, 2.33601131185e-05, 2.63060883299e-05, 3.47924651578e-05, 3.1552866858e-05, 2.05030464713e-05, 1.11895733426e-05, 1.2751943359e-05, 1.17704594231e-05, 7.42389693187e-06, 3.11444046019e-06, 1.62731748787e-06, 2.02091473511e-06, 2.91030255539e-06, 1.51704603013e-06, 1.12766224447e-06, 1.24529606182e-06, 4.84084921482e-07, 3.24543549368e-07, 2.9387331324e-07, 2.54802955624e-07, 2.44239998892e-07], "dmean2": [0.000479450129205, 0.00116209953558, 0.000698366318829, 0.000171617095475, 0.000163110700669, 9.30492387852e-05, 8.58924904605e-05, 0.000129383115564, 0.000136674338137, 9.88505053101e-05, 7.68568934291e-05, 8.97304053069e-05, 7.6242358773e-05, 7.31680120225e-05, 6.05980822002e-05, 4.32404776802e-05, 5.26892472408e-05, 6.9307454396e-05, 6.95566195645e-05, 4.01452853112e-05, 4.73682775919e-05, 4.79440459458e-05, 4.15400936618e-05, 3.56252530764e-05, 1.53794244397e-05, 1.57996364578e-05, 1.82632829819e-05, 1.26037675727e-05, 6.03671696808e-06, 5.31345449417e-06, 6.86545718054e-06, 1.6732410586e-05, 6.06096591582e-06, 3.19623291034e-06, 5.73956458538e-06, 1.82749124633e-06, 1.40166093843e-06, 1.06932498056e-06, 7.72169073571e-07, 1.02245849121e-06], "dmean": [0.000310703006107, 0.00068524183007, 0.000413133820985, 0.000102538295323, 0.000102820602478, 5.96375866735e-05, 5.41002227692e-05, 8.01131536718e-05, 8.62812885316e-05, 6.26438850304e-05, 4.83823168906e-05, 5.71045748075e-05, 4.92160543217e-05, 4.63117503386e-05, 3.78995864594e-05, 2.7278701964e-05, 3.2985888538e-05, 4.45611403848e-05, 4.47451093351e-05, 2.6294399504e-05, 3.16647237923e-05, 3.09117458528e-05, 2.67433151748e-05, 2.27811378863e-05, 9.82237452263e-06, 1.04390646811e-05, 1.22444162116e-05, 8.45237809699e-06, 4.06654817198e-06, 3.55542465513e-06, 4.62779780719e-06, 1.06763009171e-05, 3.96541645387e-06, 2.15850832319e-06, 3.73696957467e-06, 1.25264557482e-06, 9.66970787886e-07, 7.37285517971e-07, 5.31734713149e-07, 7.00306713952e-07], "var": [5.96491020133e-07, 3.26631288772e-06, 7.59734007261e-07, 6.16269630882e-08, 8.27180031138e-08, 3.48671882477e-08, 4.47495587252e-08, 5.50937144794e-08, 6.67861996817e-08, 2.72387516986e-08, 2.16585664958e-08, 3.14371142451e-08, 4.56784334801e-08, 5.85292845301e-08, 1.82577686303e-08, 8.52343795543e-09, 1.25846151278e-08, 1.88313649119e-08, 1.70061600357e-08, 6.40574882027e-09, 1.55304604732e-08, 6.67254917985e-09, 4.84508788645e-09, 3.85717013884e-09, 6.11960426777e-10, 9.07471375822e-10, 1.49383216907e-09, 7.23164916838e-10, 1.4954106009e-10, 1.24709909066e-10, 2.45260534104e-10, 1.22238907885e-09, 1.62861474307e-10, 5.25933047113e-11, 1.35572039706e-10, 2.92761648257e-11, 1.73851454066e-11, 7.8799571035e-12, 3.59132406973e-12, 4.960445249e-12], "dvar": [2.91090856308e-07, 7.67276219449e-07, 3.04272532503e-07, 3.94314589869e-08, 4.0679939417e-08, 1.65308247091e-08, 2.24955893913e-08, 3.00249034524e-08, 3.30843157315e-08, 1.68121019328e-08, 9.00401175841e-09, 1.31832038619e-08, 2.01183425474e-08, 2.63297614822e-08, 8.72365912841e-09, 4.34782077008e-09, 4.48534276387e-09, 6.85467327344e-09, 6.70356437027e-09, 2.42632425262e-09, 4.10718214994e-09, 2.64417554519e-09, 1.8629551235e-09, 1.32292676813e-09, 2.9297153592e-10, 3.88810761365e-10, 4.76902073387e-10, 2.30834698578e-10, 6.61514037992e-11, 8.13015973988e-11, 1.88341744978e-10, 1.06705999592e-09, 1.2665285487e-10, 3.70225031188e-11, 9.20074363919e-11, 2.51128493001e-11, 1.42454667854e-11, 5.79513997553e-12, 2.35931001298e-12, 3.31004581383e-12], "mean": [0.000494832580443, 0.00165264157113, 0.00089696602663, 0.000170649669599, 0.000167004051036, 0.0001050437495, 9.52711998252e-05, 0.000127116785734, 0.00014066597214, 0.000105967745185, 9.56478470471e-05, 0.000103352736915, 8.99364240468e-05, 8.01472124294e-05, 6.55932672089e-05, 4.61145391455e-05, 6.0404647229e-05, 8.45161848702e-05, 8.30854696687e-05, 5.12847545906e-05, 6.89615044394e-05, 6.31813236396e-05, 5.59409381822e-05, 4.66093260911e-05, 1.92815823539e-05, 2.1887361072e-05, 2.60040014837e-05, 1.84247746802e-05, 7.46754994907e-06, 5.13794157087e-06, 6.57978580421e-06, 1.29577265398e-05, 5.25672476215e-06, 3.24133702634e-06, 5.25345967617e-06, 1.67115547356e-06, 1.26467284645e-06, 1.05838853415e-06, 8.66568370839e-07, 1.01464831914e-06]}, "barkbands_skewness": {"min": -3.01316785812, "max": 6.32394170761, "dvar2": 0.384171575308, "median": 0.413124799728, "dmean2": 0.628324985504, "dmean": 0.424850642681, "var": 1.20456647873, "dvar": 0.189245834947, "mean": 0.593715548515}, "spectral_entropy": {"min": 5.63238143921, "max": 9.83292770386, "dvar2": 0.0422350987792, "median": 7.63066768646, "dmean2": 0.200283288956, "dmean": 0.147749066353, "var": 0.198150798678, "dvar": 0.0237432103604, "mean": 7.64621448517}, "spectral_rolloff": {"min": 21.533203125, "max": 19444.4824219, "dvar2": 1640682.75, "median": 2454.78515625, "dmean2": 965.345092773, "dmean": 619.849243164, "var": 4862332.5, "dvar": 862929.5625, "mean": 2655.04736328}, "barkbands": {"min": [4.69947071687e-25, 4.87046627745e-24, 1.41600212012e-25, 7.03379444493e-25, 4.11805192934e-24, 1.12201169608e-23, 5.72482038717e-24, 9.38013597584e-24, 1.46882839772e-23, 2.06381127381e-23, 1.4120805841e-23, 2.45151368953e-23, 3.50066745458e-23, 3.71960475477e-23, 3.46403780285e-23, 7.22767677336e-23, 7.16320664256e-23, 1.20355763625e-22, 1.07696224792e-22, 1.2488893704e-22, 2.39030837003e-22, 2.87967425673e-22, 4.08386853528e-22, 5.70828889183e-22, 9.20102116301e-22, 1.22352513202e-21, 1.85624923427e-21], "max": [0.000556394108571, 0.0205119214952, 0.0348276011646, 0.0218673739582, 0.0147700235248, 0.019890781492, 0.0267048645765, 0.0377344712615, 0.017938785255, 0.0130629967898, 0.0215752162039, 0.0333279371262, 0.0173288825899, 0.0127666359767, 0.017800251022, 0.0208512805402, 0.0176153015345, 0.0107176918536, 0.0172986704856, 0.00782556738704, 0.0122743947431, 0.0177684035152, 0.00803097244352, 0.00656833406538, 0.00484467763454, 0.000275508675259, 1.72495037987e-05], "dvar2": [3.52662543612e-09, 8.3939612523e-06, 1.30340740725e-05, 5.12095266458e-06, 2.46588524533e-06, 1.13470912311e-06, 1.17590991522e-06, 3.24598909174e-06, 2.04872458198e-06, 1.29687703065e-06, 2.77644630842e-06, 3.28310420628e-06, 1.7455258785e-06, 1.69167299191e-06, 2.42212013291e-06, 1.41096893458e-06, 1.73397404524e-06, 9.24215385112e-07, 4.50318225376e-07, 4.64405275125e-07, 3.02097191707e-07, 1.96573432731e-06, 3.2722508081e-07, 1.21398286979e-07, 1.90876392026e-07, 4.55067677985e-10, 5.27448907033e-13], "median": [2.93743551083e-06, 0.00115906225983, 0.00216283742338, 0.00104570202529, 0.000311848591082, 0.00022065336816, 0.000156790323672, 0.000261379347648, 0.000459986913484, 0.000240647714236, 0.000159773597261, 0.000214849045733, 0.00022957463807, 0.000227881449973, 0.000528625794686, 0.000320559018292, 0.000602406158578, 0.000419951044023, 0.000347828783561, 0.000273824203759, 8.09190969449e-05, 0.000114224239951, 6.76998170093e-05, 2.75674810837e-05, 3.20041908708e-05, 1.21257130559e-06, 6.58117005337e-10], "dmean2": [2.7169695386e-05, 0.0021625875961, 0.00278358184732, 0.00160507485271, 0.000844702473842, 0.000503140268847, 0.000417384813773, 0.000838340667542, 0.000728978542611, 0.000571487238631, 0.000539836066309, 0.000584179710131, 0.000588021357544, 0.000659775512759, 0.000900310697034, 0.000617418496404, 0.000819559849333, 0.000655040959828, 0.000373230752302, 0.00041126285214, 0.000215026826481, 0.000493323721457, 0.000219979658141, 9.37216973398e-05, 0.000157332600793, 8.09397897683e-06, 1.41017707733e-07], "dmean": [1.89987677004e-05, 0.00134456192609, 0.00165132037364, 0.000941054953728, 0.000514916202519, 0.000324638589518, 0.000262625311734, 0.000523120979778, 0.000464208453195, 0.000357823300874, 0.000348934903741, 0.000370130175725, 0.000366500054952, 0.000414731970523, 0.000583302578889, 0.000399192795157, 0.000531804340426, 0.000419338670326, 0.000249263306614, 0.00027812999906, 0.000148195729707, 0.000324377499055, 0.000148994018673, 6.61125814077e-05, 0.000107234642201, 5.58514648219e-06, 8.43853271704e-08], "var": [3.77401887519e-09, 8.23271602712e-06, 1.97139397642e-05, 4.50809056929e-06, 1.69116572124e-06, 1.03923605366e-06, 8.86490738594e-07, 2.66199890575e-06, 1.45129763496e-06, 1.26812756207e-06, 2.77111848845e-06, 2.94264646072e-06, 1.35793493428e-06, 1.86591694273e-06, 2.66443748842e-06, 2.26255542657e-06, 1.98925340555e-06, 1.1650391798e-06, 5.09719541242e-07, 7.62144054534e-07, 2.33421218354e-07, 1.08743211058e-06, 2.27459651114e-07, 7.2528671069e-08, 1.14611559354e-07, 2.74211847673e-10, 1.71806010174e-13], "dvar": [1.88609527996e-09, 3.64794868801e-06, 5.0760945669e-06, 1.84384441582e-06, 9.62681610872e-07, 5.03954765918e-07, 4.70131311658e-07, 1.3838285895e-06, 8.44653243348e-07, 5.17725652571e-07, 1.17275521916e-06, 1.31095623601e-06, 6.59924864976e-07, 6.67647498176e-07, 1.02933586277e-06, 6.02766931479e-07, 7.50042431719e-07, 3.94708678186e-07, 2.01775506525e-07, 2.19125539047e-07, 1.46165632486e-07, 8.66165009938e-07, 1.49609164168e-07, 5.5280089839e-08, 8.58435029727e-08, 2.04170222395e-10, 2.06802443551e-13], "mean": [2.80029089481e-05, 0.00225890008733, 0.00378712755628, 0.00175157841295, 0.000780907168519, 0.00055666337721, 0.000436000351328, 0.000802019669209, 0.000808331125882, 0.000640284153633, 0.000619883299805, 0.000642213854007, 0.000618727586698, 0.000758286972996, 0.00110630039126, 0.000855799240526, 0.00110079278238, 0.000878955994267, 0.000559294130653, 0.000633383519016, 0.000230708901654, 0.000425248377724, 0.000223927665502, 9.49531822698e-05, 0.000145172598423, 7.0031173891e-06, 6.93316124512e-08]}, "melbands_flatness_db": {"min": 0.00247817044146, "max": 0.427943080664, "dvar2": 0.00110098754521, "median": 0.149974957108, "dmean2": 0.0346034877002, "dmean": 0.0246404483914, "var": 0.00467721326277, "dvar": 0.000602374377195, "mean": 0.160064965487}, "melbands_skewness": {"min": -1.71343135834, "max": 11.2116098404, "dvar2": 0.725878715515, "median": 1.51526379585, "dmean2": 0.850624084473, "dmean": 0.567109465599, "var": 2.25748610497, "dvar": 0.344903677702, "mean": 1.82945072651}, "silence_rate_60dB": {"min": 0, "max": 1, "dvar2": 0.0147168412805, "median": 0, "dmean2": 0.0121862050146, "dmean": 0.0060923602432, "var": 0.0635703653097, "dvar": 0.00605469150469, "mean": 0.068226121366}, "spectral_energyband_low": {"min": 1.47945608961e-23, "max": 0.0437064915895, "dvar2": 2.72398046945e-05, "median": 0.00579722505063, "dmean2": 0.00456579262391, "dmean": 0.00274711078964, "var": 3.97630574298e-05, "dvar": 1.04170512714e-05, "mean": 0.00724808266386}, "spectral_energyband_middle_low": {"min": 1.91344902102e-22, "max": 0.0383356586099, "dvar2": 1.2833920664e-05, "median": 0.00450655678287, "dmean2": 0.00304988981225, "dmean": 0.00189124955796, "var": 1.50289597514e-05, "dvar": 5.15536885359e-06, "mean": 0.00527074700221}, "melbands_kurtosis": {"min": -1.8057551384, "max": 150.934005737, "dvar2": 93.2837905884, "median": 1.66374135017, "dmean2": 5.37945652008, "dmean": 3.47148323059, "var": 124.933532715, "dvar": 41.0537071228, "mean": 5.73740530014}, "spectral_decrease": {"min": -1.25571331111e-08, "max": 1.91491422696e-28, "dvar2": 2.62489223781e-18, "median": -5.0269255425e-09, "dmean2": 1.68221092611e-09, "dmean": 1.0432584796e-09, "var": 5.15327028253e-18, "dvar": 1.04903324457e-18, "mean": -4.83439910326e-09}, "erbbands_kurtosis": {"min": -1.66815710068, "max": 22.4451446533, "dvar2": 3.20738244057, "median": 0.246377915144, "dmean2": 1.44068825245, "dmean": 0.927423238754, "var": 5.54560613632, "dvar": 1.41158616543, "mean": 0.996590912342}, "melbands_crest": {"min": 1.615432024, "max": 38.1436195374, "dvar2": 19.8281764984, "median": 13.8276176453, "dmean2": 5.15138149261, "dmean": 3.22297906876, "var": 40.0049247742, "dvar": 8.72099304199, "mean": 14.5400190353}, "mfcc": {"mean": [-640.379211426, 100.650009155, -26.315694809, 28.109910965, 9.04309177399, 6.34969043732, 0.843699038029, 12.0761051178, 5.89787340164, 5.43315792084, 2.37101840973, -4.91979026794, 0.862528562546], "icov": [[0.000108484447992, 1.17284871521e-05, 1.15925759019e-05, -0.000199805348529, 0.000163487318787, -4.08764790336e-05, 8.36942563183e-05, -0.000155101050041, -5.49328660782e-06, 8.75059049577e-05, 2.26603824558e-05, 0.000126222264953, 0.00014505488798], [1.17284871521e-05, 0.000875799218193, 0.00032494624611, -0.000224172224989, -0.000322202220559, -4.50421939604e-05, -0.000254140322795, -0.00088636088185, 0.000102533464087, -0.000278413848719, -0.000231760568568, -2.38423563133e-05, 6.26658438705e-05], [1.15925759019e-05, 0.00032494624611, 0.0019279862754, -0.000302898697555, 7.71468039602e-05, -0.00130983337294, 0.000639999401756, -0.000691884430125, -0.000806128024124, 0.000864246685524, -0.000142642340506, -0.000443932745839, 6.42505037831e-05], [-0.000199805348529, -0.000224172224989, -0.000302898697555, 0.00511962687597, -0.00284696742892, 0.00121172796935, 0.000247788149863, -0.000692788918968, -0.00047223031288, -0.000503976654727, 0.00144560856279, -0.00044327476644, -0.00109576410614], [0.000163487318787, -0.000322202220559, 7.71468039602e-05, -0.00284696742892, 0.00807882938534, -0.00111445633229, -0.000312218646286, 0.000592721102294, -0.000985870952718, -0.000672408961691, 0.00141238153446, 1.56646201503e-05, -0.000801984861027], [-4.08764790336e-05, -4.50421939604e-05, -0.00130983337294, 0.00121172796935, -0.00111445633229, 0.00692518334836, -0.0020184519235, -0.00129348924384, 5.44126414752e-05, 0.00136893545277, -0.00177145143971, 0.000532425881829, 0.000913790718187], [8.36942563183e-05, -0.000254140322795, 0.000639999401756, 0.000247788149863, -0.000312218646286, -0.0020184519235, 0.00820271205157, -0.00302969571203, 0.00169504794758, -0.0032448284328, 0.00154636404477, -1.38848190545e-05, 0.000688828353304], [-0.000155101050041, -0.00088636088185, -0.000691884430125, -0.000692788918968, 0.000592721102294, -0.00129348924384, -0.00302969571203, 0.013991413638, -0.00399309629574, -0.000627037719823, -0.000158025373821, 0.00113184261136, -0.00353560247459], [-5.49328660782e-06, 0.000102533464087, -0.000806128024124, -0.00047223031288, -0.000985870952718, 5.44126414752e-05, 0.00169504794758, -0.00399309629574, 0.0105104595423, -0.00306123448536, 0.00208615674637, -0.000651367881801, -0.000158648123033], [8.75059049577e-05, -0.000278413848719, 0.000864246685524, -0.000503976654727, -0.000672408961691, 0.00136893545277, -0.0032448284328, -0.000627037719823, -0.00306123448536, 0.0143688991666, -0.00500346533954, -0.000119838281535, 0.00191670237109], [2.26603824558e-05, -0.000231760568568, -0.000142642340506, 0.00144560856279, 0.00141238153446, -0.00177145143971, 0.00154636404477, -0.000158025373821, 0.00208615674637, -0.00500346533954, 0.0125303389505, -0.00129237340298, -0.00166583294049], [0.000126222264953, -2.38423563133e-05, -0.000443932745839, -0.00044327476644, 1.56646201503e-05, 0.000532425881829, -1.38848190545e-05, 0.00113184261136, -0.000651367881801, -0.000119838281535, -0.00129237340298, 0.0138567490503, -0.00393224088475], [0.00014505488798, 6.26658438705e-05, 6.42505037831e-05, -0.00109576410614, -0.000801984861027, 0.000913790718187, 0.000688828353304, -0.00353560247459, -0.000158648123033, 0.00191670237109, -0.00166583294049, -0.00393224088475, 0.0141373751685]], "cov": [[10704.4960938, -107.530708313, 154.526107788, 402.000793457, -79.6467666626, 5.80381202698, -121.394180298, 123.665428162, 80.211555481, -102.84803772, -117.084609985, -120.841964722, -79.5145797729], [-107.530708313, 1551.41064453, -271.889953613, 145.508285522, 127.606903076, 3.42715930939, 153.608734131, 143.416259766, 40.9425239563, 110.170059204, 19.255115509, 1.00298035145, 30.2107830048], [154.526107788, -271.889953613, 758.940612793, 28.7859897614, 8.61352062225, 135.471755981, -61.3239784241, 43.1077156067, 72.8289718628, -64.4923706055, -6.78933238983, 22.135591507, 18.8204498291], [402.000793457, 145.508285522, 28.7859897614, 342.5050354, 130.890090942, -45.2327384949, -1.60336041451, 49.2927207947, 64.0322723389, 11.4563550949, -56.5500793457, 15.5651712418, 41.2323265076], [-79.6467666626, 127.606903076, 8.61352062225, 130.890090942, 190.523193359, 5.81884002686, 21.2180099487, 29.0768318176, 42.7020874023, 16.3104114532, -31.935508728, 8.57227134705, 23.9165534973], [5.80381202698, 3.42715930939, 135.471755981, -45.2327384949, 5.81884002686, 208.458572388, 47.4397850037, 33.8956108093, 5.70262241364, -6.06099414825, 24.7152175903, -8.1034784317, -9.63079071045], [-121.394180298, 153.608734131, -61.3239784241, -1.60336041451, 21.2180099487, 47.4397850037, 182.941757202, 48.911895752, -2.54319119453, 48.575969696, 3.137352705, -7.45462799072, -6.14302206039], [123.665428162, 143.416259766, 43.1077156067, 49.2927207947, 29.0768318176, 33.8956108093, 48.911895752, 121.66166687, 52.4845809937, 22.6391105652, -1.7918766737, 0.954279839993, 26.7956848145], [80.211555481, 40.9425239563, 72.8289718628, 64.0322723389, 42.7020874023, 5.70262241364, -2.54319119453, 52.4845809937, 138.688415527, 21.5804481506, -20.168920517, 9.00970649719, 17.6910991669], [-102.84803772, 110.170059204, -64.4923706055, 11.4563550949, 16.3104114532, -6.06099414825, 48.575969696, 22.6391105652, 21.5804481506, 105.471572876, 29.9411525726, 1.4945679903, -3.75363469124], [-117.084609985, 19.255115509, -6.78933238983, -56.5500793457, -31.935508728, 24.7152175903, 3.137352705, -1.7918766737, -20.168920517, 29.9411525726, 110.278709412, 9.03324794769, 3.97483348846], [-120.841964722, 1.00298035145, 22.135591507, 15.5651712418, 8.57227134705, -8.1034784317, -7.45462799072, 0.954279839993, 9.00970649719, 1.4945679903, 9.03324794769, 83.9968566895, 28.2794036865], [-79.5145797729, 30.2107830048, 18.8204498291, 41.2323265076, 23.9165534973, -9.63079071045, -6.14302206039, 26.7956848145, 17.6910991669, -3.75363469124, 3.97483348846, 28.2794036865, 92.5481719971]]}, "spectral_energy": {"min": 1.00442570766e-20, "max": 0.0533571578562, "dvar2": 4.47542552138e-05, "median": 0.0216732509434, "dmean2": 0.00696900347248, "dmean": 0.00441741989926, "var": 9.42244878388e-05, "dvar": 1.87863552128e-05, "mean": 0.0207505300641}, "melbands_spread": {"min": 2.01235103607, "max": 200.699005127, "dvar2": 306.207336426, "median": 41.7861251831, "dmean2": 15.9124717712, "dmean": 10.6390676498, "var": 694.307617188, "dvar": 155.426986694, "mean": 44.5369987488}, "erbbands_flatness_db": {"min": 0.0456644631922, "max": 0.480332881212, "dvar2": 0.000419248855906, "median": 0.175244778395, "dmean2": 0.0222786441445, "dmean": 0.0155821992084, "var": 0.00235558627173, "dvar": 0.000214315165067, "mean": 0.178019613028}, "spectral_contrast_valleys": {"min": [-28.3566322327, -28.0080432892, -27.9026451111, -27.7044963837, -27.5764484406, -27.4245872498], "max": [-5.84336948395, -5.07228660583, -5.60598325729, -5.506772995, -5.49718856812, -7.51554489136], "dvar2": [0.412283599377, 0.304299265146, 0.210460469127, 0.19394493103, 0.188345223665, 0.257720172405], "median": [-7.66108417511, -7.01385116577, -7.27420282364, -7.45003318787, -7.20323467255, -10.0825443268], "dmean2": [0.742042601109, 0.60740339756, 0.483845233917, 0.436323344707, 0.390645414591, 0.451726227999], "dmean": [0.454791069031, 0.372535526752, 0.306401282549, 0.284249901772, 0.28060361743, 0.361237734556], "var": [5.37469244003, 5.35792636871, 5.14931583405, 4.95941209793, 5.29499816895, 4.80044746399], "dvar": [0.170769810677, 0.138363644481, 0.105138592422, 0.102567091584, 0.10969414562, 0.164913892746], "mean": [-8.05784893036, -7.37986660004, -7.64150571823, -7.78441381454, -7.59724140167, -10.4779539108]}, "barkbands_flatness_db": {"min": 0.0174861215055, "max": 0.407918542624, "dvar2": 0.000674542679917, "median": 0.127880498767, "dmean2": 0.0279406495392, "dmean": 0.018707614392, "var": 0.00243208394386, "dvar": 0.000332411524141, "mean": 0.135706394911}, "zerocrossingrate": {"min": 0.0048828125, "max": 0.52294921875, "dvar2": 0.000261020672042, "median": 0.07861328125, "dmean2": 0.0140159213915, "dmean": 0.0129300234839, "var": 0.00326894316822, "dvar": 0.000232967562624, "mean": 0.0861824154854}, "spectral_skewness": {"min": -0.119352012873, "max": 4.00194263458, "dvar2": 0.169268637896, "median": 1.29540061951, "dmean2": 0.363818317652, "dmean": 0.220145359635, "var": 0.133