{"lowlevel": {"spectral_complexity": {"min": 0, "max": 48, "dvar2": 22.4309864044, "median": 20, "dmean2": 5.01632213593, "dmean": 3.44195842743, "var": 69.6694564819, "dvar": 11.6363277435, "mean": 19.6556129456}, "silence_rate_20dB": {"min": 1, "max": 1, "dvar2": 0, "median": 1, "dmean2": 0, "dmean": 0, "var": 0, "dvar": 0, "mean": 1}, "average_loudness": 0.962202548981, "erbbands_spread": {"min": 4.09131145477, "max": 163.39793396, "dvar2": 243.396453857, "median": 31.880405426, "dmean2": 12.8766708374, "dmean": 8.18682861328, "var": 367.355651855, "dvar": 105.164039612, "mean": 35.4719276428}, "spectral_kurtosis": {"min": -1.19695770741, "max": 38.8386306763, "dvar2": 14.0059967041, "median": 4.14875507355, "dmean2": 3.28131556511, "dmean": 1.93806862831, "var": 16.2459888458, "dvar": 4.91994762421, "mean": 5.23919487}, "barkbands_kurtosis": {"min": -1.91249155998, "max": 107.383255005, "dvar2": 86.9790802002, "median": -0.183688402176, "dmean2": 4.15396308899, "dmean": 2.53554868698, "var": 65.1466293335, "dvar": 34.1357688904, "mean": 2.53095293045}, "spectral_strongpeak": {"min": 0, "max": 16.7503795624, "dvar2": 5.38264417648, "median": 0.474634349346, "dmean2": 1.37503266335, "dmean": 0.800599515438, "var": 4.0376291275, "dvar": 2.14868426323, "mean": 1.35394239426}, "spectral_spread": {"min": 1609621.625, "max": 40818524, "dvar2": 529506762752, "median": 3603845.75, "dmean2": 598297.3125, "dmean": 413094.625, "var": 1448895578110.0, "dvar": 367384920064, "mean": 3734107.25}, "spectral_rms": {"min": 3.27078446792e-12, "max": 0.00885912682861, "dvar2": 1.50222183493e-06, "median": 0.00453392183408, "dmean2": 0.00104674708564, "dmean": 0.000663346319925, "var": 1.97272129299e-06, "dvar": 5.85564578159e-07, "mean": 0.00432535400614}, "dynamic_complexity": 2.46310448647, "erbbands": {"min": [1.63786850385e-21, 1.21364286825e-20, 1.54766025752e-20, 1.28062066796e-20, 4.4735746678e-20, 1.88772451479e-19, 7.37847743036e-19, 1.20543769217e-18, 1.74032162757e-18, 8.72313654725e-19, 2.50985106015e-19, 1.5567080043e-18, 1.45240270041e-18, 5.16157724383e-18, 4.65810176988e-18, 4.01936489498e-18, 1.83777342989e-18, 3.15482094775e-18, 5.84469773526e-18, 7.8826871305e-18, 5.91754877258e-18, 7.7133508514e-18, 1.67459968772e-17, 2.18391083817e-17, 1.17050300113e-17, 1.34881137746e-17, 2.00350407006e-17, 1.75897343369e-17, 1.5643467691e-17, 2.22112982983e-17, 1.99981567171e-17, 1.64695580795e-17, 1.67479506778e-17, 1.29295302875e-17, 1.14307253396e-17, 6.51854180971e-18, 2.46765037325e-18, 1.30467455026e-18, 2.7550361825e-19, 3.37065856793e-20], "max": [0.912081956863, 5.80943202972, 50.9396705627, 135.240722656, 166.670303345, 123.533576965, 109.434585571, 234.799377441, 229.646331787, 278.41015625, 572.276550293, 635.770202637, 420.570495605, 476.505310059, 904.790771484, 1498.27026367, 1113.63317871, 598.514648438, 1564.02832031, 1677.8527832, 1312.13537598, 1192.61816406, 1453.68127441, 608.137756348, 1165.7857666, 542.828125, 262.062194824, 214.751495361, 580.91003418, 324.431213379, 467.609313965, 103.50579834, 181.814834595, 36.5629234314, 29.3058280945, 1.47027647495, 0.102180384099, 0.0118553573266, 0.00211728410795, 0.000159585470101], "dvar2": [0.00499913329259, 0.394576013088, 31.9164543152, 409.896209717, 263.503112793, 163.634368896, 126.829124451, 600.475097656, 755.267333984, 223.683410645, 713.515869141, 928.29498291, 449.757232666, 933.491394043, 2786.1027832, 2765.66113281, 1513.59985352, 1401.06774902, 6619.58984375, 7438.58789063, 8217.24316406, 4532.05908203, 2581.63061523, 883.898254395, 1651.80749512, 714.707336426, 78.4551620483, 210.382827759, 1364.44580078, 159.343063354, 782.36529541, 26.1709918976, 20.2662696838, 1.52433216572, 1.18422472477, 0.00465025193989, 5.40788350918e-05, 8.47180842811e-07, 1.26735058004e-08, 2.7880456277e-10], "median": [0.0121557209641, 0.22440110147, 1.79860496521, 4.90302944183, 4.22011947632, 1.92183411121, 1.72691380978, 2.00028514862, 1.64497721195, 1.72564160824, 3.45686817169, 5.62996578217, 6.11534547806, 7.09695768356, 5.50293588638, 5.6853928566, 6.44249916077, 8.89799022675, 22.7854537964, 29.7886734009, 28.4412479401, 23.7022953033, 26.8023891449, 19.0263843536, 15.7466831207, 7.46542835236, 2.28038191795, 3.11046361923, 4.8581776619, 2.33113598824, 1.55330812931, 0.647927045822, 0.327885240316, 0.187950178981, 0.0804227292538, 0.0153385056183, 0.00210898811929, 0.000251807156019, 3.61080237781e-05, 3.04861314362e-05], "dmean2": [0.039058290422, 0.430597603321, 3.35090374947, 10.1539134979, 8.53968048096, 6.098528862, 5.00278520584, 7.47982978821, 8.70507621765, 5.70097064972, 11.2076969147, 13.2730836868, 11.084774971, 14.5932664871, 18.6719856262, 15.6458072662, 14.1775722504, 17.5595054626, 37.294960022, 44.6235160828, 45.4360084534, 35.5108337402, 32.2638473511, 18.1189098358, 18.1409549713, 14.8287439346, 4.35301923752, 7.18938064575, 12.2033338547, 4.94219303131, 6.65933036804, 1.67154204845, 0.969711005688, 0.407633036375, 0.21166831255, 0.0283321142197, 0.00374792725779, 0.000461384479422, 4.95873391628e-05, 1.30625303427e-05], "dmean": [0.0281761083752, 0.252829879522, 1.93202638626, 5.99179506302, 5.06649255753, 3.5003554821, 3.06886696815, 4.52958774567, 5.01161336899, 3.42061138153, 6.91409778595, 8.3367061615, 6.99256134033, 9.21012496948, 11.7508764267, 10.0267496109, 9.26912021637, 11.415813446, 24.2670154572, 29.7701015472, 29.3614063263, 23.1408138275, 21.8443889618, 12.432053566, 12.6533269882, 10.2381019592, 3.00780200958, 4.88435602188, 8.00646781921, 3.32263827324, 4.2267165184, 1.10926175117, 0.667655706406, 0.278418153524, 0.139556914568, 0.0191126354039, 0.00253176060505, 0.000307788373902, 3.36359153152e-05, 8.35249466036e-06], "var": [0.00686771469191, 0.297371864319, 24.7858028412, 173.731201172, 115.497467041, 52.34715271, 61.6374549866, 184.036193848, 192.267974854, 196.993255615, 814.096862793, 939.1953125, 488.083953857, 807.489685059, 2429.92333984, 2409.7590332, 1806.25524902, 1537.54089355, 7839.31054688, 9917.65234375, 14947.9882813, 6200.44287109, 4939.09179688, 1717.75561523, 2418.07885742, 1577.06433105, 330.317901611, 388.7109375, 918.945800781, 159.981323242, 312.464813232, 22.4409999847, 18.9529953003, 1.50774216652, 0.582121312618, 0.0046195210889, 8.43727248139e-05, 1.2516887864e-06, 1.47309258125e-08, 3.17889103929e-10], "dvar": [0.00278796697967, 0.141959875822, 11.1030874252, 144.485443115, 95.9369659424, 59.4436225891, 50.5752296448, 223.702865601, 270.797393799, 89.4102096558, 309.983184814, 411.920074463, 191.518661499, 381.030029297, 1162.87841797, 1076.89074707, 627.449462891, 608.070068359, 2664.5090332, 3547.30957031, 3397.78173828, 1930.7220459, 1341.38671875, 457.1690979, 871.212585449, 361.360290527, 33.9681549072, 96.3892059326, 581.426635742, 78.860244751, 304.225708008, 11.3875226974, 8.75088596344, 0.667843282223, 0.511472761631, 0.00204043858685, 2.38039228861e-05, 3.8301138261e-07, 5.97334137709e-09, 1.1348233464e-10], "mean": [0.0434343293309, 0.426198989153, 3.72462320328, 9.461977005, 7.69438457489, 4.14670705795, 4.24102878571, 5.50037670135, 5.13598585129, 4.89723205566, 10.9342603683, 13.6314401627, 12.5406951904, 16.4019012451, 19.8063354492, 17.7120399475, 17.7440338135, 22.4816455841, 52.0993270874, 62.2458877563, 71.5145111084, 53.4310340881, 51.9699745178, 32.3617858887, 30.0599975586, 25.0136013031, 8.81280136108, 11.4563617706, 15.0890750885, 6.68417739868, 6.14326000214, 2.03209328651, 1.27756178379, 0.526684820652, 0.224811032414, 0.0405743420124, 0.00597151694819, 0.000718902680092, 8.34838210722e-05, 3.03743163386e-05]}, "spectral_contrast_coeffs": {"min": [-0.989280164242, -0.985766947269, -0.959510326385, -0.958372116089, -0.965303897858, -0.96910071373], "max": [-0.293371349573, -0.323647201061, -0.453280180693, -0.496368288994, -0.496386855841, -0.579502999783], "dvar2": [0.00627741031349, 0.0035996933002, 0.00214921706356, 0.00187691417523, 0.00113001151476, 0.000852112774737], "median": [-0.607730746269, -0.768671393394, -0.769030451775, -0.734403967857, -0.712702333927, -0.748289167881], "dmean2": [0.0934940204024, 0.0738606005907, 0.0598602853715, 0.0541169568896, 0.0411459356546, 0.0316642336547], "dmean": [0.0562024526298, 0.0444045960903, 0.0368268564343, 0.0341306962073, 0.0273544378579, 0.0214715655893], "var": [0.00757503462955, 0.00430170632899, 0.00336159649305, 0.00393638201058, 0.00401710066944, 0.00357430940494], "dvar": [0.00235679605976, 0.0013361366, 0.000846534210723, 0.0008108355687, 0.000558789994102, 0.00043942744378], "mean": [-0.61290448904, -0.760779976845, -0.762309908867, -0.730833411217, -0.712976574898, -0.752289354801]}, "dissonance": {"min": 0.310249119997, "max": 0.499999970198, "dvar2": 0.000384902145015, "median": 0.484213471413, "dmean2": 0.0194431580603, "dmean": 0.0113649386913, "var": 0.000281837186776, "dvar": 0.000143428522279, "mean": 0.480126142502}, "spectral_energyband_high": {"min": 7.62821033356e-21, "max": 0.0202051512897, "dvar2": 2.52645327237e-06, "median": 0.000455453788163, "dmean2": 0.000655669369735, "dmean": 0.000451960921055, "var": 2.80225322058e-06, "dvar": 1.11736665076e-06, "mean": 0.00110659457278}, "gfcc": {"mean": [-13.591299057, 87.98412323, -141.590484619, 51.2433357239, -41.4864578247, 15.7863388062, -40.4261207581, 11.3818511963, -21.5129814148, -11.1431093216, -22.7412967682, -8.62547874451, -11.283905983], "icov": [[0.00042076833779, -0.000120947210235, 0.000484659336507, -0.000773876032326, 0.000479213602375, -9.64509454207e-05, 0.00027787979343, -2.92059776257e-05, 0.000693780486472, -0.000132004148327, 0.000192243416677, -2.30173682212e-05, 9.01414605323e-05], [-0.000120947210235, 0.00286121293902, -0.00233016069978, 0.00269935070537, -0.00208672997542, 0.00203583342955, -0.00127448304556, 0.00236208387651, -0.00201071659103, 0.00269833370112, -0.0019966494292, 0.00179858261254, -0.000827075855341], [0.000484659336507, -0.00233016069978, 0.00417366763577, -0.00393426790833, 0.0020330697298, -0.001582758734, 0.00151124619879, -0.00125407439191, 0.00156228989363, -0.000956545409281, 0.00104325741995, -0.000563821347896, 0.000713479879778], [-0.000773876032326, 0.00269935070537, -0.00393426790833, 0.00752960657701, -0.00297696143389, 0.0016112223966, -0.00201569404453, 0.0022294644732, -0.00295569212176, 0.00190321344417, 0.000507279764861, -0.00046201251098, -0.000990145024844], [0.000479213602375, -0.00208672997542, 0.0020330697298, -0.00297696143389, 0.00485239457339, -0.000327399175148, -0.000116979550512, -0.00292494823225, 0.00248115812428, -0.000398606382078, 0.000638888916001, 0.000323745422065, -0.000188227175386], [-9.64509454207e-05, 0.00203583342955, -0.001582758734, 0.0016112223966, -0.000327399175148, 0.00763955200091, -0.00428976863623, 0.00425411714241, -0.00261426484212, 0.0027180572506, -0.00260608759709, 0.00112727109808, -0.00159251026344], [0.00027787979343, -0.00127448304556, 0.00151124619879, -0.00201569404453, -0.000116979550512, -0.00428976863623, 0.0102383745834, -0.00276199262589, 0.00333290291019, -0.00439584394917, 0.00223635369912, -0.000910560134798, 0.00243143714033], [-2.92059776257e-05, 0.00236208387651, -0.00125407439191, 0.0022294644732, -0.00292494823225, 0.00425411714241, -0.00276199262589, 0.0117549970746, -0.00631863763556, 0.00207018922083, -0.0039345882833, 0.00461508473381, -0.00352025334723], [0.000693780486472, -0.00201071659103, 0.00156228989363, -0.00295569212176, 0.00248115812428, -0.00261426484212, 0.00333290291019, -0.00631863763556, 0.012334311381, -0.00370612391271, 0.00419334601611, -0.00526309432462, 0.0032689163927], [-0.000132004148327, 0.00269833370112, -0.000956545409281, 0.00190321344417, -0.000398606382078, 0.0027180572506, -0.00439584394917, 0.00207018922083, -0.00370612391271, 0.0155840693042, -0.00577439973131, 0.00246980437078, -0.0021038367413], [0.000192243416677, -0.0019966494292, 0.00104325741995, 0.000507279764861, 0.000638888916001, -0.00260608759709, 0.00223635369912, -0.0039345882833, 0.00419334601611, -0.00577439973131, 0.0124563286081, -0.00378002785146, 0.00190433301032], [-2.30173682212e-05, 0.00179858261254, -0.000563821347896, -0.00046201251098, 0.000323745422065, 0.00112727109808, -0.000910560134798, 0.00461508473381, -0.00526309432462, 0.00246980437078, -0.00378002785146, 0.0144008947536, -0.0062433835119], [9.01414605323e-05, -0.000827075855341, 0.000713479879778, -0.000990145024844, -0.000188227175386, -0.00159251026344, 0.00243143714033, -0.00352025334723, 0.0032689163927, -0.0021038367413, 0.00190433301032, -0.0062433835119, 0.0130492998287]], "cov": [[4296.73291016, -1219.93920898, -339.896087646, 461.105285645, -596.211181641, 196.817993164, -25.4550971985, -280.099487305, -136.042800903, 39.3573379517, -155.584899902, 163.703094482, 32.6237831116], [-1219.93920898, 1770.83789063, 463.778656006, -281.217285156, 554.609130859, -278.899658203, -40.237197876, 79.0465087891, -50.9538230896, -158.728668213, 105.972991943, -220.883453369, -57.2185249329], [-339.896087646, 463.778656006, 721.318847656, 220.455963135, 16.0984325409, 4.14240121841, -41.1001052856, -53.334236145, 31.4306774139, -81.7203979492, -46.2238006592, -1.08431255817, -11.7822303772], [461.105285645, -281.217285156, 220.455963135, 423.748809814, -44.9817237854, 54.7403640747, 9.3392868042, -56.285030365, 45.1594772339, -21.0209999084, -98.5646133423, 78.7601776123, 25.5625991821], [-596.211181641, 554.609130859, 16.0984325409, -44.9817237854, 567.776672363, -147.842971802, 34.8862419128, 140.745117188, -46.3697853088, -41.7756690979, 38.0730552673, -114.398986816, 1.18292963505], [196.817993164, -278.899658203, 4.14240121841, 54.7403640747, -147.842971802, 265.791778564, 64.3056182861, -92.6675186157, 5.52414083481, 14.6196594238, -7.72574281693, 53.3661422729, 5.84779977798], [-25.4550971985, -40.237197876, -41.1001052856, 9.3392868042, 34.8862419128, 64.3056182861, 152.639358521, 8.18805980682, -22.1722240448, 31.1359653473, 3.7437376976, -13.5366172791, -13.7484664917], [-280.099487305, 79.0465087891, -53.334236145, -56.285030365, 140.745117188, -92.6675186157, 8.18805980682, 197.751541138, 43.0765571594, 15.5286140442, 35.1800918579, -44.9389762878, 13.2101774216], [-136.042800903, -50.9538230896, 31.4306774139, 45.1594772339, -46.3697853088, 5.52414083481, -22.1722240448, 43.0765571594, 155.341522217, 11.6181926727, -23.3715076447, 44.000453949, 2.59728932381], [39.3573379517, -158.728668213, -81.7203979492, -21.0209999084, -41.7756690979, 14.6196594238, 31.1359653473, 15.5286140442, 11.6181926727, 107.282310486, 34.1601295471, 10.4325437546, 6.50222396851], [-155.584899902, 105.972991943, -46.2238006592, -98.5646133423, 38.0730552673, -7.72574281693, 3.7437376976, 35.1800918579, -23.3715076447, 34.1601295471, 135.564758301, -9.26026439667, -1.61287605762], [163.703094482, -220.883453369, -1.08431255817, 78.7601776123, -114.398986816, 53.3661422729, -13.5366172791, -44.9389762878, 44.000453949, 10.4325437546, -9.26026439667, 143.978134155, 47.0633430481], [32.6237831116, -57.2185249329, -11.7822303772, 25.5625991821, 1.18292963505, 5.84779977798, -13.7484664917, 13.2101774216, 2.59728932381, 6.50222396851, -1.61287605762, 47.0633430481, 105.370750427]]}, "spectral_flux": {"min": 1.04716194049e-10, "max": 0.251924574375, "dvar2": 0.00121394672897, "median": 0.0719011351466, "dmean2": 0.0336788520217, "dmean": 0.0215276163071, "var": 0.0014676329447, "dvar": 0.000567687035073, "mean": 0.0765307843685}, "silence_rate_30dB": {"min": 1, "max": 1, "dvar2": 0, "median": 1, "dmean2": 0, "dmean": 0, "var": 0, "dvar": 0, "mean": 1}, "spectral_energyband_middle_high": {"min": 1.5924129501e-21, "max": 0.0487993843853, "dvar2": 1.56963415066e-05, "median": 0.00534583861008, "dmean2": 0.00304872752167, "dmean": 0.00212336611003, "var": 4.51270789199e-05, "dvar": 7.61497994972e-06, "mean": 0.00742393126711}, "barkbands_spread": {"min": 1.26349639893, "max": 96.8766784668, "dvar2": 136.97064209, "median": 29.196264267, "dmean2": 10.7910585403, "dmean": 6.87078332901, "var": 206.266601563, "dvar": 58.5444450378, "mean": 29.28556633}, "spectral_centroid": {"min": 179.663284302, "max": 11540.8759766, "dvar2": 290868.21875, "median": 1985.2265625, "dmean2": 454.178222656, "dmean": 302.64654541, "var": 626363.9375, "dvar": 135428.609375, "mean": 1914.36071777}, "pitch_salience": {"min": 0.159704342484, "max": 0.991881728172, "dvar2": 0.0120611134917, "median": 0.527949035168, "dmean2": 0.11949107796, "dmean": 0.0728169903159, "var": 0.0121565125883, "dvar": 0.0044723902829, "mean": 0.526370584965}, "erbbands_skewness": {"min": -4.54489803314, "max": 3.13095664978, "dvar2": 0.347782611847, "median": -0.593622803688, "dmean2": 0.554997801781, "dmean": 0.364487111568, "var": 0.629235506058, "dvar": 0.150527924299, "mean": -0.574278831482}, "erbbands_crest": {"min": 2.82387018204, "max": 25.2016124725, "dvar2": 11.4395341873, "median": 7.9897403717, "dmean2": 3.6342113018, "dmean": 2.24240255356, "var": 12.6664972305, "dvar": 4.56666946411, "mean": 8.81308841705}, "melbands": {"min": [1.4434382784e-23, 1.20104514582e-23, 2.64266490261e-24, 7.29492968988e-24, 2.20116663022e-23, 2.94370483422e-23, 2.6053049629e-23, 7.09895376406e-24, 2.45308723038e-24, 1.04289368045e-23, 6.53624744745e-24, 2.02635947124e-23, 1.33472030834e-23, 1.71985009087e-23, 5.85143532348e-24, 3.21282733528e-24, 6.6138244233e-24, 9.2886975306e-24, 1.0215162599e-23, 9.94121802785e-24, 6.00613173585e-24, 6.97937665032e-24, 1.1912485189e-23, 1.96782267886e-23, 1.74107265804e-23, 1.10802274676e-23, 5.2590453543e-24, 9.92198481012e-24, 1.38231228675e-23, 8.82764619682e-24, 1.05027039766e-23, 9.14264308944e-24, 9.09439951192e-24, 1.35758512613e-23, 1.36600747847e-23, 7.6610076927e-24, 1.0369406994e-23, 1.12946840379e-23, 1.27775524242e-23, 9.78558050441e-24], "max": [0.0065283048898, 0.0189944002777, 0.0198810826987, 0.00893828831613, 0.00313047948293, 0.00504386611283, 0.00345123629086, 0.00475901691243, 0.0041013029404, 0.00345259252936, 0.00212461920455, 0.00219661043957, 0.00406464515254, 0.00524359242991, 0.00233008153737, 0.00133689574432, 0.00114660197869, 0.00275409594178, 0.00159036344849, 0.0013795386767, 0.00215101707727, 0.00125060114078, 0.00138344278093, 0.00108522409573, 0.000534129561856, 0.000877428101376, 0.000463864533231, 0.000355122378096, 0.000246038543992, 0.000105176644865, 0.000161049800226, 0.000395382958231, 0.000205225907848, 0.000155792964506, 0.000376327865524, 0.000147151979036, 8.80189909367e-05, 0.000161961332196, 6.80836819811e-05, 1.98614470719e-05], "dvar2": [3.31648976726e-07, 4.59111697637e-06, 9.66095831245e-06, 1.09607071863e-06, 1.30659216779e-07, 2.95667888395e-07, 1.52876324933e-07, 3.45833583992e-08, 4.58256508296e-08, 3.31625997774e-08, 1.20554544125e-08, 1.63923381535e-08, 5.23296677102e-08, 3.52481315247e-08, 7.27333082651e-09, 5.24088195064e-09, 5.9223554949e-09, 2.16378719387e-08, 1.32595134872e-08, 9.32413080079e-09, 1.70098228836e-08, 5.96323301849e-09, 4.63662352956e-09, 3.55064355695e-09, 6.00732186218e-10, 1.27655597204e-09, 6.21798723621e-10, 3.4145689054e-10, 6.18225678983e-11, 2.24004252647e-11, 1.16406037587e-10, 6.26459328856e-10, 1.29457292108e-10, 3.80584036508e-11, 5.31763966194e-10, 2.78173317714e-11, 9.29122750959e-12, 1.51097641343e-11, 4.01717721588e-12, 6.57057362078e-13], "median": [0.000157969770953, 0.000755030079745, 0.000923550862353, 0.000221407492063, 6.4478830609e-05, 4.58267641079e-05, 2.47197276622e-05, 1.80767201527e-05, 3.38445533998e-05, 3.48533430952e-05, 2.86191680061e-05, 2.84031066258e-05, 1.63852073456e-05, 1.41712307595e-05, 1.17659128591e-05, 1.2145726032e-05, 1.47955142893e-05, 3.16058140015e-05, 3.40849910572e-05, 3.10504256049e-05, 3.09611859848e-05, 2.34879044001e-05, 1.77125129994e-05, 2.42987334786e-05, 1.1994333363e-05, 1.0438569916e-05, 9.13039730221e-06, 3.42453427038e-06, 1.16782666737e-06, 9.28264341837e-07, 1.81110021913e-06, 2.81920529233e-06, 1.60867978138e-06, 9.82506321634e-07, 8.99040855984e-07, 4.96889526858e-07, 2.81256546941e-07, 2.10325765693e-07, 1.81304173452e-07, 1.38611852663e-07], "dmean2": [0.000370035355445, 0.00131856149528, 0.00161629321519, 0.00051508389879, 0.000170543644344, 0.000170216269908, 0.000125765334815, 6.49564099149e-05, 9.97478200588e-05, 8.04186274763e-05, 5.71206874156e-05, 6.12963413005e-05, 7.11970787961e-05, 5.63018911635e-05, 2.953087278e-05, 3.12913580274e-05, 3.63625040336e-05, 6.48739005555e-05, 6.20858045295e-05, 5.18870183441e-05, 6.10931310803e-05, 4.01979450544e-05, 3.34326578013e-05, 3.66403437511e-05, 1.37500455821e-05, 1.3759596186e-05, 1.38835248435e-05, 9.78548814601e-06, 3.44163117916e-06, 2.38834263655e-06, 5.21580250279e-06, 8.23805567052e-06, 4.06269600717e-06, 2.52927065958e-06, 5.10908284923e-06, 1.58337900302e-06, 8.84988253347e-07, 7.64134654219e-07, 5.34613320724e-07, 2.9941890034e-07], "dmean": [0.000244569411734, 0.000760376802646, 0.000964670965914, 0.000298768660286, 0.000104608683614, 0.000103993086668, 7.26419166313e-05, 3.90091736335e-05, 6.16724355496e-05, 5.03488590766e-05, 3.59962541552e-05, 3.86539541068e-05, 4.48165665148e-05, 3.55200136255e-05, 1.92156512639e-05, 2.01663096959e-05, 2.34936724155e-05, 4.21567747253e-05, 4.08732048527e-05, 3.48840003426e-05, 3.93794543925e-05, 2.59143125731e-05, 2.18996046897e-05, 2.46612944466e-05, 9.43308532442e-06, 9.37111508392e-06, 9.62801368587e-06, 6.68506072543e-06, 2.30236150855e-06, 1.63098320627e-06, 3.49690890289e-06, 5.37779760634e-06, 2.65206290351e-06, 1.69788825133e-06, 3.20018921229e-06, 1.03163995391e-06, 5.80663765959e-07, 5.15959470704e-07, 3.66771075733e-07, 2.00647505721e-07], "var": [3.83834048989e-07, 3.55542351826e-06, 4.53388611277e-06, 3.65952899983e-07, 6.41089812348e-08, 9.69446887211e-08, 3.97809891695e-08, 2.79424554606e-08, 5.22284260285e-08, 3.09819263578e-08, 1.28616211015e-08, 1.3895799178e-08, 4.29918927125e-08, 3.63366545741e-08, 7.24098736526e-09, 6.52937615087e-09, 6.5296958951e-09, 2.30086403263e-08, 1.79571912895e-08, 1.28472432692e-08, 2.9202849916e-08, 6.90836321482e-09, 5.96998006586e-09, 5.65822810827e-09, 1.06740871697e-09, 1.69566827246e-09, 1.05120012694e-09, 7.1213923647e-10, 2.3101008606e-10, 5.27788784899e-11, 1.93125737624e-10, 4.2165487768e-10, 1.0218559332e-10, 4.20367178566e-11, 1.97495769738e-10, 1.76005529595e-11, 7.6890568565e-12, 1.2520318983e-11, 4.27485434204e-12, 5.92710288402e-13], "dvar": [1.58327395638e-07, 1.59658884513e-06, 3.44443242284e-06, 3.97059181978e-07, 5.19145828548e-08, 1.1175357173e-07, 5.48657865806e-08, 1.34193962609e-08, 2.00913969906e-08, 1.43685916498e-08, 5.07927122584e-09, 6.60123999907e-09, 2.18728253287e-08, 1.40397409254e-08, 3.04343372726e-09, 2.24430518614e-09, 2.63692623292e-09, 8.6508693542e-09, 5.83810289001e-09, 4.50843318234e-09, 6.95942503626e-09, 2.48582909812e-09, 2.13931006243e-09, 1.73990966079e-09, 3.10637904288e-10, 6.60691057419e-10, 3.12217446341e-10, 1.70848307723e-10, 2.64709070635e-11, 1.04852645663e-11, 5.21579099355e-11, 2.65454991322e-10, 5.91371257519e-11, 1.91877989192e-11, 2.04454536634e-10, 1.15620152341e-11, 3.93048614489e-12, 6.33335267911e-12, 1.77324832335e-12, 2.86752663715e-13], "mean": [0.000396656425437, 0.00145758676808, 0.00163014954887, 0.00040357306716, 0.000147353712237, 0.000127991908812, 7.6297124906e-05, 5.62975801586e-05, 9.8625991086e-05, 8.06110256235e-05, 6.24655513093e-05, 6.67311469442e-05, 7.03469413565e-05, 5.93029508309e-05, 3.47511631844e-05, 3.64685365639e-05, 4.28157327406e-05, 8.350994176e-05, 8.35232785903e-05, 6.94395857863e-05, 9.03343679965e-05, 5.43068526895e-05, 4.57754103991e-05, 5.27736119693e-05, 2.20505080506e-05, 2.11483202293e-05, 2.13357543544e-05, 1.54796089191e-05, 6.06655930824e-06, 3.9175092752e-06, 7.60934699429e-06, 9.8726932265e-06, 4.87161878482e-06, 3.23704057337e-06, 4.27064605901e-06, 1.73852072294e-06, 1.01067701053e-06, 9.39824303714e-07, 6.73566717069e-07, 3.60415668865e-07]}, "barkbands_skewness": {"min": -3.48728179932, "max": 9.24127006531, "dvar2": 1.14799201488, "median": 0.649420201778, "dmean2": 0.92203861475, "dmean": 0.590994596481, "var": 2.29205513, "dvar": 0.464725911617, "mean": 0.920139491558}, "spectral_entropy": {"min": 5.68241500854, "max": 9.8104391098, "dvar2": 0.057243861258, "median": 7.52031087875, "dmean2": 0.228584542871, "dmean": 0.157093554735, "var": 0.197719737887, "dvar": 0.0270387176424, "mean": 7.44562864304}, "spectral_rolloff": {"min": 64.599609375, "max": 19099.9511719, "dvar2": 1837536.875, "median": 2347.11914063, "dmean2": 976.351867676, "dmean": 587.816589355, "var": 2261226.75, "dvar": 811339.75, "mean": 2297.6418457}, "barkbands": {"min": [1.79787616524e-23, 5.8544977604e-23, 7.86711969229e-24, 4.91191500156e-24, 5.70338356539e-23, 1.51327894268e-22, 1.04725147431e-22, 3.6548497663e-24, 6.3452052155e-23, 9.98764296544e-23, 7.99654668106e-23, 1.35765069625e-22, 4.35655376884e-23, 8.15591930311e-23, 1.31553448537e-22, 1.18932810013e-22, 1.096937342e-22, 4.81105339192e-22, 2.35385592802e-22, 3.0608474601e-22, 4.56977807525e-22, 4.41047310591e-22, 7.19868922742e-22, 9.11547582427e-22, 1.3680208219e-21, 1.67155490923e-21, 2.17297822563e-21], "max": [0.00187055359129, 0.0203371625394, 0.0487035922706, 0.0513980537653, 0.0325074344873, 0.0261145737022, 0.0166490990669, 0.0305100064725, 0.0224181301892, 0.0147407893091, 0.0260952711105, 0.0353406816721, 0.0234772413969, 0.0182547476143, 0.0242993012071, 0.0201794579625, 0.0196055024862, 0.0203048139811, 0.0164809618145, 0.00999446026981, 0.00404198700562, 0.0114701539278, 0.0112976785749, 0.00768905784935, 0.00264677614905, 0.000104329912574, 9.91732122202e-06], "dvar2": [4.13552925238e-08, 5.56332952328e-06, 4.72402316518e-05, 5.99020859227e-05, 1.46676884469e-05, 7.04856392986e-06, 2.4378616672e-06, 1.4573909084e-06, 1.53716564455e-06, 7.69533869516e-07, 2.31317108046e-06, 1.89203251466e-06, 7.29987903014e-07, 1.27678640638e-06, 2.91638548333e-06, 2.50689481618e-06, 1.96513565243e-06, 8.44902274366e-07, 5.39856671367e-07, 3.01895425991e-07, 5.45151586095e-08, 6.06040089224e-07, 4.92672597829e-07, 4.71272585401e-08, 1.3727138537e-08, 3.64525666596e-11, 2.93367516694e-13], "median": [4.7346798965e-05, 0.000719868869055, 0.00186835892964, 0.00177179521415, 0.00065593176987, 0.000253842736129, 0.000107492043753, 9.1869100288e-05, 0.000258566025877, 0.000194476830075, 9.13350959308e-05, 0.000111743298476, 0.000120445991342, 0.00020673731342, 0.000496874738019, 0.000434672110714, 0.000406574952649, 0.000471107719932, 0.000284798094071, 0.000139547759318, 5.00056921737e-05, 0.000120478354802, 5.65624723095e-05, 2.30736604863e-05, 1.45445819726e-05, 1.71725230302e-06, 1.11395955571e-07], "dmean2": [0.000131220003823, 0.00161094660871, 0.00386244757101, 0.00396084366366, 0.00187579472549, 0.000874650198966, 0.00052901788149, 0.000415190675994, 0.000594533456024, 0.000429210718721, 0.000470867817057, 0.000420650059823, 0.000333292002324, 0.000540226814337, 0.000896765268408, 0.000825976254418, 0.000735446286853, 0.000605001871008, 0.000346897024428, 0.000307406124193, 0.000122814904898, 0.000281191547401, 0.00019514876476, 6.06705289101e-05, 3.1832674722e-05, 3.12006022796e-06, 2.40654344452e-07], "dmean": [8.11371573946e-05, 0.000996185699478, 0.00222715293057, 0.00237032328732, 0.00108127412386, 0.000539949804079, 0.000305864377879, 0.00025470383116, 0.000368220411474, 0.000273521116469, 0.000296071957564, 0.000266612798441, 0.00021473482775, 0.000344586354913, 0.000583588553127, 0.000538257823791, 0.000475470878882, 0.000407471467042, 0.000236073581618, 0.000209233578062, 8.39537460706e-05, 0.000185709184734, 0.000126125843963, 4.14759415435e-05, 2.12423346966e-05, 2.09543554774e-06, 1.6038544004e-07], "var": [2.79360587996e-08, 4.93143170388e-06, 2.87281272904e-05, 2.88324554276e-05, 4.65771245217e-06, 2.62361027126e-06, 7.72344037614e-07, 1.43209706494e-06, 1.48337414885e-06, 7.45660940993e-07, 1.92916741071e-06, 1.9114013412e-06, 8.57065970195e-07, 1.36065841616e-06, 3.63474623555e-06, 4.0886284296e-06, 2.3369441351e-06, 1.46389868405e-06, 8.02148804269e-07, 6.80813514009e-07, 1.24618892983e-07, 4.77032813251e-07, 2.38446631329e-07, 5.11843474271e-08, 8.53445225601e-09, 5.64480441556e-11, 3.3773456037e-13], "dvar": [1.5749826332e-08, 2.23801202992e-06, 1.64668381331e-05, 2.1321060558e-05, 5.32592275704e-06, 2.73127125183e-06, 8.81507673967e-07, 5.96275128828e-07, 6.5435790475e-07, 3.10385530611e-07, 9.67304458754e-07, 7.54705297368e-07, 3.03602860185e-07, 5.57880923679e-07, 1.25692361053e-06, 1.06195227545e-06, 8.47467163112e-07, 4.20459485895e-07, 2.7751858056e-07, 1.49007561845e-07, 2.53764991243e-08, 2.65286985268e-07, 1.98486389991e-07, 2.1533006489e-08, 5.82399417581e-09, 1.57808818096e-11, 1.35764649848e-13], "mean": [0.000110761429823, 0.00160379067529, 0.00393953965977, 0.00366043229587, 0.00131445238367, 0.000696120841894, 0.000337353121722, 0.000372639624402, 0.000593207136262, 0.000475601962535, 0.000445938057965, 0.000449465907877, 0.000386563071515, 0.000614159333054, 0.0011833262397, 0.00117458635941, 0.000966728082858, 0.000922390376218, 0.000552833254915, 0.000509629084263, 0.000200812122785, 0.000363512081094, 0.000202024704777, 7.9945239122e-05, 3.75174349756e-05, 4.80151084048e-06, 3.45783035982e-07]}, "melbands_flatness_db": {"min": 0.00974211096764, "max": 0.472546845675, "dvar2": 0.00199587317184, "median": 0.167547896504, "dmean2": 0.0424981974065, "dmean": 0.0281140189618, "var": 0.00670027080923, "dvar": 0.000849173113238, "mean": 0.184549897909}, "melbands_skewness": {"min": -1.90093636513, "max": 18.4234905243, "dvar2": 2.39312815666, "median": 1.88193678856, "dmean2": 1.27219235897, "dmean": 0.804499447346, "var": 4.38224029541, "dvar": 0.960963785648, "mean": 2.35573148727}, "silence_rate_60dB": {"min": 0, "max": 1, "dvar2": 0.0346061959863, "median": 0, "dmean2": 0.0305383708328, "dmean": 0.0152671756223, "var": 0.042737942189, "dvar": 0.0150351021439, "mean": 0.0447427295148}, "spectral_energyband_low": {"min": 6.88494637121e-23, "max": 0.0684733167291, "dvar2": 0.000121497985674, "median": 0.00489748036489, "dmean2": 0.00663233874366, "dmean": 0.00389046384953, "var": 7.34029090381e-05, "dvar": 4.25007165177e-05, "mean": 0.00771946506575}, "spectral_energyband_middle_low": {"min": 3.99670508505e-22, "max": 0.066753052175, "dvar2": 0.00011276146688, "median": 0.00466486718506, "dmean2": 0.00636754464358, "dmean": 0.00384631822817, "var": 5.59355976293e-05, "dvar": 4.18568051828e-05, "mean": 0.00708300899714}, "melbands_kurtosis": {"min": -1.90024721622, "max": 467.546813965, "dvar2": 632.189575195, "median": 3.02798056602, "dmean2": 11.602388382, "dmean": 7.1050863266, "var": 546.650390625, "dvar": 254.35194397, "mean": 11.5293626785}, "spectral_decrease": {"min": -2.10111430476e-08, "max": -3.1178849777e-29, "dvar2": 1.27800703313e-17, "median": -4.81545603392e-09, "dmean2": 2.6084159277e-09, "dmean": 1.59032487179e-09, "var": 8.989142943e-18, "dvar": 4.67110174039e-18, "mean": -5.02134600566e-09}, "erbbands_kurtosis": {"min": -1.927521348, "max": 27.4323692322, "dvar2": 5.16541910172, "median": 0.253493070602, "dmean2": 1.63890779018, "dmean": 1.04832863808, "var": 8.0248966217, "dvar": 2.23865246773, "mean": 1.12152481079}, "melbands_crest": {"min": 2.58732247353, "max": 32.9983596802, "dvar2": 27.7457809448, "median": 14.393945694, "dmean2": 5.77472639084, "dmean": 3.51421332359, "var": 35.8749580383, "dvar": 10.457198143, "mean": 14.9787902832}, "mfcc": {"mean": [-647.109863281, 108.717849731, -25.2984714508, 33.5858802795, 18.7722835541, 6.50738573074, -2.32874679565, 13.8888492584, 2.90119457245, 4.39870071411, -1.61359882355, -13.2622556686, -3.38423681259], "icov": [[0.000388111395296, 0.000258938758634, 0.000108113170427, -0.000209060715861, 0.00027537214919, -1.91553931472e-06, -7.62209601817e-05, 0.000188424382941, 0.00024445305462, 0.000425081438152, 0.000256025756244, -0.000133417299367, 0.000303991953842], [0.000258938758634, 0.0010413484415, -0.000158014445333, -6.16415200057e-05, -0.000829183903988, 0.000536684121471, -0.000429306383012, 0.000129654174089, 0.000607824709732, 0.000467413367005, -0.000275925500318, 0.00047895978787, 0.000207129589398], [0.000108113170427, -0.000158014445333, 0.00185115088243, -0.000633808667772, 0.000508266559336, -0.000938084674999, 0.000896330340765, -0.000278828141745, 0.000645045074634, 9.80315016932e-05, 0.000531687226612, -0.000284559908323, 0.000151380154421], [-0.000209060715861, -6.16415200057e-05, -0.000633808667772, 0.00377991818823, -0.00180966267362, -4.07092484238e-05, -0.00016068937839, -0.000184748569154, -0.00156829948537, 0.000150076113641, 0.000460318668047, 0.000194740190636, -0.000922031933442], [0.00027537214919, -0.000829183903988, 0.000508266559336, -0.00180966267362, 0.00593273807317, 0.000973272020929, -0.000559541396797, -0.00137462106068, -0.00021105648193, -0.000398854579544, 0.00132440857124, 3.80625970138e-05, 0.000260085915215], [-1.91553931472e-06, 0.000536684121471, -0.000938084674999, -4.07092484238e-05, 0.000973272020929, 0.00464683678001, -0.00110672891606, -0.0012941431487, 0.000166817044374, 0.000989535474218, 0.000271063501714, 0.000448086299002, 0.000543860020116], [-7.62209601817e-05, -0.000429306383012, 0.000896330340765, -0.00016068937839, -0.000559541396797, -0.00110672891606, 0.00530432676896, 0.00107492203824, 0.000601227337029, -0.00177460559644, 0.000172710657353, 0.000383048638469, 0.00114518927876], [0.000188424382941, 0.000129654174089, -0.000278828141745, -0.000184748569154, -0.00137462106068, -0.0012941431487, 0.00107492203824, 0.00936515815556, -0.00140983716119, 0.000178006259375, -0.00100501696579, 1.65943129105e-05, -0.00139524845872], [0.00024445305462, 0.000607824709732, 0.000645045074634, -0.00156829948537, -0.00021105648193, 0.000166817044374, 0.000601227337029, -0.00140983716119, 0.00820066221058, -0.000473794556456, 0.00145266333129, -0.00193076173309, 0.00150315067731], [0.000425081438152, 0.000467413367005, 9.80315016932e-05, 0.000150076113641, -0.000398854579544, 0.000989535474218, -0.00177460559644, 0.000178006259375, -0.000473794556456, 0.010051175952, -0.00379722262733, 0.00212976825424, -0.00139831425622], [0.000256025756244, -0.000275925500318, 0.000531687226612, 0.000460318668047, 0.00132440857124, 0.000271063501714, 0.000172710657353, -0.00100501696579, 0.00145266333129, -0.00379722262733, 0.0106564136222, -0.00087565893773, 0.000605353270657], [-0.000133417299367, 0.00047895978787, -0.000284559908323, 0.000194740190636, 3.80625970138e-05, 0.000448086299002, 0.000383048638469, 1.65943129105e-05, -0.00193076173309, 0.00212976825424, -0.00087565893773, 0.0126525675878, -0.00443864054978], [0.000303991953842, 0.000207129589398, 0.000151380154421, -0.000922031933442, 0.000260085915215, 0.000543860020116, 0.00114518927876, -0.00139524845872, 0.00150315067731, -0.00139831425622, 0.000605353270657, -0.00443864054978, 0.0155270015821]], "cov": [[4729.01611328, -1802.97253418, 38.3525238037, -0.832129955292, -540.442138672, 337.085876465, -147.145568848, -106.479476929, 22.3124465942, -309.884552002, -210.531005859, 135.482894897, -53.5569229126], [-1802.97253418, 2145.00683594, -96.4253540039, 89.5241928101, 476.494842529, -329.085906982, 215.625091553, -7.61491441727, -117.224861145, 122.199104309, 94.0112915039, -139.471755981, -21.2835006714], [38.3525238037, -96.4253540039, 787.457763672, 101.979293823, -76.6332015991, 183.435684204, -147.358306885, 52.3970336914, -11.5537052155, -82.6198577881, -61.0345802307, 31.2749195099, 14.3471565247], [-0.832129955292, 89.5241928101, 101.979293823, 400.967407227, 148.118087769, -6.853099823, -12.8339824677, 41.8675727844, 81.6407165527, -23.9991607666, -53.918926239, 12.5425395966, 19.7287807465], [-540.442138672, 476.494842529, -76.6332015991, 148.118087769, 351.768157959, -125.064941406, 64.8701553345, 34.5867919922, 23.9972019196, 41.6381530762, -6.60677957535, -28.7646884918, 4.04043388367], [337.085876465, -329.085906982, 183.435684204, -6.853099823, -125.064941406, 334.511322021, -20.5791435242, 29.5914058685, 3.13955330849, -60.340045929, -35.5194168091, 13.9509506226, -10.215051651], [-147.145568848, 215.625091553, -147.358306885, -12.8339824677, 64.8701553345, -20.5791435242, 272.288665771, -36.5725784302, -33.0606155396, 65.4869995117, 27.3928718567, -44.3872909546, -27.7144374847], [-106.479476929, -7.61491441727, 52.3970336914, 41.8675727844, 34.5867919922, 29.5914058685, -36.5725784302, 132.21736145, 32.6644630432, -5.28216934204, -0.415270924568, 11.1846551895, 16.6997680664], [22.3124465942, -117.224861145, -11.5537052155, 81.6407165527, 23.9972019196, 3.13955330849, -33.0606155396, 32.6644630432, 166.319656372, -12.059217453, -30.6386432648, 30.5111293793, 3.67863845825], [-309.884552002, 122.199104309, -82.6198577881, -23.9991607666, 41.6381530762, -60.340045929, 65.4869995117, -5.28216934204, -12.059217453, 159.013900757, 66.028427124, -32.0967025757, 3.66680288315], [-210.531005859, 94.0112915039, -61.0345802307, -53.918926239, -6.60677957535, -35.5194168091, 27.3928718567, -0.415270924568, -30.6386432648, 66.028427124, 134.648284912, -12.4635305405, -0.341969430447], [135.482894897, -139.471755981, 31.2749195099, 12.5425395966, -28.7646884918, 13.9509506226, -44.3872909546, 11.1846551895, 30.5111293793, -32.0967025757, -12.4635305405, 106.552627563, 29.0213088989], [-53.5569229126, -21.2835006714, 14.3471565247, 19.7287807465, 4.04043388367, -10.215051651, -27.7144374847, 16.6997680664, 3.67863845825, 3.66680288315, -0.341969430447, 29.0213088989, 78.8865280151]]}, "spectral_energy": {"min": 1.0965481824e-20, "max": 0.0804462358356, "dvar2": 0.000186171411769, "median": 0.0210703574121, "dmean2": 0.0102867847309, "dmean": 0.00633307546377, "var": 0.000144758014358, "dvar": 6.87503634254e-05, "mean": 0.0211984496564}, "melbands_spread": {"min": 0.969850003719, "max": 216.222488403, "dvar2": 453.269561768, "median": 36.9758033752, "dmean2": 17.7273387909, "dmean": 11.3596792221, "var": 791.791992188, "dvar": 194.186538696, "mean": 41.2842941284}, "erbbands_flatness_db": {"min": 0.0882038772106, "max": 0.36990249157, "dvar2": 0.000352717906935, "median": 0.181129038334, "dmean2": 0.0207279138267, "dmean": 0.0141937071458, "var": 0.00147380167618, "dvar": 0.000170394210727, "mean": 0.182736203074}, "spectral_contrast_valleys": {"min": [-27.2802600861, -27.3611602783, -27.4029178619, -27.2817459106, -27.1811389923, -27.3097076416], "max": [-5.73384523392, -4.72106552124, -5.42245101929, -5.85790014267, -5.94585847855, -7.51925182343], "dvar2": [0.306267887354, 0.386442780495, 0.249555960298, 0.21910135448, 0.167879641056, 0.138669550419], "median": [-7.49370861053, -7.20351266861, -7.47441005707, -7.65373325348, -7.48097419739, -10.0965204239], "dmean2": [0.669702708721, 0.67442548275, 0.548902928829, 0.495602309704, 0.426114439964, 0.34976875782], "dmean": [0.401445716619, 0.421448618174, 0.351991593838, 0.32634884119, 0.300550401211, 0.275942474604], "var": [0.674645781517, 0.660506546497, 0.609752297401, 0.595180749893, 0.828231275082, 1.00910437107], "dvar": [0.125343248248, 0.180346637964, 0.131256774068, 0.1184797436, 0.102667801082, 0.0966802835464], "mean": [-7.61327552795, -7.23393917084, -7.54428052902, -7.74259662628, -7.68751096725, -10.3222208023]}, "barkbands_flatness_db": {"min": 0.0407617911696, "max": 0.341918617487, "dvar2": 0.00111546367407, "median": 0.119962222874, "dmean2": 0.0313262864947, "dmean": 0.0203259475529, "var": 0.0029219489079, "dvar": 0.000457826798083, "mean": 0.134460568428}, "zerocrossingrate": {"min": 0.00439453125, "max": 0.50537109375, "dvar2": 0.00024299469078, "median": 0.07373046875, "dmean2": 0.0128092681989, "dmean": 0.0107534984127, "var": 0.00128184794448, "dvar": 0.000165198012837, "mean": 0.074291035533}, "spectral_skewness": {"min": -0.152667209506, "max": 4.67965602875, "dvar2": 0.140472754836, "median": 1.35265696049, "dmean2": 0.37989783287, "dmean": 0.235797390342, "var": 0.22707760334, "dvar": 0.0560129545629, "mean": 1.4