{"lowlevel": {"spectral_complexity": {"min": 0, "max": 55, "dvar2": 28.0420398712, "median": 23, "dmean2": 5.3558588028, "dmean": 3.74372577667, "var": 98.7436599731, "dvar": 15.778298378, "mean": 22.7267456055}, "silence_rate_20dB": {"min": 1, "max": 1, "dvar2": 0, "median": 1, "dmean2": 0, "dmean": 0, "var": 0, "dvar": 0, "mean": 1}, "average_loudness": 0.93252658844, "erbbands_spread": {"min": 3.52005147934, "max": 110.950325012, "dvar2": 96.7243423462, "median": 29.407699585, "dmean2": 9.30133056641, "dmean": 6.14014577866, "var": 193.405517578, "dvar": 43.3884277344, "mean": 31.4252510071}, "spectral_kurtosis": {"min": -1.2726817131, "max": 39.3220214844, "dvar2": 13.1712913513, "median": 4.10608577728, "dmean2": 2.81859564781, "dmean": 1.69019174576, "var": 10.1695919037, "dvar": 4.53975057602, "mean": 4.60420656204}, "barkbands_kurtosis": {"min": -1.87070143223, "max": 27.922372818, "dvar2": 5.01189041138, "median": -0.392044812441, "dmean2": 1.45640838146, "dmean": 0.923717856407, "var": 5.51459312439, "dvar": 2.15966820717, "mean": 0.352903187275}, "spectral_strongpeak": {"min": 0, "max": 12.9650678635, "dvar2": 3.93142819405, "median": 0.478297561407, "dmean2": 1.29760372639, "dmean": 0.758510351181, "var": 2.91919660568, "dvar": 1.51837158203, "mean": 1.31375455856}, "spectral_spread": {"min": 1197154.625, "max": 42842636, "dvar2": 1020957753340.0, "median": 3699038, "dmean2": 715285.625, "dmean": 509946.40625, "var": 25551133737000.0, "dvar": 552931426304, "mean": 4616773}, "spectral_rms": {"min": 3.10073494658e-12, "max": 0.00792253669351, "dvar2": 5.33094009825e-07, "median": 0.00456910580397, "dmean2": 0.000740143994335, "dmean": 0.000491453916766, "var": 2.36208461502e-06, "dvar": 2.47531744435e-07, "mean": 0.00426394445822}, "dynamic_complexity": 3.24110269547, "erbbands": {"min": [6.36899536714e-23, 5.30865372429e-22, 1.76683234292e-21, 6.40764839029e-21, 1.26728213824e-20, 2.00091048144e-20, 4.75926831109e-20, 6.96144411403e-20, 1.39457352151e-19, 1.30747204924e-19, 1.21553790349e-19, 3.04474766175e-19, 4.09105436393e-19, 8.45644938186e-19, 8.34069476092e-19, 9.41215008017e-19, 1.27731472432e-18, 1.8028298053e-18, 2.60360164282e-18, 3.35235974304e-18, 3.40437017162e-18, 3.79284644732e-18, 5.19600739606e-18, 5.46781563662e-18, 6.14234585739e-18, 7.81336277772e-18, 9.58423735519e-18, 7.65314202897e-18, 1.01719491804e-17, 9.88745447079e-18, 1.13189459419e-17, 1.08717117186e-17, 1.07141693807e-17, 7.81014835386e-18, 5.77353166485e-18, 4.07853601933e-18, 2.27924799462e-18, 9.4664875746e-19, 2.57224632773e-19, 2.80146686426e-20], "max": [0.325267165899, 2.88203024864, 23.2742462158, 53.8971786499, 70.8905181885, 108.622070313, 214.451385498, 237.58895874, 571.190063477, 468.272796631, 842.533081055, 594.095397949, 630.039611816, 1121.40270996, 1024.05957031, 1506.36560059, 1075.69677734, 693.24786377, 1537.48193359, 1334.8807373, 1881.47314453, 657.348449707, 583.403198242, 530.083679199, 473.054840088, 272.476501465, 315.411376953, 327.384002686, 552.732971191, 194.196594238, 172.112243652, 157.654342651, 107.126174927, 48.8105926514, 58.9271087646, 2.61833500862, 0.544597446918, 0.0828752964735, 0.00408460898325, 0.00075182353612], "dvar2": [0.0018949493533, 0.178521588445, 6.63925361633, 22.3798274994, 30.3019313812, 143.100234985, 277.908325195, 234.017745972, 489.833282471, 975.747375488, 3542.35913086, 2768.41015625, 1991.61584473, 4626.15039063, 8014.73535156, 5922.23144531, 3519.28076172, 3299.80102539, 7938.37939453, 7570.54931641, 6194.18212891, 4141.86083984, 2511.02490234, 670.500183105, 1125.32336426, 520.181274414, 154.473342896, 366.147735596, 2916.01025391, 172.45664978, 213.658004761, 58.624912262, 23.8059749603, 9.25719547272, 25.0899887085, 0.0533760003746, 0.00195613596588, 3.9534552343e-05, 4.57652191699e-08, 1.51718682062e-09], "median": [0.00699117220938, 0.216753050685, 1.46200811863, 3.15442061424, 2.13179349899, 2.00785923004, 2.96447348595, 3.27792787552, 4.17901849747, 6.77585077286, 10.6026363373, 12.9380750656, 14.4525203705, 12.7760486603, 11.9573297501, 13.7734870911, 12.4907093048, 12.8755741119, 25.5631389618, 27.8026103973, 22.325553894, 31.1972827911, 26.6630115509, 14.3407649994, 14.4190998077, 9.42855930328, 3.74849104881, 2.77941727638, 3.57402706146, 1.85470807552, 1.58794081211, 0.589552938938, 0.385722219944, 0.335987091064, 0.194847375154, 0.0177158489823, 0.00184776587412, 0.000216934393393, 2.46131148742e-05, 2.94079509331e-05], "dmean2": [0.0220517013222, 0.323847472668, 1.89178609848, 3.54996347427, 3.21754074097, 6.05384492874, 8.06935214996, 7.19313001633, 9.48049545288, 14.6992893219, 27.2675476074, 24.0671253204, 21.1088943481, 31.0429534912, 31.6634407043, 27.2338943481, 26.6743717194, 28.9408931732, 45.5774841309, 44.4671478271, 36.8432769775, 40.2849197388, 33.5143508911, 14.7216053009, 16.9408664703, 13.6203746796, 5.87385082245, 7.93172550201, 18.1812019348, 5.10628318787, 6.14754915237, 2.11457562447, 1.31656455994, 1.14212155342, 1.67544102669, 0.0888161957264, 0.0152905955911, 0.00186390662566, 5.77474638703e-05, 1.41054797496e-05], "dmean": [0.0151243889704, 0.191253632307, 1.11317682266, 2.09928011894, 1.90556895733, 3.66149997711, 5.0964756012, 4.5910987854, 5.93513631821, 9.14868545532, 17.0584278107, 15.1547451019, 13.3787174225, 20.0453548431, 20.2728843689, 17.5664730072, 17.07421875, 18.3380832672, 28.8278656006, 28.6411895752, 24.6998214722, 25.9240550995, 21.8503341675, 9.59907627106, 11.281416893, 9.2656621933, 4.08571863174, 5.5420217514, 11.835483551, 3.59654331207, 4.16949605942, 1.50274944305, 0.921470582485, 0.813074350357, 1.13545179367, 0.0630059614778, 0.0103322332725, 0.00120412872639, 3.85642706533e-05, 9.50956564338e-06], "var": [0.00211182935163, 0.160275936127, 9.82975387573, 18.1847801208, 18.2380256653, 83.7894134521, 213.42376709, 213.571289063, 607.21282959, 674.058898926, 2785.08276367, 1733.72717285, 1724.46777344, 4224.60742188, 6423.05029297, 6209.44189453, 3340.08007813, 3843.05957031, 8343.51953125, 7390.77832031, 10241.7539063, 5263.86669922, 3499.01464844, 749.727355957, 1231.8807373, 909.501953125, 169.370498657, 306.816497803, 1439.05249023, 144.645507813, 167.734191895, 42.9383544922, 12.8454008102, 6.81838989258, 14.5055704117, 0.0353845879436, 0.000952860864345, 1.5234759303e-05, 1.79418453428e-08, 6.87964629709e-10], "dvar": [0.00108132313471, 0.0639353692532, 2.42836427689, 8.0428276062, 11.1666622162, 56.0186195374, 113.841712952, 101.66544342, 210.420776367, 407.739654541, 1470.35107422, 1135.53735352, 779.825927734, 1910.81396484, 2995.77172852, 2379.98486328, 1396.05517578, 1307.6184082, 3172.56787109, 3203.37646484, 2699.90258789, 1755.78881836, 1066.07861328, 287.5909729, 467.212341309, 248.636886597, 77.9002151489, 187.783248901, 1245.28430176, 88.3219604492, 102.21697998, 29.0647068024, 10.2160835266, 4.28431797028, 11.5076847076, 0.0251539126039, 0.000839636137243, 1.60983690876e-05, 1.84454300722e-08, 5.75475112008e-10], "mean": [0.0236825607717, 0.368294537067, 2.6630089283, 4.25684690475, 3.29987049103, 5.20857286453, 8.36501407623, 8.14027404785, 11.1940011978, 15.0032176971, 27.2800369263, 24.9898891449, 27.4030151367, 36.5311279297, 36.9736976624, 33.8414840698, 31.6431484222, 37.2826309204, 59.106174469, 56.0979690552, 56.5351486206, 57.6512489319, 49.954120636, 23.30859375, 25.5815029144, 22.1349239349, 8.14914608002, 8.39172077179, 14.7416152954, 5.576628685, 5.99678182602, 2.10395407677, 1.40478301048, 1.23231375217, 1.38616275787, 0.0842203199863, 0.0118356551975, 0.00127556163352, 5.52858764422e-05, 3.15639226756e-05]}, "spectral_contrast_coeffs": {"min": [-0.982644200325, -0.981030285358, -0.976446092129, -0.977434635162, -0.968377590179, -0.964748442173], "max": [-0.347111165524, -0.373610377312, -0.436780273914, -0.507009804249, -0.54687333107, -0.607880592346], "dvar2": [0.00475783599541, 0.00364057626575, 0.00247390009463, 0.00173542101402, 0.000968985725194, 0.0006870541838], "median": [-0.620342254639, -0.745544791222, -0.758172512054, -0.74830019474, -0.749211192131, -0.752155482769], "dmean2": [0.0843482166529, 0.0733244046569, 0.0602606870234, 0.0512160509825, 0.0374731980264, 0.030328148976], "dmean": [0.0508142784238, 0.0454489402473, 0.0372064262629, 0.0321967154741, 0.0246989037842, 0.0192945152521], "var": [0.00785402674228, 0.00623929221183, 0.00513697555289, 0.00475472537801, 0.00442204019055, 0.0023053761106], "dvar": [0.00172143569216, 0.00144195614848, 0.000975807779469, 0.000725529680494, 0.000462606229121, 0.000294306519208], "mean": [-0.626082956791, -0.743343532085, -0.754473090172, -0.745223760605, -0.746801435947, -0.754051089287]}, "dissonance": {"min": 0.311674505472, "max": 0.500000059605, "dvar2": 0.000485359807499, "median": 0.477408409119, "dmean2": 0.0222665127367, "dmean": 0.0133043956012, "var": 0.000376871292247, "dvar": 0.000179528593435, "mean": 0.473231375217}, "spectral_energyband_high": {"min": 7.12273027787e-21, "max": 0.0184176117182, "dvar2": 3.89205843021e-06, "median": 0.000487431650981, "dmean2": 0.000895415258128, "dmean": 0.000654356612358, "var": 3.7934366901e-06, "dvar": 2.06061758945e-06, "mean": 0.00113249931019}, "gfcc": {"mean": [-28.3454818726, 88.7932510376, -146.360031128, 37.9495048523, -55.5458374023, 17.0496177673, -41.3520622253, 13.4197568893, -22.297334671, -4.53417253494, -18.6888847351, -8.05571842194, -9.71532535553], "icov": [[0.000159093542607, -0.000323528365698, 0.000425849313615, -0.000501404632814, 0.000560712825973, -0.000300023559248, 0.000241423171246, -0.000400280609028, 0.000440257514128, -0.000192135907128, 0.000388563319575, -0.000293621385936, 0.000207790260902], [-0.000323528365698, 0.00194762018509, -0.000611366995145, 0.00109089794569, -0.001784086111, 0.000507019169163, -0.000276115548331, 0.000465062912554, -0.00131042452995, 0.00192998943385, -0.00127988879103, 0.0017676880816, 0.000137148541398], [0.000425849313615, -0.000611366995145, 0.00245522148907, -0.00155962316785, 0.000901156512555, -0.00100049970206, 8.1102225522e-05, -0.000980054610409, 0.000558717758395, -0.000698122079484, 0.00222680275328, -0.00190655200277, 0.00105956895277], [-0.000501404632814, 0.00109089794569, -0.00155962316785, 0.00567495636642, -0.00216365861706, 0.000264310830971, 0.00137657986488, -0.000472736370284, -0.0014466237044, 0.00193873571698, -0.00106565339956, 0.00149842933752, -0.00216258270666], [0.000560712825973, -0.001784086111, 0.000901156512555, -0.00216365861706, 0.00780618563294, -0.000635825097561, -0.00200555613264, -0.000698487041518, -0.000520536385011, -6.3412138843e-05, -0.000606035580859, -0.000227644952247, -0.00148762005847], [-0.000300023559248, 0.000507019169163, -0.00100049970206, 0.000264310830971, -0.000635825097561, 0.00631234794855, -0.0026782809291, 0.000726273865439, 0.00207375735044, -0.00177037587855, 0.00117035536095, -0.000478306697914, 0.000788511009887], [0.000241423171246, -0.000276115548331, 8.1102225522e-05, 0.00137657986488, -0.00200555613264, -0.0026782809291, 0.00985334254801, -0.00201148609631, -0.000440340372734, 0.00208058347926, -0.0024014567025, 0.00191226718016, 0.00170577259269], [-0.000400280609028, 0.000465062912554, -0.000980054610409, -0.000472736370284, -0.000698487041518, 0.000726273865439, -0.00201148609631, 0.0105982981622, -0.00356690376066, -0.00135583104566, 0.00126487691887, 0.00113459734712, -0.0016238585813], [0.000440257514128, -0.00131042452995, 0.000558717758395, -0.0014466237044, -0.000520536385011, 0.00207375735044, -0.000440340372734, -0.00356690376066, 0.0152361458167, -0.0042940620333, 0.00213442137465, -0.000770716404077, 0.000578771461733], [-0.000192135907128, 0.00192998943385, -0.000698122079484, 0.00193873571698, -6.3412138843e-05, -0.00177037587855, 0.00208058347926, -0.00135583104566, -0.0042940620333, 0.0184702351689, -0.00481434073299, -0.00249396171421, 0.00399992475286], [0.000388563319575, -0.00127988879103, 0.00222680275328, -0.00106565339956, -0.000606035580859, 0.00117035536095, -0.0024014567025, 0.00126487691887, 0.00213442137465, -0.00481434073299, 0.0136949857697, -0.00252187624574, -0.00162435742095], [-0.000293621385936, 0.0017676880816, -0.00190655200277, 0.00149842933752, -0.000227644952247, -0.000478306697914, 0.00191226718016, 0.00113459734712, -0.000770716404077, -0.00249396171421, -0.00252187624574, 0.0157774481922, -0.00415295921266], [0.000207790260902, 0.000137148541398, 0.00105956895277, -0.00216258270666, -0.00148762005847, 0.000788511009887, 0.00170577259269, -0.0016238585813, 0.000578771461733, 0.00399992475286, -0.00162435742095, -0.00415295921266, 0.0151924509555]], "cov": [[36378.5429688, 1359.59448242, -3206.48706055, 1361.0390625, -1917.44140625, 598.249206543, -1270.23181152, 483.983581543, -695.382995605, -104.451034546, -641.518432617, -75.4988479614, -152.151702881], [1359.59448242, 1358.4519043, -336.166778564, -17.6946525574, 279.250732422, -107.114189148, 133.678848267, 20.9100379944, 56.0423469543, -152.132522583, 88.5164489746, -188.318695068, 6.10171222687], [-3206.48706055, -336.166778564, 1097.41870117, 31.7693004608, 54.039691925, 96.6628570557, 54.5100135803, 26.3331890106, 56.4915428162, 52.9963302612, -91.9040222168, 91.5958175659, -29.0488548279], [1361.0390625, -17.6946525574, 31.7693004608, 340.887176514, -22.17943573, 7.92042636871, -86.2761077881, 59.4006843567, -2.35682702065, -24.5025463104, -43.0413818359, 5.81427288055, 44.834186554], [-1917.44140625, 279.250732422, 54.039691925, -22.17943573, 368.400878906, -63.8591346741, 150.610656738, -3.38428473473, 71.3844528198, -43.5752754211, 87.7457962036, -50.9997825623, 43.0876693726], [598.249206543, -107.114189148, 96.6628570557, 7.92042636871, -63.8591346741, 250.468643188, 18.8032817841, 4.21730709076, -46.2312812805, 31.1241359711, -45.5460510254, 23.3575878143, -38.6606636047], [-1270.23181152, 133.678848267, 54.5100135803, -86.2761077881, 150.610656738, 18.8032817841, 213.092544556, 1.13434159756, 32.3007926941, -19.2373561859, 54.1295089722, -42.9918403625, -12.079252243], [483.983581543, 20.9100379944, 26.3331890106, 59.4006843567, -3.38428473473, 4.21730709076, 1.13434159756, 130.982910156, 27.0042877197, 4.62078619003, -26.7343902588, -5.80036211014, 6.44386482239], [-695.382995605, 56.0423469543, 56.4915428162, -2.35682702065, 71.3844528198, -46.2312812805, 32.3007926941, 27.0042877197, 104.262458801, 8.25553226471, 11.6937351227, -8.51040840149, 6.15701246262], [-104.451034546, -152.132522583, 52.9963302612, -24.5025463104, -43.5752754211, 31.1241359711, -19.2373561859, 4.62078619003, 8.25553226471, 91.6096038818, 4.83041095734, 36.1012878418, -21.6592197418], [-641.518432617, 88.5164489746, -91.9040222168, -43.0413818359, 87.7457962036, -45.5460510254, 54.1295089722, -26.7343902588, 11.6937351227, 4.83041095734, 132.180084229, -5.59321451187, 21.1651153564], [-75.4988479614, -188.318695068, 91.5958175659, 5.81427288055, -50.9997825623, 23.3575878143, -42.9918403625, -5.80036211014, -8.51040840149, 36.1012878418, -5.59321451187, 107.477630615, 14.7740879059], [-152.151702881, 6.10171222687, -29.0488548279, 44.834186554, 43.0876693726, -38.6606636047, -12.079252243, 6.44386482239, 6.15701246262, -21.6592197418, 21.1651153564, 14.7740879059, 96.2961273193]]}, "spectral_flux": {"min": 6.38511535311e-11, "max": 0.209512189031, "dvar2": 0.000612305186223, "median": 0.0742022395134, "dmean2": 0.0258242283016, "dmean": 0.0172948036343, "var": 0.00138277781662, "dvar": 0.000290885713184, "mean": 0.0748435109854}, "silence_rate_30dB": {"min": 1, "max": 1, "dvar2": 0, "median": 1, "dmean2": 0, "dmean": 0, "var": 0, "dvar": 0, "mean": 1}, "spectral_energyband_middle_high": {"min": 1.15901049685e-21, "max": 0.0520589612424, "dvar2": 2.55369868682e-05, "median": 0.00662865396589, "dmean2": 0.00353116588667, "dmean": 0.00246304646134, "var": 6.08284135524e-05, "dvar": 1.10015662358e-05, "mean": 0.00887666083872}, "barkbands_spread": {"min": 2.51661062241, "max": 99.3772277832, "dvar2": 90.8254852295, "median": 27.6376476288, "dmean2": 8.65935230255, "dmean": 5.72921562195, "var": 156.534103394, "dvar": 44.6389007568, "mean": 28.8993930817}, "spectral_centroid": {"min": 283.228179932, "max": 11841.7490234, "dvar2": 185338, "median": 1858.81933594, "dmean2": 377.717773438, "dmean": 253.740402222, "var": 1858083.375, "dvar": 93083.2734375, "mean": 1986.77600098}, "pitch_salience": {"min": 0.161968365312, "max": 0.840476334095, "dvar2": 0.00691702682525, "median": 0.565606832504, "dmean2": 0.0968578830361, "dmean": 0.0607055276632, "var": 0.0107896849513, "dvar": 0.0029518015217, "mean": 0.565389156342}, "erbbands_skewness": {"min": -2.90001010895, "max": 3.02562761307, "dvar2": 0.179514929652, "median": -0.180413067341, "dmean2": 0.471999913454, "dmean": 0.310599267483, "var": 0.486789017916, "dvar": 0.0784804522991, "mean": -0.263192802668}, "erbbands_crest": {"min": 2.28438663483, "max": 28.2002334595, "dvar2": 11.4292011261, "median": 7.69196462631, "dmean2": 3.67894649506, "dmean": 2.26404881477, "var": 12.8097419739, "dvar": 4.5766043663, "mean": 8.3882598877}, "melbands": {"min": [8.25080714127e-25, 8.8570541425e-25, 1.02389343307e-24, 1.14570874241e-24, 1.48222063293e-24, 1.25538289077e-24, 2.29094988751e-24, 8.02731249302e-25, 1.18142284217e-24, 1.83055705538e-24, 1.29105005331e-24, 2.7868351495e-24, 2.42890016338e-24, 1.92248538324e-24, 1.52687499194e-24, 2.42078278466e-24, 2.86044001348e-24, 3.64389682707e-24, 2.95432156095e-24, 3.4318297165e-24, 3.57370122271e-24, 3.05018216321e-24, 3.78384706254e-24, 3.89477194987e-24, 3.4820742397e-24, 4.63205910126e-24, 3.56464076078e-24, 3.87056535856e-24, 5.20470743185e-24, 5.83233700096e-24, 3.25531676414e-24, 4.53329923795e-24, 4.6566845777e-24, 4.7510236645e-24, 5.28488804312e-24, 5.93869793352e-24, 5.3334199493e-24, 6.50274373594e-24, 6.28839484521e-24, 5.72612595197e-24], "max": [0.00298217684031, 0.00868475716561, 0.00758960237727, 0.00546844443306, 0.00621404265985, 0.00474919890985, 0.00810005236417, 0.00809646490961, 0.00552910426632, 0.00324035203084, 0.00328825297765, 0.00413325196132, 0.00438003893942, 0.00652391882613, 0.00385497021489, 0.00164950906765, 0.00143384060357, 0.00305125932209, 0.00158593943343, 0.00123311078642, 0.00221904506907, 0.000726927362848, 0.00064744183328, 0.000619643717073, 0.000481903640321, 0.00052136182785, 0.000326440873323, 0.000170487997821, 0.000200465918169, 0.000140429314342, 0.000207239107112, 0.000400095799705, 0.000180620932952, 0.000105443628854, 0.000127551975311, 0.000109898399387, 9.90622793324e-05, 9.0974586783e-05, 4.21899458161e-05, 4.09425374528e-05], "dvar2": [1.51809615545e-07, 1.0279458138e-06, 5.6953672356e-07, 3.1859980254e-07, 3.01851713402e-07, 1.16882908685e-07, 9.86099735201e-08, 1.9735378487e-07, 2.18200270297e-07, 1.01746778114e-07, 5.38916786752e-08, 7.50198552169e-08, 1.32868649416e-07, 1.28542737343e-07, 3.93453554182e-08, 1.37477851325e-08, 1.62679025806e-08, 2.58943764209e-08, 2.62759343173e-08, 7.04117431027e-09, 1.07748352463e-08, 5.12910780515e-09, 3.55024343257e-09, 2.52237009057e-09, 5.1797316436e-10, 7.45858319551e-10, 6.87265577781e-10, 2.293889384e-10, 6.89252821484e-11, 8.90422249822e-11, 1.45591913525e-10, 1.39275879718e-09, 1.67086983138e-10, 4.57735203907e-11, 1.3628805029e-10, 2.76373819663e-11, 2.29375216737e-11, 1.61758141604e-11, 5.46104871393e-12, 7.60008896095e-12], "median": [0.00012581187184, 0.000651674286928, 0.000561813474633, 0.000148316525156, 0.00011101779819, 7.35772118787e-05, 5.90246527281e-05, 7.90688864072e-05, 8.88167633093e-05, 8.49294301588e-05, 6.94307600497e-05, 5.01886024722e-05, 3.78845616069e-05, 2.98809318338e-05, 3.23186141031e-05, 1.87894383998e-05, 2.1602747438e-05, 3.50220907421e-05, 3.98788579332e-05, 2.3272656108e-05, 2.50440989475e-05, 3.05885732814e-05, 2.77820836345e-05, 1.69108916452e-05, 8.83301072463e-06, 9.55651375989e-06, 8.28237170936e-06, 5.2335503824e-06, 2.21008849621e-06, 1.21554649013e-06, 1.48253059251e-06, 2.16040302803e-06, 1.14932072393e-06, 8.98942062122e-07, 1.04497564735e-06, 3.97335895741e-07, 2.87262594156e-07, 2.56949419963e-07, 2.35169906659e-07, 2.36870690173e-07], "dmean2": [0.000250855868217, 0.000766242446844, 0.000568580522668, 0.000297465769108, 0.000288022623863, 0.000162993906997, 0.000138995499583, 0.000203252609936, 0.000215674692299, 0.000152437889483, 0.000109187451017, 0.000131421838887, 0.000114382033644, 0.000101017350971, 7.68142635934e-05, 5.19588575116e-05, 6.17409896222e-05, 8.11495337985e-05, 7.94320148998e-05, 4.28924104199e-05, 4.83062285639e-05, 4.44692122983e-05, 3.69622794096e-05, 3.08620074065e-05, 1.23980462376e-05, 1.26500408442e-05, 1.40907995956e-05, 9.07896537683e-06, 4.22091397922e-06, 3.84219583793e-06, 4.84171778226e-06, 1.24634298118e-05, 4.72501415061e-06, 2.55474856203e-06, 4.82684163217e-06, 1.52547443122e-06, 1.23478844216e-06, 1.03246645722e-06, 7.5530505228e-07, 1.01599573554e-06], "dmean": [0.000160630472237, 0.000449192128144, 0.000334993790602, 0.000179357535671, 0.000181483730557, 0.000104155056761, 8.67502967594e-05, 0.000126809914946, 0.00013624393614, 9.61763507803e-05, 6.92544708727e-05, 8.45728136483e-05, 7.33892957214e-05, 6.43351158942e-05, 4.86413628096e-05, 3.33483294526e-05, 3.90759705624e-05, 5.13323575433e-05, 5.00630267197e-05, 2.80724107142e-05, 3.21836159856e-05, 2.85581008939e-05, 2.36323339777e-05, 1.98744328372e-05, 7.85134852777e-06, 8.15153816802e-06, 9.31017439143e-06, 6.13053907728e-06, 2.85612532025e-06, 2.61894706455e-06, 3.32626723321e-06, 8.07360174804e-06, 3.15537840834e-06, 1.75810384917e-06, 3.21792731484e-06, 1.05891274416e-06, 8.67258620474e-07, 7.05711727278e-07, 5.20322089415e-07, 7.09667745014e-07], "var": [1.5346036264e-07, 1.39424753343e-06, 4.40397769808e-07, 1.8728182738e-07, 2.60520835127e-07, 1.07525352178e-07, 1.18442670782e-07, 1.4248193736e-07, 1.66194865869e-07, 6.54857430504e-08, 4.76189647713e-08, 7.03836349203e-08, 9.88239960975e-08, 1.23473540725e-07, 3.08056584686e-08, 1.3359311879e-08, 1.87835755838e-08, 2.71031304067e-08, 2.37069386344e-08, 7.91041721016e-09, 1.71509277891e-08, 5.73895908573e-09, 4.0772092369e-09, 2.94603585971e-09, 4.52969495246e-10, 6.34668206878e-10, 9.10678421562e-10, 3.91389226584e-10, 8.18412490555e-11, 6.56231596841e-11, 1.13810905145e-10, 6.89426737921e-10, 1.00984151596e-10, 3.43684074255e-11, 9.7192302817e-11, 2.01083646262e-11, 1.52008371168e-11, 7.72315805059e-12, 3.61010093347e-12, 5.29044906841e-12], "dvar": [7.42439709711e-08, 3.64636576933e-07, 2.03377695129e-07, 1.22368703614e-07, 1.24951526459e-07, 5.07247577275e-08, 4.21952748297e-08, 8.25333117405e-08, 8.87367264113e-08, 4.16710541629e-08, 2.10189377015e-08, 3.12688008819e-08, 4.96475287548e-08, 5.14076319291e-08, 1.50793582065e-08, 5.74825742561e-09, 6.4585066184e-09, 1.05779980331e-08, 1.01736210567e-08, 3.15368997583e-09, 4.74304107101e-09, 2.18418727549e-09, 1.55003565538e-09, 1.03575870103e-09, 2.1746837664e-10, 3.02856018042e-10, 2.9868257867e-10, 1.0917344806e-10, 3.38533125144e-11, 4.25631821455e-11, 7.28791957338e-11, 5.94969851164e-10, 7.6349940259e-11, 2.24212176603e-11, 6.23277679468e-11, 1.36334225159e-11, 1.09800129058e-11, 6.73098035642e-12, 2.40000033735e-12, 3.43325758448e-12], "mean": [0.000271509576123, 0.00107470771763, 0.000714377732947, 0.000277461571386, 0.000300747196889, 0.00018644980446, 0.000159818257089, 0.000201599250431, 0.000219794936129, 0.000159175906447, 0.000139071125886, 0.000150217645569, 0.000128409432364, 0.000111548302812, 8.4544881247e-05, 5.77068858547e-05, 7.26007347112e-05, 9.79534670478e-05, 9.20200909604e-05, 5.44446957065e-05, 6.87107458361e-05, 5.80382875341e-05, 4.98457229696e-05, 4.01803154091e-05, 1.57430185936e-05, 1.69009636011e-05, 1.97036151803e-05, 1.36651342473e-05, 5.4921310948e-06, 3.78722074856e-06, 4.86290400659e-06, 9.83512381936e-06, 4.15805197918e-06, 2.6769073429e-06, 4.45320756626e-06, 1.45551302921e-06, 1.14807107821e-06, 9.99568101179e-07, 8.56078429479e-07, 1.02179876649e-06]}, "barkbands_skewness": {"min": -2.2516310215, "max": 5.10551309586, "dvar2": 0.266339689493, "median": 0.447969168425, "dmean2": 0.54219686985, "dmean": 0.3606582582, "var": 0.815333664417, "dvar": 0.123725198209, "mean": 0.532974541187}, "spectral_entropy": {"min": 5.64218664169, "max": 9.8213596344, "dvar2": 0.0380451492965, "median": 7.60274744034, "dmean2": 0.19494189322, "dmean": 0.145341292024, "var": 0.226182430983, "dvar": 0.0215862747282, "mean": 7.64496612549}, "spectral_rolloff": {"min": 129.19921875, "max": 19595.2148438, "dvar2": 1591712.5, "median": 2110.25390625, "dmean2": 866.61730957, "dmean": 548.250488281, "var": 6574935.5, "dvar": 808308.0625, "mean": 2573.8347168}, "barkbands": {"min": [2.86453637094e-25, 2.10842601228e-24, 7.37886389855e-25, 1.2656103738e-24, 6.61395300763e-24, 7.33889921902e-24, 1.24133132562e-23, 3.01387385397e-24, 1.13197193276e-23, 1.14891847938e-23, 1.37757943686e-23, 1.79963374733e-23, 2.10817444453e-23, 3.00514794796e-23, 4.46598676243e-23, 4.94872230477e-23, 4.95546517224e-23, 8.12835019219e-23, 1.20878910934e-22, 1.55643594508e-22, 2.38235008878e-22, 3.02808915904e-22, 4.03136750701e-22, 6.00221568832e-22, 7.6138522068e-22, 1.22304812992e-21, 1.93296559127e-21], "max": [0.000455416593468, 0.0117168659344, 0.021367430687, 0.018974032253, 0.0254597235471, 0.031620759517, 0.0338498726487, 0.0536553673446, 0.028205005452, 0.0187037270516, 0.0359584465623, 0.0458149500191, 0.0296718329191, 0.0239677019417, 0.0230162888765, 0.0274052713066, 0.0119242249057, 0.00879954081029, 0.0134792206809, 0.00633789319545, 0.00658621452749, 0.0106967333704, 0.00579606601968, 0.00607235915959, 0.00501479767263, 0.000250406039413, 3.12830707117e-05], "dvar2": [2.42218778368e-09, 2.50249854616e-06, 7.1671643127e-06, 3.63291042049e-06, 7.17873035683e-06, 3.90281957152e-06, 2.11259043681e-06, 8.81084542925e-06, 5.26811254531e-06, 2.79342361864e-06, 7.88160923548e-06, 6.43825933366e-06, 2.55089776147e-06, 2.48149217441e-06, 3.86540568797e-06, 1.75655452495e-06, 1.44474222452e-06, 7.2026369935e-07, 3.9732174173e-07, 2.56802906051e-07, 1.30520675157e-07, 1.10775772555e-06, 1.93763099787e-07, 1.00552064453e-07, 2.15871693854e-07, 5.93809779126e-10, 2.93188758861e-12], "median": [2.54773731285e-05, 0.000683536869474, 0.00154358777218, 0.000927953107748, 0.000595794932451, 0.000379486940801, 0.000265861075604, 0.000411601999076, 0.000670169945806, 0.000335933233146, 0.000219681285671, 0.000279108731775, 0.00027539889561, 0.000256843253737, 0.000557642255444, 0.000307696464006, 0.000528530043084, 0.000348725297954, 0.000263917347183, 0.000192329389392, 6.01595274929e-05, 8.52988596307e-05, 5.68115683564e-05, 2.40563022089e-05, 3.13320888381e-05, 1.2708152326e-06, 2.18908287053e-08], "dmean2": [3.11733674607e-05, 0.00117013789713, 0.00197905115783, 0.00133575196378, 0.00150291703176, 0.000901500752661, 0.000668952532578, 0.00134160544258, 0.00111681281123, 0.000800399575382, 0.000831251265481, 0.000798924535047, 0.000717876537237, 0.000774730055127, 0.0010372553952, 0.000637247110717, 0.000757997622713, 0.000563870416954, 0.000303333072225, 0.000300414802041, 0.000153695160407, 0.000373432849301, 0.000185495548067, 8.56719707372e-05, 0.000164815224707, 8.91304898687e-06, 3.09975860091e-07], "dmean": [1.98414181796e-05, 0.00071597105125, 0.00115871476009, 0.000783456780482, 0.000924397085328, 0.000574436271563, 0.000418161624111, 0.000831965007819, 0.000706861494109, 0.000512715138029, 0.000533565529622, 0.000509713951033, 0.00045631575631, 0.000487821613206, 0.000658245349769, 0.000414808775531, 0.000490911945235, 0.000364142353646, 0.000197161381948, 0.000203850635444, 0.000107041218143, 0.000248105527135, 0.000127161911223, 6.06605717621e-05, 0.000114322654554, 5.90425179325e-06, 1.79379640031e-07], "var": [2.12778639153e-09, 2.32850902648e-06, 8.70742496772e-06, 2.69086149274e-06, 5.37729238204e-06, 3.24786901729e-06, 2.32319735005e-06, 6.73627846481e-06, 3.51492849404e-06, 2.77080334854e-06, 6.13528800386e-06, 6.15002818449e-06, 2.19268963519e-06, 2.75769275504e-06, 3.6895435187e-06, 2.61839886662e-06, 1.70973919467e-06, 8.90242574769e-07, 3.71269180732e-07, 4.33536484934e-07, 1.19694178125e-07, 6.24440758656e-07, 1.59520809007e-07, 6.4517429621e-08, 1.35295763926e-07, 2.88941315318e-10, 6.79932726875e-13], "dvar": [1.12956399789e-09, 1.01965906651e-06, 2.60157071352e-06, 1.28526664867e-06, 2.85372993858e-06, 1.66022164194e-06, 9.14396139251e-07, 3.68418182006e-06, 2.14773626794e-06, 1.13193016205e-06, 3.02357307191e-06, 2.57239025814e-06, 9.97634515443e-07, 9.77705781224e-07, 1.52776419782e-06, 7.45637976252e-07, 6.29264832241e-07, 3.02942140706e-07, 1.66358674392e-07, 1.21295883559e-07, 6.8259836894e-08, 4.9257300816e-07, 9.52899910089e-08, 4.6913740448e-08, 9.98865559154e-08, 2.5322849373e-10, 1.04508773597e-12], "mean": [3.98904921894e-05, 0.00127055274788, 0.00258021452464, 0.00143439683598, 0.00142269278876, 0.000991144566797, 0.000723639212083, 0.00126559101045, 0.00121361867059, 0.000927826040424, 0.000892687356099, 0.000884877517819, 0.000781436101533, 0.000902845873497, 0.00123512349091, 0.000878397957422, 0.00100780604407, 0.000759808172006, 0.000438558636233, 0.00047291838564, 0.000170146726305, 0.000326306355419, 0.00018924404867, 8.81657397258e-05, 0.000151972315507, 6.79880440657e-06, 1.53221677124e-07]}, "melbands_flatness_db": {"min": 0.0020248782821, "max": 0.389391005039, "dvar2": 0.000814722443465, "median": 0.145111992955, "dmean2": 0.030340751633, "dmean": 0.0213904101402, "var": 0.00348494737409, "dvar": 0.000447251135483, "mean": 0.152819111943}, "melbands_skewness": {"min": -1.50371110439, "max": 8.99614906311, "dvar2": 0.444127291441, "median": 1.33441948891, "dmean2": 0.682955980301, "dmean": 0.450311243534, "var": 1.28601980209, "dvar": 0.198452442884, "mean": 1.51516413689}, "silence_rate_60dB": {"min": 0, "max": 1, "dvar2": 0.012666720897, "median": 0, "dmean2": 0.0111017255113, "dmean": 0.0055501931347, "var": 0.0739925801754, "dvar": 0.00551910279319, "mean": 0.0804680883884}, "spectral_energyband_low": {"min": 1.45756472617e-23, "max": 0.0285693202168, "dvar2": 1.32596896947e-05, "median": 0.00389756215736, "dmean2": 0.00299186166376, "dmean": 0.00178843922913, "var": 1.67554662767e-05, "dvar": 4.80713970319e-06, "mean": 0.00478305853903}, "spectral_energyband_middle_low": {"min": 1.79129574e-22, "max": 0.0547078996897, "dvar2": 2.87906859739e-05, "median": 0.00589028419927, "dmean2": 0.00416655745357, "dmean": 0.00262673711404, "var": 3.19083046634e-05, "dvar": 1.19177411761e-05, "mean": 0.00724698137492}, "melbands_kurtosis": {"min": -1.7521674633, "max": 99.676651001, "dvar2": 32.72996521, "median": 1.51160573959, "dmean2": 3.54559278488, "dmean": 2.28859329224, "var": 41.2654380798, "dvar": 13.8711862564, "mean": 3.68539714813}, "spectral_decrease": {"min": -1.55357930964e-08, "max": 1.81558318637e-28, "dvar2": 3.47260719548e-18, "median": -5.03258901219e-09, "dmean2": 1.73460856789e-09, "dmean": 1.11268783076e-09, "var": 6.99773953268e-18, "dvar": 1.45043111542e-18, "mean": -4.92730034551e-09}, "erbbands_kurtosis": {"min": -1.6419980526, "max": 17.7911472321, "dvar2": 2.21405339241, "median": 0.0985121205449, "dmean2": 1.19954884052, "dmean": 0.771309018135, "var": 2.94825768471, "dvar": 0.951733350754, "mean": 0.57891958952}, "melbands_crest": {"min": 1.52404081821, "max": 30.6453819275, "dvar2": 16.7027072906, "median": 11.4345560074, "dmean2": 4.67713546753, "dmean": 2.89491987228, "var": 30.4595527649, "dvar": 7.12935400009, "mean": 12.449669838}, "mfcc": {"mean": [-643.121154785, 108.925170898, -24.7717666626, 19.8137226105, 6.1317987442, 1.78911840916, -2.98583841324, 8.06910705566, 2.6800262928, 2.32240486145, 0.343406140804, -6.13210868835, -0.242535382509], "icov": [[8.86698035174e-05, -5.01735776197e-05, 2.46783474722e-05, -0.000142536940984, 0.000147580125486, -4.21441873186e-05, 0.000148518694914, -0.000116479444841, -2.0355430479e-06, 9.52886621235e-05, 3.7097313907e-05, 0.000194974971237, 8.61650914885e-05], [-5.01735776197e-05, 0.000904727494344, 0.000377131218556, -0.000160035735462, -0.000412755849538, 2.00480935746e-05, -0.000304440618493, -0.000843731162604, 3.99245327571e-05, -0.000312132848194, -0.000329049158609, -0.000184211239684, 0.000111362394819], [2.46783474722e-05, 0.000377131218556, 0.002195274923, -0.000303740263917, 0.000234733437537, -0.00126928288955, 0.000725410180166, -0.000720207870472, -0.000942254380789, 0.00101070897654, -0.000272869801847, -0.000474913569633, 3.40668666468e-05], [-0.000142536940984, -0.000160035735462, -0.000303740263917, 0.00570208905265, -0.00310644437559, 0.0013941655634, 0.000397432857426, -0.000715840666089, -0.000354787975084, -0.000661678437609, 0.00160889443941, -0.000581075903028, -0.00122495077085], [0.000147580125486, -0.000412755849538, 0.000234733437537, -0.00310644437559, 0.00892437063158, -0.00117449846584, -0.000219620254938, 0.00103378354106, -0.00111364643089, -0.000579874496907, 0.00157110975124, 0.000275362253888, -0.00113483972382], [-4.21441873186e-05, 2.00480935746e-05, -0.00126928288955, 0.0013941655634, -0.00117449846584, 0.00764103466645, -0.00210462580435, -0.00143121625297, 0.000392891291995, 0.00149721337948, -0.00185118627269, 0.000645619176794, 0.00118249526713], [0.000148518694914, -0.000304440618493, 0.000725410180166, 0.000397432857426, -0.000219620254938, -0.00210462580435, 0.00893969275057, -0.00318380864337, 0.00172849243972, -0.00336625752971, 0.00156729656737, 0.000152588807396, 0.000466279103421], [-0.000116479444841, -0.000843731162604, -0.000720207870472, -0.000715840666089, 0.00103378354106, -0.00143121625297, -0.00318380864337, 0.0153206614777, -0.00429682806134, -0.000809377117548, 0.000238016684307, 0.00081518368097, -0.00391567125916], [-2.0355430479e-06, 3.99245327571e-05, -0.000942254380789, -0.000354787975084, -0.00111364643089, 0.000392891291995, 0.00172849243972, -0.00429682806134, 0.0110291512683, -0.00300829811022, 0.00209912192076, -0.0002973965602, -0.000328952970449], [9.52886621235e-05, -0.000312132848194, 0.00101070897654, -0.000661678437609, -0.000579874496907, 0.00149721337948, -0.00336625752971, -0.000809377117548, -0.00300829811022, 0.0154951727018, -0.00510072987527, 3.15070174111e-05, 0.00257413415238], [3.7097313907e-05, -0.000329049158609, -0.000272869801847, 0.00160889443941, 0.00157110975124, -0.00185118627269, 0.00156729656737, 0.000238016684307, 0.00209912192076, -0.00510072987527, 0.013296443969, -0.00110198813491, -0.00196678051725], [0.000194974971237, -0.000184211239684, -0.000474913569633, -0.000581075903028, 0.000275362253888, 0.000645619176794, 0.000152588807396, 0.00081518368097, -0.0002973965602, 3.15070174111e-05, -0.00110198813491, 0.0148341143504, -0.003942981828], [8.61650914885e-05, 0.000111362394819, 3.40668666468e-05, -0.00122495077085, -0.00113483972382, 0.00118249526713, 0.000466279103421, -0.00391567125916, -0.000328952970449, 0.00257413415238, -0.00196678051725, -0.003942981828, 0.0155164077878]], "cov": [[13499.3027344, 786.504394531, -135.113388062, 345.338470459, -68.6318359375, -38.6708679199, -188.214401245, 125.762123108, 61.5071105957, -89.9380340576, -108.688072205, -183.592514038, -61.9348640442], [786.504394531, 1543.12438965, -312.597808838, 130.05329895, 108.502586365, -22.1400794983, 126.240242004, 118.613243103, 35.2186584473, 101.519775391, 17.0670967102, 1.51434957981, 17.7258682251], [-135.113388062, -312.597808838, 656.715148926, -0.810850441456, -16.9419879913, 98.3786392212, -66.0985717773, 24.961523056, 55.7102966309, -63.6114997864, 0.402550846338, 20.2884407043, 17.9777622223], [345.338470459, 130.05329895, -0.810850441456, 296.240142822, 112.285110474, -56.9649772644, -13.4925403595, 32.4420890808, 50.7727966309, 8.03058815002, -51.7879600525, 14.8271522522, 38.6311073303], [-68.6318359375, 108.502586365, -16.9419879913, 112.285110474, 168.044815063, -7.32525444031, 11.3189744949, 15.7787246704, 33.1579437256, 11.549826622, -30.6394023895, 6.40713453293, 21.5257816315], [-38.6708679199, -22.1400794983, 98.3786392212, -56.9649772644, -7.32525444031, 181.695770264, 39.0004615784, 20.7120323181, -6.22001361847, -8.23917961121, 24.7813358307, -9.82508468628, -12.7878875732], [-188.214401245, 126.240242004, -66.0985717773, -13.4925403595, 11.3189744949, 39.0004615784, 165.562866211, 37.8128890991, -7.4224319458, 43.0374145508, 4.02231264114, -6.00648975372, -6.67186069489], [125.762123108, 118.613243103, 24.961523056, 32.4420890808, 15.7787246704, 20.7120323181, 37.8128890991, 103.416282654, 43.9804878235, 17.2663173676, -2.82095623016, 1.53018832207, 23.5929927826], [61.5071105957, 35.2186584473, 55.7102966309, 50.7727966309, 33.1579437256, -6.22001361847, -7.4224319458, 43.9804878235, 127.853164673, 16.9726524353, -19.723279953, 6.15628242493, 16.4718017578], [-89.9380340576, 101.519775391, -63.6114997864, 8.03058815002, 11.549826622, -8.23917961121, 43.0374145508, 17.2663173676, 16.9726524353, 96.0649414063, 25.6398048401, -0.441406041384, -7.35824298859], [-108.688072205, 17.0670967102, 0.402550846338, -51.7879600525, -30.6394023895, 24.7813358307, 4.02231264114, -2.82095623016, -19.723279953, 25.6398048401, 102.588157654, 6.79532003403, 1.48815870285], [-183.592514038, 1.51434957981, 20.2884407043, 14.8271522522, 6.40713453293, -9.82508468628, -6.00648975372, 1.53018832207, 6.15628242493, -0.441406041384, 6.79532003403, 78.6254501343, 24.9638061523], [-61.9348640442, 17.7258682251, 17.9777622223, 38.6311073303, 21.5257816315, -12.7878875732, -6.67186069489, 23.5929927826, 16.4718017578, -7.35824298859, 1.48815870285, 24.9638061523, 84.4804382324]]}, "spectral_energy": {"min": 9.85492157362e-21, "max": 0.0643357485533, "dvar2": 6.00352541369e-05, "median": 0.0213986448944, "dmean2": 0.00717948190868, "dmean": 0.00470379367471, "var": 0.00013029621914, "dvar": 2.61827626673e-05, "mean": 0.0210568383336}, "melbands_spread": {"min": 2.86057639122, "max": 211.184570313, "dvar2": 242.606689453, "median": 37.3712921143, "dmean2": 13.5460948944, "dmean": 8.94212627411, "var": 570.523071289, "dvar": 119.811172485, "mean": 40.9778823853}, "erbbands_flatness_db": {"min": 0.0389765538275, "max": 0.445540964603, "dvar2": 0.000413163565099, "median": 0.17353272438, "dmean2": 0.0222723037004, "dmean": 0.0154591454193, "var": 0.00207962468266, "dvar": 0.000208915531402, "mean": 0.174400880933}, "spectral_contrast_valleys": {"min": [-28.1962566376, -28.1365013123, -27.8478660583, -27.7004737854, -27.6384906769, -27.3887367249], "max": [-5.94191074371, -5.03297615051, -5.4764547348, -5.64754247665, -5.56235313416, -7.37104225159], "dvar2": [0.362026572227, 0.246390491724, 0.186892539263, 0.171570703387, 0.154343992472, 0.238732337952], "median": [-7.63925886154, -6.75145244598, -7.10585451126, -7.39106607437, -7.32240915298, -10.1280126572], "dmean2": [0.733400583267, 0.57364743948, 0.488191753626, 0.424530386925, 0.377455741167, 0.43920135498], "dmean": [0.44116833806, 0.35778939724, 0.308626890182, 0.279057651758, 0.273653358221, 0.348327547312], "var": [8.28252506256, 8.73528289795, 8.36733627319, 8.08938694, 8.30013561249, 6.86645650864], "dvar": [0.148621827364, 0.111118339002, 0.0922168642282, 0.0891145765781, 0.092603251338, 0.147859439254], "mean": [-8.19042682648, -7.29997301102, -7.64682245255, -7.89957237244, -7.87006378174, -10.614525795]}, "barkbands_flatness_db": {"min": 0.0314954146743, "max": 0.357017368078, "dvar2": 0.000510035955813, "median": 0.109110951424, "dmean2": 0.0243070833385, "dmean": 0.0162885971367, "var": 0.0016990522854, "dvar": 0.000247176008997, "mean": 0.115423731506}, "zerocrossingrate": {"min": 0.0068359375, "max": 0.5244140625, "dvar2": 0.000283972389298, "median": 0.07421875, "dmean2": 0.0134013667703, "dmean": 0.0120512619615, "var": 0.00435534026474, "dvar": 0.000221652531764, "mean": 0.0856565162539}, "spectral_skewness": {"min": -0.0814776420593, "max": 3.84380269051, "dvar2": 0.116046622396, "median": 1.44031238556, "dmean2": 0.336953550577, "dmean": 0.209512174129, "var": 0.154842585325