{"lowlevel": {"spectral_complexity": {"min": 0, "max": 57, "dvar2": 32.8511314392, "median": 23, "dmean2": 5.65517234802, "dmean": 3.9800195694, "var": 105.785453796, "dvar": 18.5352115631, "mean": 22.6762084961}, "silence_rate_20dB": {"min": 1, "max": 1, "dvar2": 0, "median": 1, "dmean2": 0, "dmean": 0, "var": 0, "dvar": 0, "mean": 1}, "average_loudness": 0.955292463303, "erbbands_spread": {"min": 2.92868089676, "max": 173.544631958, "dvar2": 141.551300049, "median": 29.8349151611, "dmean2": 9.94570064545, "dmean": 6.49311113358, "var": 233.945449829, "dvar": 59.3699226379, "mean": 32.1139335632}, "spectral_kurtosis": {"min": -1.30622315407, "max": 43.2604484558, "dvar2": 15.3137264252, "median": 3.78773832321, "dmean2": 2.85959005356, "dmean": 1.70489656925, "var": 11.1369419098, "dvar": 5.16065597534, "mean": 4.43840694427}, "barkbands_kurtosis": {"min": -1.89475107193, "max": 28002.484375, "dvar2": 653982.4375, "median": -0.596079945564, "dmean2": 30.6685352325, "dmean": 16.1192455292, "var": 133291.984375, "dvar": 222947.75, "mean": 11.3916215897}, "spectral_strongpeak": {"min": 0, "max": 11.0759944916, "dvar2": 4.36746692657, "median": 0.413741379976, "dmean2": 1.20565366745, "dmean": 0.691437721252, "var": 2.6354675293, "dvar": 1.69873535633, "mean": 1.09077680111}, "spectral_spread": {"min": 1015052.25, "max": 51066664, "dvar2": 5979596390400.0, "median": 3614172.25, "dmean2": 773738.8125, "dmean": 532360.6875, "var": 8997930270720.0, "dvar": 2490907492350.0, "mean": 4030503.25}, "spectral_rms": {"min": 3.17481999891e-12, "max": 0.00704597681761, "dvar2": 4.67918255254e-07, "median": 0.00458899186924, "dmean2": 0.000726758386008, "dmean": 0.000467032950837, "var": 1.98676957552e-06, "dvar": 2.00910548642e-07, "mean": 0.00424144137651}, "dynamic_complexity": 3.09811496735, "erbbands": {"min": [1.73152810373e-22, 4.57012744597e-22, 6.10810682266e-21, 7.55756959392e-21, 1.6967467998e-20, 3.02708328439e-20, 5.48150813824e-20, 1.13631144915e-19, 1.14341615513e-19, 2.15797682862e-19, 3.47316621448e-19, 6.5608326593e-19, 8.71242869423e-19, 1.16901951474e-18, 1.03208576139e-18, 1.58352302841e-18, 2.37473544979e-18, 2.69807890367e-18, 2.25575337689e-18, 4.11707395048e-18, 5.65253747511e-18, 5.49698905605e-18, 5.41345208599e-18, 6.63937800796e-18, 8.19912424665e-18, 1.21697516599e-17, 1.19537516409e-17, 9.47612567631e-18, 1.08434907976e-17, 1.25553964964e-17, 1.36532984342e-17, 1.07427956201e-17, 1.1254635958e-17, 9.21826535523e-18, 6.92218320117e-18, 4.87586575153e-18, 2.69161469397e-18, 1.10437886538e-18, 2.89585644396e-19, 2.78442662053e-20], "max": [0.735284209251, 5.55939292908, 35.8708610535, 73.5380096436, 43.2229728699, 62.9438552856, 120.479377747, 113.384689331, 328.334259033, 307.076904297, 570.637817383, 373.387329102, 433.488250732, 792.006652832, 679.023071289, 1097.72277832, 819.280822754, 504.27734375, 1243.81005859, 1189.34448242, 1534.21057129, 810.250915527, 585.065429688, 703.897277832, 632.792785645, 379.072509766, 401.355438232, 511.380523682, 767.552490234, 251.741165161, 211.103225708, 171.817855835, 109.639984131, 42.712600708, 51.7199172974, 2.51222205162, 0.476716309786, 0.0773177593946, 0.00422793673351, 0.000630794675089], "dvar2": [0.00716245174408, 0.592079997063, 14.5099153519, 34.1939277649, 12.9234647751, 42.8867874146, 81.0153427124, 67.9727020264, 203.844177246, 374.948486328, 1352.17541504, 1149.17626953, 876.521240234, 2151.29956055, 3598.06005859, 2699.36157227, 2071.26538086, 2051.97412109, 5388.25585938, 5543.90039063, 5378.68994141, 4558.91259766, 3185.30419922, 940.554992676, 1700.6192627, 905.207824707, 272.77444458, 670.594726563, 5018.71484375, 263.309539795, 262.700836182, 72.8996047974, 26.2216186523, 8.88473510742, 22.9123725891, 0.046291269362, 0.00145176623482, 3.63338294846e-05, 1.58457382327e-07, 1.91293714202e-09], "median": [0.0114256758243, 0.369157195091, 2.07157278061, 3.98744058609, 1.83644938469, 1.02983653545, 1.58660721779, 1.8538967371, 2.44720768929, 4.23512935638, 6.91175699234, 8.81881999969, 10.0135450363, 9.30498886108, 8.85231590271, 10.5325012207, 9.65946960449, 10.7674970627, 22.9703979492, 26.3453044891, 23.0934333801, 34.8396072388, 30.8393974304, 17.7662944794, 18.761472702, 13.1186800003, 5.09203624725, 3.68446731567, 4.68649530411, 2.29748463631, 1.8102055788, 0.61334168911, 0.361285328865, 0.318833947182, 0.182623505592, 0.0153383649886, 0.00134660745971, 0.000163896300364, 2.86308259092e-05, 3.03936540149e-05], "dmean2": [0.0426021702588, 0.584193527699, 2.78038978577, 4.3883767128, 2.33853840828, 3.24016284943, 4.38636255264, 4.00972890854, 5.65804624557, 9.0370016098, 16.9215145111, 15.4745874405, 14.0641832352, 21.1411819458, 21.8389816284, 19.6452960968, 20.3881950378, 23.2135047913, 38.6387863159, 39.4977912903, 36.0934829712, 42.7655410767, 37.5389099121, 17.5193157196, 21.4077644348, 17.9897975922, 7.91862773895, 10.6686925888, 23.8698596954, 6.18638277054, 6.95754528046, 2.27223443985, 1.33485496044, 1.10162627697, 1.61442244053, 0.0806661322713, 0.0128531577066, 0.00176116183866, 0.000115465489216, 1.84104937944e-05], "dmean": [0.0297127366066, 0.349462479353, 1.63978087902, 2.61637210846, 1.38957858086, 1.96107506752, 2.78753113747, 2.56933736801, 3.54719686508, 5.63223218918, 10.5758256912, 9.76751995087, 8.96632575989, 13.6584472656, 13.9487628937, 12.6869821548, 13.0416736603, 14.7419948578, 24.4946556091, 25.5459499359, 24.1697216034, 27.3522262573, 24.5591907501, 11.4755744934, 14.2918701172, 12.3423061371, 5.50878286362, 7.43225336075, 15.4335584641, 4.37225484848, 4.74490499496, 1.61371910572, 0.933978557587, 0.782451570034, 1.09445810318, 0.05760230124, 0.0087331822142, 0.00115041935351, 7.70561164245e-05, 1.23184563563e-05], "var": [0.0083749871701, 0.505113244057, 22.2718429565, 31.193403244, 10.3163166046, 25.7514209747, 64.75756073, 65.3421020508, 213.097335815, 258.68157959, 1078.96960449, 718.928039551, 776.374084473, 1917.47070313, 2908.89697266, 3219.10717773, 1958.18566895, 2429.72192383, 5874.62597656, 5542.98486328, 9066.59765625, 5700.61474609, 4377.95654297, 1026.98791504, 1872.7935791, 1585.52270508, 315.873046875, 563.617370605, 2450.29638672, 220.656784058, 221.945022583, 51.0302391052, 13.7844181061, 6.27403354645, 13.2594070435, 0.0301614701748, 0.000689667940605, 1.4171244402e-05, 6.65069990191e-08, 1.06410713574e-09], "dvar": [0.00427540717646, 0.222935408354, 5.35688924789, 12.479177475, 4.69110631943, 16.8450126648, 33.6724624634, 30.2141780853, 82.1982345581, 156.223648071, 559.181335449, 470.690155029, 344.350402832, 879.03302002, 1364.22802734, 1135.85693359, 815.086364746, 814.609130859, 2174.95117188, 2336.13867188, 2356.24707031, 1917.38342285, 1329.09887695, 403.423187256, 711.855163574, 434.559265137, 141.394500732, 342.730499268, 2127.27026367, 134.638977051, 128.512771606, 35.5673789978, 11.1855258942, 4.06018447876, 10.4509897232, 0.021539863199, 0.000615308876149, 1.48102144522e-05, 6.61011014813e-08, 8.233789206e-10], "mean": [0.0440530106425, 0.632076323032, 3.9217441082, 5.41781234741, 2.77465105057, 2.81529831886, 4.58484554291, 4.53319835663, 6.59341955185, 9.32600307465, 17.2091636658, 16.4004898071, 18.6210193634, 25.0645084381, 25.7658119202, 24.915266037, 24.3521003723, 30.356306076, 50.7775115967, 50.8995895386, 55.7175445557, 61.565410614, 56.2990112305, 27.803943634, 32.6926116943, 29.4842243195, 10.9490699768, 11.2238550186, 19.2961235046, 6.75578260422, 6.93953418732, 2.23625636101, 1.38755619526, 1.1777176857, 1.33964204788, 0.0770163759589, 0.00990113802254, 0.00120111193974, 9.43088525673e-05, 3.42455386999e-05]}, "spectral_contrast_coeffs": {"min": [-0.98096704483, -0.998969376087, -0.997832417488, -0.988419115543, -0.986997365952, -0.97019213438], "max": [-0.347021669149, -0.375817298889, -0.42570745945, -0.511949598789, -0.556843757629, -0.593157351017], "dvar2": [0.00439850660041, 0.00339114503004, 0.00228321598843, 0.00169537076727, 0.00103365175892, 0.000733933469746], "median": [-0.621323168278, -0.753195226192, -0.763189911842, -0.745709180832, -0.744418025017, -0.735613882542], "dmean2": [0.0831404775381, 0.0720852836967, 0.0587604008615, 0.0508666262031, 0.0384975150228, 0.0310251954943], "dmean": [0.0503530614078, 0.0446827597916, 0.0364360138774, 0.0321118496358, 0.0254348367453, 0.019921567291], "var": [0.00734578259289, 0.00547974091023, 0.00447856681421, 0.00402362924069, 0.00399579852819, 0.00194939307403], "dvar": [0.00167990277987, 0.00135206151754, 0.000914861506317, 0.000715351081453, 0.000492970459163, 0.00032029353315], "mean": [-0.624027013779, -0.749529838562, -0.757858872414, -0.7423209548, -0.741043448448, -0.736655712128]}, "dissonance": {"min": 0, "max": 0.500000059605, "dvar2": 0.000683669233695, "median": 0.481898605824, "dmean2": 0.0191987808794, "dmean": 0.0114836832508, "var": 0.000320725928759, "dvar": 0.000234270104556, "mean": 0.477813720703}, "spectral_energyband_high": {"min": 7.34664500007e-21, "max": 0.025906028226, "dvar2": 5.74692967348e-06, "median": 0.000625594402663, "dmean2": 0.00109524326399, "dmean": 0.000793041253928, "var": 5.55245560463e-06, "dvar": 3.0136541227e-06, "mean": 0.00138258351944}, "gfcc": {"mean": [-25.1506328583, 85.0367431641, -148.884689331, 49.01795578, -49.2454566956, 19.288816452, -34.5359802246, 14.7148256302, -18.9177570343, -5.12003135681, -17.8155651093, -10.1955347061, -9.91687583923], "icov": [[0.000223839102546, -0.00047303820611, 0.000528171483893, -0.000761208881158, 0.000724076176994, -0.000476618792163, 0.000358248973498, -0.000605811714195, 0.000736017362215, -0.000367661035853, 0.000619684695266, -0.000443996337708, 0.000307786191115], [-0.00047303820611, 0.00229158904403, -0.00113111815881, 0.00170285394415, -0.00225378875621, 0.000968709238805, -0.000674991460983, 0.00111870653927, -0.00201291101985, 0.00236085476354, -0.00199190480635, 0.00223980820738, -0.000297972233966], [0.000528171483893, -0.00113111815881, 0.00268614641391, -0.00218504294753, 0.001295941649, -0.00167222984601, 0.000660679419525, -0.00149972096551, 0.00129664829001, -0.00109542917926, 0.00275518535636, -0.00216834549792, 0.00126029097009], [-0.000761208881158, 0.00170285394415, -0.00218504294753, 0.00624805456027, -0.00287560094148, 0.000947889348026, 0.000554129423108, 0.000458289461676, -0.00253581581637, 0.00259044603445, -0.00211604684591, 0.00222864211537, -0.00254819332622], [0.000724076176994, -0.00225378875621, 0.001295941649, -0.00287560094148, 0.00792255066335, -0.00119421852287, -0.00145587534644, -0.00154128926806, 0.000722961907741, -0.000695501628798, 0.000550167285837, -0.000840818509459, -0.000983850448392], [-0.000476618792163, 0.000968709238805, -0.00167222984601, 0.000947889348026, -0.00119421852287, 0.00606836145744, -0.00268669775687, 0.00109422905371, 0.000807448697742, -0.000932367227506, -5.55058832106e-05, 0.000273304263828, 0.000343688821886], [0.000358248973498, -0.000674991460983, 0.000660679419525, 0.000554129423108, -0.00145587534644, -0.00268669775687, 0.00924873631448, -0.00190797797404, -0.000122384270071, 0.00112868752331, -0.0014980569249, 0.00128629116807, 0.00171447405592], [-0.000605811714195, 0.00111870653927, -0.00149972096551, 0.000458289461676, -0.00154128926806, 0.00109422905371, -0.00190797797404, 0.0101678008214, -0.00374141312204, -0.000868502247613, 2.58014915744e-05, 0.00179275800474, -0.00185047078412], [0.000736017362215, -0.00201291101985, 0.00129664829001, -0.00253581581637, 0.000722961907741, 0.000807448697742, -0.000122384270071, -0.00374141312204, 0.0142229208723, -0.00453155068681, 0.00264966324903, -0.00159100361634, 0.000861089560203], [-0.000367661035853, 0.00236085476354, -0.00109542917926, 0.00259044603445, -0.000695501628798, -0.000932367227506, 0.00112868752331, -0.000868502247613, -0.00453155068681, 0.0169123187661, -0.00494246883318, -0.00225646374747, 0.00270773656666], [0.000619684695266, -0.00199190480635, 0.00275518535636, -0.00211604684591, 0.000550167285837, -5.55058832106e-05, -0.0014980569249, 2.58014915744e-05, 0.00264966324903, -0.00494246883318, 0.0133208725601, -0.00295434962027, -0.00128033861984], [-0.000443996337708, 0.00223980820738, -0.00216834549792, 0.00222864211537, -0.000840818509459, 0.000273304263828, 0.00128629116807, 0.00179275800474, -0.00159100361634, -0.00225646374747, -0.00295434962027, 0.0150386076421, -0.00427178340033], [0.000307786191115, -0.000297972233966, 0.00126029097009, -0.00254819332622, -0.000983850448392, 0.000343688821886, 0.00171447405592, -0.00185047078412, 0.000861089560203, 0.00270773656666, -0.00128033861984, -0.00427178340033, 0.0139780882746]], "cov": [[26122.2304688, 256.564117432, -1009.53997803, 1437.16516113, -1502.46618652, 755.168884277, -1008.50695801, 533.388671875, -670.506347656, -22.955663681, -666.475524902, 52.662399292, -145.915374756], [256.564117432, 1553.50256348, -197.908432007, -19.4347343445, 405.087493896, -135.788482666, 216.196487427, -5.15338802338, 95.2299499512, -199.414169312, 122.608612061, -232.474502563, 19.3665180206], [-1009.53997803, -197.908432007, 1010.78692627, 133.645248413, -29.5966854095, 182.82081604, -26.6077003479, 63.5135993958, 16.3853034973, 44.7620811462, -143.543533325, 83.9854507446, -40.8292007446], [1437.16516113, -19.4347343445, 133.645248413, 395.543121338, -2.26500725746, 34.9141807556, -78.7067108154, 75.0535507202, -4.83387136459, -29.9423351288, -48.2274093628, 2.44013929367, 48.9959335327], [-1502.46618652, 405.087493896, -29.5966854095, -2.26500725746, 381.409729004, -64.8169326782, 154.638122559, -0.846139490604, 76.6891098022, -59.0312995911, 89.6812438965, -68.9695205688, 47.1820335388], [755.168884277, -135.788482666, 182.82081604, 34.9141807556, -64.8169326782, 293.288116455, 14.0086345673, 19.1733150482, -49.1903266907, 36.0663795471, -56.6702003479, 28.7044353485, -40.9696769714], [-1008.50695801, 216.196487427, -26.6077003479, -78.7067108154, 154.638122559, 14.0086345673, 220.967025757, -1.19329690933, 38.6678543091, -27.4681434631, 59.4860153198, -55.8505859375, -10.5354146957], [533.388671875, -5.15338802338, 63.5135993958, 75.0535507202, -0.846139490604, 19.1733150482, -1.19329690933, 146.073287964, 24.3498401642, 10.3210582733, -27.7790374756, -2.11332130432, 8.36451148987], [-670.506347656, 95.2299499512, 16.3853034973, -4.83387136459, 76.6891098022, -49.1903266907, 38.6678543091, 24.3498401642, 118.646438599, 7.56413269043, 19.64112854, -11.8470935822, 8.92777252197], [-22.955663681, -199.414169312, 44.7620811462, -29.9423351288, -59.0312995911, 36.0663795471, -27.4681434631, 10.3210582733, 7.56413269043, 109.055709839, 4.80392551422, 49.6370544434, -19.528137207], [-666.475524902, 122.608612061, -143.543533325, -48.2274093628, 89.6812438965, -56.6702003479, 59.4860153198, -27.7790374756, 19.64112854, 4.80392551422, 148.054122925, -7.58907842636, 27.2725467682], [52.662399292, -232.474502563, 83.9854507446, 2.44013929367, -68.9695205688, 28.7044353485, -55.8505859375, -2.11332130432, -11.8470935822, 49.6370544434, -7.58907842636, 124.377983093, 16.1975879669], [-145.915374756, 19.3665180206, -40.8292007446, 48.9959335327, 47.1820335388, -40.9696769714, -10.5354146957, 8.36451148987, 8.92777252197, -19.528137207, 27.2725467682, 16.1975879669, 105.188285828]]}, "spectral_flux": {"min": 6.35784758174e-11, "max": 0.202773824334, "dvar2": 0.000578292412683, "median": 0.0729146450758, "dmean2": 0.0253684855998, "dmean": 0.0169549584389, "var": 0.00117086002138, "dvar": 0.000262568035396, "mean": 0.0730247274041}, "silence_rate_30dB": {"min": 1, "max": 1, "dvar2": 0, "median": 1, "dmean2": 0, "dmean": 0, "var": 0, "dvar": 0, "mean": 1}, "spectral_energyband_middle_high": {"min": 1.18879626904e-21, "max": 0.0385666415095, "dvar2": 1.5161977899e-05, "median": 0.00641953619197, "dmean2": 0.00301546719857, "dmean": 0.00210431125015, "var": 4.19754760514e-05, "dvar": 6.91542390996e-06, "mean": 0.00797004345804}, "barkbands_spread": {"min": 0.00306499004364, "max": 94.5608520508, "dvar2": 115.147346497, "median": 31.7740211487, "dmean2": 9.98665809631, "dmean": 6.58399868011, "var": 204.402389526, "dvar": 55.9249725342, "mean": 32.2089004517}, "spectral_centroid": {"min": 235.098220825, "max": 11589.1337891, "dvar2": 204408.65625, "median": 2115.06616211, "dmean2": 399.532989502, "dmean": 272.884490967, "var": 664294.375, "dvar": 106013.90625, "mean": 2076.22631836}, "pitch_salience": {"min": 1.63940912898e-05, "max": 0.981926083565, "dvar2": 0.00790279638022, "median": 0.517338335514, "dmean2": 0.100595653057, "dmean": 0.0640616044402, "var": 0.015806471929, "dvar": 0.00357056153007, "mean": 0.512130856514}, "erbbands_skewness": {"min": -3.21604347229, "max": 16.6365623474, "dvar2": 0.840934634209, "median": -0.409577280283, "dmean2": 0.50849956274, "dmean": 0.330582588911, "var": 1.1332719326, "dvar": 0.34981366992, "mean": -0.479378640652}, "erbbands_crest": {"min": 2.19968104362, "max": 35.7713851929, "dvar2": 12.7300128937, "median": 7.65593147278, "dmean2": 3.69835972786, "dmean": 2.25770711899, "var": 13.256319046, "dvar": 5.1146235466, "mean": 8.45225715637}, "melbands": {"min": [2.01824639182e-24, 2.16679600002e-24, 1.41537956096e-24, 1.42700441247e-24, 2.29899528267e-24, 2.81304426421e-24, 1.88067733299e-24, 2.72093863986e-24, 2.84190020448e-24, 4.41748814618e-24, 3.80424187795e-24, 3.89227441624e-24, 3.80390858422e-24, 4.00759010337e-24, 3.193462575e-24, 3.59462457493e-24, 4.49823910388e-24, 2.43709544211e-24, 3.17789499668e-24, 5.75513788948e-24, 4.40265046141e-24, 3.23756995757e-24, 5.63797745113e-24, 4.87163063615e-24, 4.71109862522e-24, 5.46397840127e-24, 4.24201826515e-24, 5.04533622975e-24, 3.44035809174e-24, 3.03642344295e-24, 4.58987713093e-24, 4.89888380827e-24, 5.28379349861e-24, 5.49320766996e-24, 6.38199989693e-24, 5.30672450184e-24, 5.37787778334e-24, 6.3066936572e-24, 6.98103089164e-24, 5.90926040555e-24], "max": [0.00658958731219, 0.0133479014039, 0.0102793471888, 0.00336304306984, 0.00359269510955, 0.00290548452176, 0.00463193748146, 0.00537016801536, 0.00374654657207, 0.00215422478504, 0.00226213177666, 0.00292024831288, 0.00290131266229, 0.00471676979214, 0.00291465595365, 0.00139695219696, 0.00116094981786, 0.00245731067844, 0.00142035342287, 0.00114519929048, 0.00181467202492, 0.000881783897057, 0.000712392560672, 0.00062266504392, 0.000645084597636, 0.000616215926129, 0.00047771379468, 0.000226084623137, 0.000245018978603, 0.000198601745069, 0.000318357167998, 0.000552400655579, 0.000266082701273, 0.000128270985442, 0.000154470282723, 0.00012076193525, 9.94586589513e-05, 9.12820760277e-05, 4.35269466834e-05, 3.56090567948e-05], "dvar2": [6.05037371315e-07, 2.31037233789e-06, 7.73464648773e-07, 9.45166291899e-08, 8.98794354498e-08, 3.44420314491e-08, 4.08086648918e-08, 7.65497958355e-08, 8.36969888951e-08, 4.16623748833e-08, 2.37844499651e-08, 3.48021238494e-08, 6.13755091194e-08, 5.66656481737e-08, 2.29903687199e-08, 8.32725710609e-09, 1.0458495403e-08, 1.75406480452e-08, 1.84534290071e-08, 5.47820722119e-09, 9.52178069724e-09, 5.71826141993e-09, 4.09307432392e-09, 3.20512394403e-09, 7.43866801489e-10, 1.12134745933e-09, 1.14227816095e-09, 4.14026785078e-10, 1.21485876914e-10, 1.56528401352e-10, 2.71238587146e-10, 2.38207875647e-09, 2.77162570672e-10, 6.6338004534e-11, 1.67694566566e-10, 3.44937758912e-11, 2.80172777339e-11, 1.73094698297e-11, 6.06516009291e-12, 7.09957136483e-12], "median": [0.000211479666177, 0.00098820833955, 0.000675263989251, 9.38246303122e-05, 5.86079077038e-05, 4.14728638134e-05, 3.45910229953e-05, 5.05662537762e-05, 5.7805031247e-05, 5.78129038331e-05, 4.84975571453e-05, 3.6886514863e-05, 2.8101118005e-05, 2.22631169891e-05, 2.43746089836e-05, 1.4659687622e-05, 1.811925722e-05, 3.08710477839e-05, 3.72051399609e-05, 2.32152451645e-05, 2.58630443568e-05, 3.36732846336e-05, 3.13210002787e-05, 1.98122670554e-05, 1.11374783955e-05, 1.24016178233e-05, 1.14384247354e-05, 7.32667558623e-06, 2.98100485452e-06, 1.54265615038e-06, 1.95932170755e-06, 2.85852252091e-06, 1.44996272411e-06, 1.05669698769e-06, 1.19104709029e-06, 4.23712378961e-07, 2.75940152505e-07, 2.3963610829e-07, 2.17059309193e-07, 2.20824617259e-07], "dmean2": [0.000482824485516, 0.00115694571286, 0.000666648498736, 0.000165114935953, 0.000156578593305, 9.09334994503e-05, 8.29538912512e-05, 0.000124969214085, 0.000134614296257, 9.83656282187e-05, 7.29488747311e-05, 8.9462766482e-05, 7.87160533946e-05, 7.01258322806e-05, 5.8148860262e-05, 4.00958560931e-05, 4.99121306348e-05, 6.81053352309e-05, 7.03899349901e-05, 3.93339178117e-05, 4.77856228827e-05, 4.70951708849e-05, 4.0096387238e-05, 3.49932379322e-05, 1.48663266373e-05, 1.57081813086e-05, 1.83592674148e-05, 1.21335315271e-05, 5.68894893149e-06, 5.14726116307e-06, 6.51742084301e-06, 1.64305238286e-05, 5.9616472754e-06, 3.02767284666e-06, 5.49999549548e-06, 1.66901179455e-06, 1.3065633766e-06, 1.04558228031e-06, 7.39320171306e-07, 9.75904526967e-07], "dmean": [0.000313448806992, 0.000680690922309, 0.000397811585572, 9.9907440017e-05, 9.96275048237e-05, 5.83541805099e-05, 5.19727582287e-05, 7.81574126449e-05, 8.49797579576e-05, 6.22106235824e-05, 4.65249431727e-05, 5.76795282541e-05, 5.0326656492e-05, 4.53696884506e-05, 3.66775493603e-05, 2.5986781111e-05, 3.16530567943e-05, 4.31637199654e-05, 4.42183809355e-05, 2.58552336163e-05, 3.17905141856e-05, 3.001015466e-05, 2.58849340753e-05, 2.25282856263e-05, 9.47436365095e-06, 1.01263731267e-05, 1.21751609186e-05, 8.23130176286e-06, 3.85031307815e-06, 3.50109735336e-06, 4.45632622359e-06, 1.05567023638e-05, 3.99550845032e-06, 2.07783318729e-06, 3.67634220311e-06, 1.15314753657e-06, 9.13676217351e-07, 7.15788360139e-07, 5.09790083925e-07, 6.78816093114e-07], "var": [6.15824831129e-07, 3.20380104313e-06, 7.06898447334e-07, 6.10443251503e-08, 7.94345424993e-08, 3.31715170887e-08, 4.166111367e-08, 5.49835945662e-08, 6.49636433536e-08, 2.71710796085e-08, 2.14426982836e-08, 3.18694688417e-08, 4.46402097509e-08, 5.9177239109e-08, 1.79288957014e-08, 7.99116151029e-09, 1.20686420857e-08, 1.89748696755e-08, 1.7019502252e-08, 6.40261710316e-09, 1.54989638901e-08, 6.24116580639e-09, 4.75853845217e-09, 3.80066467187e-09, 6.33161911789e-10, 9.3212659813e-10, 1.51630774603e-09, 6.96257662636e-10, 1.52461224201e-10, 1.21381113494e-10, 2.10737080564e-10, 1.17801735033e-09, 1.66361868725e-10, 5.03344137204e-11, 1.29685595596e-10, 2.5196554912e-11, 1.76090739212e-11, 8.32852363464e-12, 3.54831702215e-12, 4.82176104599e-12], "dvar": [3.08581491026e-07, 8.206043276e-07, 2.79329498198e-07, 3.6250394686e-08, 3.7448078416e-08, 1.52351358196e-08, 1.64786584378e-08, 3.18271808908e-08, 3.39216690293e-08, 1.7134420105e-08, 9.31000432303e-09, 1.43592764346e-08, 2.29195293855e-08, 2.35156942807e-08, 8.70692939969e-09, 3.47154882618e-09, 4.14123046966e-09, 7.2253913963e-09, 7.25020310455e-09, 2.43871189909e-09, 4.22944612666e-09, 2.41377406951e-09, 1.76933423468e-09, 1.31156996375e-09, 3.11977332856e-10, 4.53168974568e-10, 5.01612584802e-10, 1.97813293523e-10, 6.16158166156e-11, 7.60186844029e-11, 1.34982816591e-10, 1.01361619098e-09, 1.26111426857e-10, 3.26465104949e-11, 7.83829112727e-11, 1.71149726336e-11, 1.3199233373e-11, 7.22476072024e-12, 2.59385221635e-12, 3.18880078592e-12], "mean": [0.000497409142554, 0.00162850390188, 0.000875922269188, 0.00016893260181, 0.000164214157849, 0.000103974351077, 9.43740960793e-05, 0.000125866863527, 0.000139349795063, 0.000105062608782, 9.46001309785e-05, 0.000103036145447, 8.87470159796e-05, 7.9988159996e-05, 6.40880971332e-05, 4.50906190963e-05, 5.92913384025e-05, 8.3293467469e-05, 8.21429784992e-05, 5.10054960614e-05, 6.83236576151e-05, 6.17481055087e-05, 5.49875076103e-05, 4.59631046397e-05, 1.8958493456e-05, 2.12360646401e-05, 2.58653526544e-05, 1.83044812729e-05, 7.40476434657e-06, 5.08539551447e-06, 6.50551055514e-06, 1.29588033815e-05, 5.22663503943e-06, 3.17386138704e-06, 5.19958575751e-06, 1.57719932758e-06, 1.19711023672e-06, 9.94421156975e-07, 8.16314980057e-07, 9.74451722868e-07]}, "barkbands_skewness": {"min": -2.83205747604, "max": 143.823822021, "dvar2": 19.7531661987, "median": 0.431878745556, "dmean2": 0.836805164814, "dmean": 0.535818397999, "var": 10.2833757401, "dvar": 7.0717716217, "mean": 0.800903141499}, "spectral_entropy": {"min": 5.52122783661, "max": 9.81420612335, "dvar2": 0.0420641340315, "median": 7.62172651291, "dmean2": 0.203462854028, "dmean": 0.151153221726, "var": 0.1794295609, "dvar": 0.0238088015467, "mean": 7.62598419189}, "spectral_rolloff": {"min": 21.533203125, "max": 19724.4140625, "dvar2": 1762815.5, "median": 2433.25195313, "dmean2": 956.597167969, "dmean": 609.108886719, "var": 2820064.25, "dvar": 882108.75, "mean": 2500.00878906}, "barkbands": {"min": [3.3105226308e-24, 3.25536705403e-24, 6.45958515582e-24, 5.11342596993e-25, 7.44823218504e-24, 1.74828095344e-23, 1.01510258408e-23, 1.08121701654e-23, 3.22239140601e-23, 2.96491383298e-23, 3.2592498274e-23, 2.91205415699e-23, 4.46156503928e-23, 5.05239472047e-23, 5.8944923772e-23, 7.71593875965e-23, 7.74211442667e-23, 9.50653815636e-23, 1.32617640831e-22, 1.94937639721e-22, 1.94098228609e-22, 3.24723850504e-22, 4.61277995604e-22, 6.25920057039e-22, 1.0074135947e-21, 1.43084868313e-21, 2.05286639042e-21], "max": [0.000593480246607, 0.0228616669774, 0.0330484583974, 0.025700442493, 0.0155275408179, 0.0193666350096, 0.019356733188, 0.0359439961612, 0.016838952899, 0.0131133794785, 0.0255067646503, 0.0323464907706, 0.0225325841457, 0.0175154954195, 0.0177534911782, 0.0223160404712, 0.0133008472621, 0.0088214315474, 0.0173085872084, 0.00932700559497, 0.00871849060059, 0.0145734557882, 0.00715734343976, 0.00655495934188, 0.00441569555551, 0.000223502880544, 2.98534941976e-05], "dvar2": [3.31424643285e-09, 9.06498644326e-06, 1.46657121149e-05, 4.76393415738e-06, 2.16811713472e-06, 1.12827456178e-06, 8.63397133344e-07, 3.42274643117e-06, 2.13441967389e-06, 1.28261706323e-06, 3.6937326513e-06, 2.88859155262e-06, 1.51406993609e-06, 1.62659932812e-06, 2.70541113423e-06, 1.46717229654e-06, 1.58471391387e-06, 9.22901449485e-07, 5.82389588999e-07, 4.49256134516e-07, 2.36906757323e-07, 1.89052923361e-06, 2.46840357931e-07, 1.16114080129e-07, 1.97456529349e-07, 4.14744044663e-10, 6.2884523977e-12], "median": [2.24866130338e-06, 0.00116117822472, 0.00214542075992, 0.00103615969419, 0.000311730895191, 0.000215381369344, 0.000156315145432, 0.00026101336698, 0.00045457307715, 0.000241087618633, 0.000163785502082, 0.00021318794461, 0.000213657738641, 0.000219439461944, 0.000509882404003, 0.000316887453664, 0.000586107489653, 0.000410319538787, 0.000338329846272, 0.000271968427114, 7.9401768744e-05, 0.000112242203613, 6.54452087474e-05, 2.33874088735e-05, 2.96478119708e-05, 9.34457602852e-07, 5.93097517765e-08], "dmean2": [2.47326661338e-05, 0.00217082072049, 0.00280419923365, 0.00151722331066, 0.000812132784631, 0.000496069085784, 0.000403061538236, 0.000827932031825, 0.000722377677448, 0.000542692199815, 0.000571964366827, 0.000562378845643, 0.00055076868739, 0.000631661270745, 0.000908551213797, 0.000610860064626, 0.00080299237743, 0.000638613884803, 0.000375006435206, 0.000398525153287, 0.00020666065393, 0.000487669953145, 0.000211359278182, 8.92081152415e-05, 0.000158766764798, 7.23768516764e-06, 6.6887110961e-07], "dmean": [1.79486632987e-05, 0.0013468748657, 0.00164966471493, 0.00089750229381, 0.00050187978195, 0.00031866208883, 0.000252336903941, 0.000513681326993, 0.000458022870589, 0.000348995556124, 0.000366966443835, 0.000361477723345, 0.00035001678043, 0.000400021177484, 0.000574064091779, 0.000398195261369, 0.000517219887115, 0.00041382262134, 0.000244346127147, 0.000272612640401, 0.00014373389422, 0.000321740197251, 0.000145654281368, 6.29728310741e-05, 0.000109958986286, 4.90931415698e-06, 4.28120614515e-07], "var": [3.81597464738e-09, 8.4447037807e-06, 1.93276373466e-05, 4.25178950536e-06, 1.65126027696e-06, 9.97790039037e-07, 8.27878238852e-07, 2.60665933638e-06, 1.44340344832e-06, 1.2565481029e-06, 2.77478943644e-06, 2.9780985642e-06, 1.29311172259e-06, 1.80781614745e-06, 2.66426013695e-06, 2.27011128118e-06, 1.86297313576e-06, 1.14290241982e-06, 5.36371260296e-07, 7.55650489737e-07, 2.23412499167e-07, 1.05579260889e-06, 2.14608746774e-07, 7.28169951003e-08, 1.22803697877e-07, 2.06422948179e-10, 2.32075947001e-12], "dvar": [1.84186066399e-09, 3.94133667214e-06, 5.39729853699e-06, 1.71772296653e-06, 8.61097646521e-07, 4.91263335789e-07, 3.57016574526e-07, 1.42189594499e-06, 8.70984649737e-07, 5.18801812177e-07, 1.40562201523e-06, 1.19203673421e-06, 5.8590194385e-07, 6.39893130483e-07, 1.08245967567e-06, 6.28669624803e-07, 6.8347242177e-07, 3.84222033745e-07, 2.44366333391e-07, 2.11842987596e-07, 1.25065724887e-07, 8.34682850837e-07, 1.23527215123e-07, 5.38590114729e-08, 9.06296619974e-08, 1.76462053303e-10, 2.54630561428e-12], "mean": [2.75786496786e-05, 0.00225854385644, 0.00371605693363, 0.00170937832445, 0.000772322993726, 0.000549089047126, 0.000431623047916, 0.000793891667854, 0.000801178917754, 0.000635914853774, 0.000613723823335, 0.000640067388304, 0.000602893822361, 0.000745870231185, 0.00109341542702, 0.000852216267958, 0.00107569759712, 0.000866133137606, 0.000546524068341, 0.000630191294476, 0.000228371471167, 0.000423652061727, 0.000219760389882, 8.96685742191e-05, 0.000146075326484, 5.75864805796e-06, 4.31903828257e-07]}, "melbands_flatness_db": {"min": 0.00371458637528, "max": 1, "dvar2": 0.00155000865925, "median": 0.15178053081, "dmean2": 0.0355607159436, "dmean": 0.0253874883056, "var": 0.00626698182896, "dvar": 0.000838071573526, "mean": 0.165098324418}, "melbands_skewness": {"min": -1.67821395397, "max": 119835.484375, "dvar2": 29069890, "median": 1.52837765217, "dmean2": 210.280441284, "dmean": 106.161804199, "var": 24489944, "dvar": 11112872, "mean": 224.450897217}, "silence_rate_60dB": {"min": 0, "max": 1, "dvar2": 0.00775139406323, "median": 0, "dmean2": 0.006823443342, "dmean": 0.0034113060683, "var": 0.0697245970368, "dvar": 0.00339960493147, "mean": 0.0754050463438}, "spectral_energyband_low": {"min": 1.78373220475e-23, "max": 0.0410259962082, "dvar2": 2.93416032946e-05, "median": 0.00571637973189, "dmean2": 0.00446937885135, "dmean": 0.00270920014009, "var": 3.89281012758e-05, "dvar": 1.0800952623e-05, "mean": 0.00714469887316}, "spectral_energyband_middle_low": {"min": 2.31109386094e-22, "max": 0.036565285176, "dvar2": 1.24618572954e-05, "median": 0.00444543967023, "dmean2": 0.0029447558336, "dmean": 0.00182495114859, "var": 1.45771564348e-05, "dvar": 4.96201573696e-06, "mean": 0.00519111054018}, "melbands_kurtosis": {"min": -1.81978106499, "max": 28380114944, "dvar2": 1581705475790000000, "median": 1.71612608433, "dmean2": 49380980, "dmean": 24994566, "var": 1322077520250000000, "dvar": 601708013178000000, "mean": 51531460}, "spectral_decrease": {"min": -1.24982042493e-08, "max": 1.08550587602e-28, "dvar2": 2.72326159024e-18, "median": -5.00703967177e-09, "dmean2": 1.65475799729e-09, "dmean": 1.02668673563e-09, "var": 5.20929026233e-18, "dvar": 1.05466262223e-18, "mean": -4.77046047109e-09}, "erbbands_kurtosis": {"min": -1.72699296474, "max": 319.897766113, "dvar2": 251.362594604, "median": 0.246645227075, "dmean2": 2.02470993996, "dmean": 1.22038984299, "var": 215.575515747, "dvar": 100.633155823, "mean": 1.64911234379}, "melbands_crest": {"min": 1.65742230415, "max": 40, "dvar2": 19.3059711456, "median": 13.9935817719, "dmean2": 5.10170459747, "dmean": 3.18790745735, "var": 43.3433761597, "dvar": 8.46437835693, "mean": 14.825340271}, "mfcc": {"mean": [-643.956665039, 101.60256958, -27.0088729858, 28.6191635132, 8.6654510498, 6.51805257797, 0.768749535084, 12.132153511, 5.91997385025, 5.30551576614, 2.59046006203, -5.15004014969, 1.20692098141], "icov": [[0.0001018199182, -2.68182384389e-06, 1.26699223983e-05, -0.000214221450733, 0.000186359990039, -6.52723902022e-05, 8.50086580613e-05, -0.00013839067833, -2.84232446575e-05, 9.47781954892e-05, 3.52082643076e-05, 0.000123179037473, 0.000137057373649], [-2.68182384389e-06, 0.000851096352562, 0.000361381942639, -0.000297780527035, -0.000260130997049, -0.000103281825432, -0.000290405005217, -0.00083758943947, 9.22199615161e-06, -0.000223488968913, -0.000271524739219, -3.07988520944e-05, 4.53369648312e-05], [1.26699223983e-05, 0.000361381942639, 0.00217757746577, -0.00040400979924, 0.000245285365963, -0.0013202765258, 0.00072115851799, -0.000546757539269, -0.000839299988002, 0.000854332407471, -0.000280194857623, -0.000471893406939, 8.34284728626e-05], [-0.000214221450733, -0.000297780527035, -0.00040400979924, 0.0050610601902, -0.00269441516139, 0.000938905985095, 0.000255290418863, -0.000773055129685, -0.000553257588763, -0.000466678990051, 0.00157407834195, -0.000526168500073, -0.00119974836707], [0.000186359990039, -0.000260130997049, 0.000245285365963, -0.00269441516139, 0.008011078462, -0.000724749348592, -0.000379336153856, 0.000760491064284, -0.000851035118103, -0.000742669100873, 0.00128133338876, 0.000192389721633, -0.000861011387315], [-6.52723902022e-05, -0.000103281825432, -0.0013202765258, 0.000938905985095, -0.000724749348592, 0.00661924667656, -0.00183561129961, -0.00140446552541, 1.40562806337e-05, 0.00137969735079, -0.00181007874198, 0.000480807328131, 0.000896276382264], [8.50086580613e-05, -0.000290405005217, 0.00072115851799, 0.000255290418863, -0.000379336153856, -0.00183561129961, 0.00808028783649, -0.00258484343067, 0.00135131971911, -0.00314651988447, 0.00136426207609, 1.30005446408e-06, 0.00061098986771], [-0.00013839067833, -0.00083758943947, -0.000546757539269, -0.000773055129685, 0.000760491064284, -0.00140446552541, -0.00258484343067, 0.0142025649548, -0.00355643569492, -0.00106084824074, -8.87178612174e-05, 0.00108211732004, -0.00363935134374], [-2.84232446575e-05, 9.22199615161e-06, -0.000839299988002, -0.000553257588763, -0.000851035118103, 1.40562806337e-05, 0.00135131971911, -0.00355643569492, 0.00995008181781, -0.00252106273547, 0.00184351927601, -0.000493896892294, -0.000403010315495], [9.47781954892e-05, -0.000223488968913, 0.000854332407471, -0.000466678990051, -0.000742669100873, 0.00137969735079, -0.00314651988447, -0.00106084824074, -0.00252106273547, 0.0142113706097, -0.00454836478457, -0.000417631439632, 0.00226722052321], [3.52082643076e-05, -0.000271524739219, -0.000280194857623, 0.00157407834195, 0.00128133338876, -0.00181007874198, 0.00136426207609, -8.87178612174e-05, 0.00184351927601, -0.00454836478457, 0.0123818544671, -0.000667672778945, -0.00223449780606], [0.000123179037473, -3.07988520944e-05, -0.000471893406939, -0.000526168500073, 0.000192389721633, 0.000480807328131, 1.30005446408e-06, 0.00108211732004, -0.000493896892294, -0.000417631439632, -0.000667672778945, 0.0133513296023, -0.00335747119971], [0.000137057373649, 4.53369648312e-05, 8.34284728626e-05, -0.00119974836707, -0.000861011387315, 0.000896276382264, 0.00061098986771, -0.00363935134374, -0.000403010315495, 0.00226722052321, -0.00223449780606, -0.00335747119971, 0.0139881437644]], "cov": [[11854.0410156, 161.444946289, 197.936676025, 509.991485596, -98.326461792, 81.1387481689, -123.646774292, 168.598190308, 135.222900391, -111.206520081, -132.506958008, -118.179397583, -63.7073669434], [161.444946289, 1638.50634766, -282.131134033, 183.513687134, 131.664169312, 13.1268424988, 162.590560913, 152.787506104, 55.4845352173, 109.766952515, 15.9671621323, 0.340941816568, 36.8826217651], [197.936676025, -282.131134033, 667.719177246, 24.7562713623, -19.8775806427, 120.253967285, -74.614440918, 24.6942539215, 60.5865249634, -61.8591346741, 5.3946762085, 20.5163917542, 15.4290513992], [509.991485596, 183.513687134, 24.7562713623, 351.623962402, 125.018836975, -36.6865692139, 1.91323268414, 53.407989502, 68.5586853027, 11.5686788559, -56.9539871216, 16.568693161, 43.2558250427], [-98.326461792, 131.664169312, -19.8775806427, 125.018836975, 185.227676392, -5.01370954514, 22.5557937622, 22.3783130646, 37.1288719177, 18.5203037262, -29.5665111542, 7.40380477905, 23.0595321655], [81.1387481689, 13.1268424988, 120.253967285, -36.6865692139, -5.01370954514, 209.668273926, 39.7952232361, 32.1986579895, 5.82904720306, -6.7752790451, 29.2118244171, -8.53302764893, -7.92087173462], [-123.646774292, 162.590560913, -74.614440918, 1.91323268414, 22.5557937622, 39.7952232361, 181.24987793, 43.529335022, -2.33970952034, 49.9331054688, 3.16324925423, -6.1203918457, -5.58382606506], [168.598190308, 152.787506104, 24.6942539215, 53.407989502, 22.3783130646, 32.1986579895, 43.529335022, 116.040924072, 49.504737854, 22.5673809052, 1.05668950081, 0.501377165318, 27.9478397369], [135.222900391, 55.4845352173, 60.5865249634, 68.5586853027, 37.1288719177, 5.82904720306, -2.33970952034, 49.504737854, 140.50378418, 19.2587413788, -18.8660240173, 8.57043170929, 18.8779792786], [-111.206520081, 109.766952515, -61.8591346741, 11.5686788559, 18.5203037262, -6.7752790451, 49.9331054688, 22.5673809052, 19.2587413788, 103.842460632, 26.2140789032, 1.88822364807, -4.27584314346], [-132.506958008, 15.9671621323, 5.3946762085, -56.9539871216, -29.5665111542, 29.2118244171, 3.16324925423, 1.05668950081, -18.8660240173, 26.2140789032, 109.847396851, 5.8527135849, 6.93432998657], [-118.179397583, 0.340941816568, 20.5163917542, 16.568693161, 7.40380477905, -8.53302764893, -6.1203918457, 0.501377165318, 8.57043170929, 1.88822364807, 5.8527135849, 84.4868392944, 25.0103492737], [-63.7073669434, 36.8826217651, 15.4290513992, 43.2558250427, 23.0595321655, -7.92087173462, -5.58382606506, 27.9478397369, 18.8779792786, -4.27584314346, 6.93432998657, 25.0103492737, 93.401550293]]}, "spectral_energy": {"min": 1.03314688871e-20, "max": 0.0508869327605, "dvar2": 4.5786917326e-05, "median": 0.0215853173286, "dmean2": 0.00685562379658, "dmean": 0.0043545588851, "var": 9.57054580795e-05, "dvar": 1.86901452253e-05, "mean": 0.0204760320485}, "melbands_spread": {"min": 1.00334380804e-08, "max": 218.051971436, "dvar2": 297.303894043, "median": 41.3554115295, "dmean2": 15.5224714279, "dmean": 10.3743000031, "var": 642.185668945, "dvar": 152.754806519, "mean": 43.5572471619}, "erbbands_flatness_db": {"min": 0.0460888147354, "max": 0.482284218073, "dvar2": 0.000552363169845, "median": 0.174799531698, "dmean2": 0.0231147930026, "dmean": 0.0160215236247, "var": 0.00239802990109, "dvar": 0.000271734228591, "mean": 0.177463561296}, "spectral_contrast_valleys": {"min": [-27.8925647736, -28.2061691284, -27.8731479645, -27.5094852448, -27.4946689606, -27.3692417145], "max": [-5.86550569534, -5.14799594879, -5.66259670258, -5.79717159271, -5.36371707916, -7.32831859589], "dvar2": [0.412152826786, 0.377723544836, 0.319462865591, 0.337311923504, 0.346979558468, 0.374095976353], "median": [-7.66903591156, -7.01835775375, -7.28226137161, -7.46698570251, -7.22402095795, -10.1722078323], "dmean2": [0.741620004177, 0.590704321861, 0.496567338705, 0.444017499685, 0.406917899847, 0.472935646772], "dmean": [0.453316569328, 0.368197053671, 0.31539696455, 0.290257960558, 0.293518990278, 0.37743088603], "var": [4.10213327408, 3.85775876045, 3.75347995758, 3.49576234818, 3.82137966156, 3.91267538071], "dvar": [0.168488115072, 0.165222033858, 0.147054702044, 0.154204577208, 0.168710410595, 0.20575581491], "mean": [-8.04452705383, -7.35740041733, -7.62959575653, -7.78052425385, -7.59059858322, -10.5250005722]}, "barkbands_flatness_db": {"min": 0.0115814059973, "max": 1, "dvar2": 0.00111712771468, "median": 0.117661878467, "dmean2": 0.027558920905, "dmean": 0.0188371315598, "var": 0.00444923201576, "dvar": 0.000568203045987, "mean": 0.129238650203}, "zerocrossingrate": {"min": 0, "max": 0.5263671875, "dvar2": 0.000243694579694, "median": 0.0771484375, "dmean2": 0.0139416884631, "dmean": 0.0128640215844, "var": 0.00214446475729, "dvar": 0.000224595525651, "mean": 0.0822229012847}, "spectral_skewness": {"min": -0.05285147205, "max": 3.87857580185, "dvar2": 0.131852596998, "median": 1.29471218586, "dmean2": 0.345314502716, "dmean": 0.212792307138, "var": 0.120273932815, "dvar": 0.0474258847535, "mean": 1.3140308857}, "hfc": {"min": 1.08632571055e-16