{"lowlevel": {"spectral_complexity": {"min": 0, "max": 50, "dvar2": 17.9829540253, "median": 21, "dmean2": 4.48447799683, "dmean": 3.12967395782, "var": 77.9542999268, "dvar": 10.0885763168, "mean": 20.3309764862}, "silence_rate_20dB": {"min": 1, "max": 1, "dvar2": 0, "median": 1, "dmean2": 0, "dmean": 0, "var": 0, "dvar": 0, "mean": 1}, "average_loudness": 0.706979930401, "erbbands_spread": {"min": 2.48004698753, "max": 174.219039917, "dvar2": 68.2838897705, "median": 23.9988079071, "dmean2": 7.52823448181, "dmean": 4.95492744446, "var": 190.818862915, "dvar": 30.9138240814, "mean": 25.9332256317}, "spectral_kurtosis": {"min": -1.27127718925, "max": 52.3073501587, "dvar2": 27.382604599, "median": 6.04820156097, "dmean2": 4.36342287064, "dmean": 2.57930374146, "var": 19.1618595123, "dvar": 9.62727165222, "mean": 6.9115357399}, "barkbands_kurtosis": {"min": -1.83510863781, "max": 299.163482666, "dvar2": 170.586914063, "median": -0.086025416851, "dmean2": 2.32479190826, "dmean": 1.41526210308, "var": 75.8376998901, "dvar": 60.4556999207, "mean": 1.06325638294}, "spectral_strongpeak": {"min": 0, "max": 17.3474788666, "dvar2": 2.94951796532, "median": 1.04728198051, "dmean2": 1.28724181652, "dmean": 0.777770757675, "var": 3.21568465233, "dvar": 1.18804931641, "mean": 1.63424646854}, "spectral_spread": {"min": 1138767.5, "max": 42466244, "dvar2": 868326375424, "median": 2977844, "dmean2": 622049.1875, "dmean": 443770.625, "var": 36857735807000.0, "dvar": 453531992064, "mean": 4208514.5}, "spectral_rms": {"min": 3.09728154582e-12, "max": 0.0120405424386, "dvar2": 6.20297441856e-07, "median": 0.00406854972243, "dmean2": 0.000710481021088, "dmean": 0.000504533411004, "var": 3.27913880938e-06, "dvar": 3.28040130171e-07, "mean": 0.00393720529974}, "dynamic_complexity": 3.85430979729, "erbbands": {"min": [5.90628427001e-23, 4.23216832701e-22, 1.66672501052e-21, 6.0226014697e-21, 6.8922183056e-21, 2.09290524402e-20, 3.85910710405e-20, 4.88651776987e-20, 1.20061207557e-19, 1.49668573695e-19, 1.26933036345e-19, 1.9992932141e-19, 3.53237192532e-19, 4.638495935e-19, 9.039087488e-19, 8.2406017709e-19, 1.04088262041e-18, 1.86533301995e-18, 2.63984931765e-18, 2.71790228705e-18, 3.33390182806e-18, 3.65647207486e-18, 4.33036826169e-18, 5.74376887923e-18, 6.06078419463e-18, 8.06442863724e-18, 7.09594076065e-18, 8.45671077094e-18, 9.30599116792e-18, 1.1187559055e-17, 8.27123537091e-18, 1.01128984108e-17, 9.69133573782e-18, 8.29436085929e-18, 6.31273141509e-18, 3.79609478559e-18, 2.1462640287e-18, 7.58162058109e-19, 2.13469259911e-19, 2.83280699284e-20], "max": [0.234298676252, 1.95276796818, 7.37079715729, 24.3017120361, 73.3818511963, 126.112640381, 371.711181641, 277.580200195, 2292.1940918, 975.59979248, 1480.3260498, 1251.95690918, 1047.85827637, 2035.1072998, 1648.69238281, 2028.38769531, 1167.3894043, 847.520935059, 2843.38085938, 1330.66992188, 1407.33752441, 629.712890625, 447.227478027, 296.551879883, 235.09161377, 123.777130127, 70.8431472778, 131.621505737, 160.48236084, 43.4851760864, 44.5454978943, 29.9079208374, 18.0268726349, 10.4025535583, 19.6849308014, 0.867208480835, 0.160678431392, 0.0448127165437, 0.0100708464161, 0.00108275131788], "dvar2": [0.000679926015437, 0.0272650010884, 0.552718997002, 6.74387407303, 31.7042999268, 115.51184845, 611.954833984, 485.066711426, 3136.89941406, 2862.55151367, 11331.5, 7767.31640625, 4927.29492188, 10736.6445313, 16101.9355469, 8383.02832031, 5295.91894531, 5607.9765625, 12728.6738281, 5819.52294922, 3961.1965332, 2403.46044922, 1653.28833008, 243.50340271, 283.105743408, 106.07233429, 18.6386642456, 42.4629402161, 222.819534302, 10.328543663, 13.0410013199, 2.17775821686, 0.777553975582, 0.639461696148, 1.24622106552, 0.00435176678002, 0.000178714923095, 1.34629081003e-05, 5.82165455398e-07, 4.46297221401e-09], "median": [0.00155494909268, 0.042683634907, 0.39415755868, 0.902481198311, 1.02669394016, 1.77046954632, 3.41527462006, 3.93274521828, 5.04309749603, 9.01021575928, 14.3820695877, 16.8342227936, 16.9566688538, 14.3356838226, 11.6431474686, 12.5525331497, 11.5084457397, 13.6527404785, 24.7750282288, 22.8302116394, 18.2905445099, 22.9016151428, 18.6184844971, 8.48661613464, 7.96697950363, 4.26365613937, 1.52295291424, 1.07124888897, 1.19439840317, 0.602901101112, 0.461715877056, 0.157057657838, 0.103955067694, 0.0899900943041, 0.0459970720112, 0.00579196540639, 0.000918635167181, 0.000156396214152, 3.60576777894e-05, 2.79752239294e-05], "dmean2": [0.0100141027942, 0.085832118988, 0.496658414602, 1.62224650383, 2.78294110298, 5.29157400131, 10.1922206879, 9.314868927, 13.5028896332, 22.460483551, 41.1600799561, 34.7751922607, 29.2967014313, 39.4052810669, 40.3278884888, 29.7196903229, 28.4404335022, 34.5639839172, 49.423664093, 37.9750328064, 29.5897388458, 29.0987815857, 25.6602344513, 9.19548511505, 9.56627845764, 6.35711956024, 2.20684862137, 2.49870967865, 5.2423825264, 1.30437028408, 1.46241819859, 0.451926231384, 0.289122164249, 0.29979300499, 0.359678596258, 0.0243038237095, 0.00488392869011, 0.0012543402845, 0.0002559927525, 2.60271735897e-05], "dmean": [0.00746337138116, 0.0539744868875, 0.291629970074, 0.969084858894, 1.68484306335, 3.28934288025, 6.64511346817, 6.1311378479, 8.71405982971, 14.247382164, 26.84532547, 22.9268531799, 18.8058605194, 25.645362854, 25.762254715, 19.1941452026, 18.2131080627, 21.6680774689, 32.0472564697, 24.990196228, 20.0605773926, 19.2294998169, 16.8878250122, 6.09114980698, 6.47098684311, 4.46668672562, 1.54150164127, 1.71858870983, 3.34223508835, 0.901550114155, 0.981148183346, 0.321717977524, 0.20545078814, 0.208796158433, 0.240105584264, 0.0171680431813, 0.00349540845491, 0.000882234075107, 0.000177216221346, 1.83316642506e-05], "var": [0.000658436911181, 0.019409911707, 0.653864443302, 4.60889482498, 23.5537147522, 108.382347107, 546.341674805, 546.174926758, 3079.14868164, 2227.85961914, 10067.8408203, 5816.21386719, 4638.35791016, 9962.30273438, 13495.3710938, 9730.12402344, 5084.06689453, 5525.48144531, 18092.3847656, 7132.16552734, 8562.3515625, 3618.62841797, 2462.57983398, 324.410980225, 400.603668213, 237.863357544, 22.8783187866, 28.7233104706, 99.2176742554, 8.10468673706, 8.36393547058, 1.68189573288, 0.556652486324, 0.449429661036, 0.615216016769, 0.00286761275493, 0.000129095249576, 8.70415533427e-06, 3.56716810757e-07, 3.09926284636e-09], "dvar": [0.000375023344532, 0.011404321529, 0.194119215012, 2.53134632111, 12.8330526352, 47.3678092957, 261.269470215, 217.259399414, 1292.75341797, 1212.71679688, 4847.97265625, 3463.60864258, 1945.22363281, 4474.546875, 6006.21972656, 3293.00952148, 2117.07861328, 2115.93115234, 5896.88134766, 2669.91821289, 1816.42578125, 1046.81677246, 705.258361816, 102.751998901, 125.174995422, 53.0078849792, 8.80126476288, 19.7611255646, 92.326789856, 5.11255836487, 5.81160306931, 1.08001446724, 0.348827660084, 0.289184898138, 0.535989940166, 0.0020169687923, 8.80320512806e-05, 6.50110450806e-06, 2.78017097344e-07, 2.11098472036e-09], "mean": [0.0107263801619, 0.094516992569, 0.671646118164, 1.64178752899, 2.3755698204, 5.33827495575, 12.0805263519, 11.9659194946, 16.9218101501, 23.5892314911, 44.5121040344, 38.2879180908, 38.6489982605, 47.8642997742, 47.1732788086, 37.8025627136, 34.1349754333, 42.8289718628, 67.2222595215, 51.8664970398, 49.0854644775, 44.9291496277, 39.3608665466, 15.1885900497, 14.7577915192, 11.2312898636, 3.30594325066, 2.68059206009, 4.14109897614, 1.4639788866, 1.40845441818, 0.480842202902, 0.345257878304, 0.322952002287, 0.292239814997, 0.0239167232066, 0.00461472803727, 0.00105602655094, 0.000207519493415, 3.95855859097e-05]}, "spectral_contrast_coeffs": {"min": [-0.984004437923, -0.983736097813, -0.978678107262, -0.976070821285, -0.972364544868, -0.968089461327], "max": [-0.306197822094, -0.314196765423, -0.425017774105, -0.514574825764, -0.552049160004, -0.630234599113], "dvar2": [0.00488823559135, 0.00391163118184, 0.00244676298462, 0.00173911300953, 0.000931150803808, 0.000575762765948], "median": [-0.621630012989, -0.730183899403, -0.7466173172, -0.745868325233, -0.742281198502, -0.757976233959], "dmean2": [0.084631152451, 0.0738820061088, 0.0595633424819, 0.050679281354, 0.0364243984222, 0.0269076265395], "dmean": [0.0515807569027, 0.0459327884018, 0.0373028367758, 0.0318449474871, 0.0238427072763, 0.0171571169049], "var": [0.0102145494893, 0.00808659940958, 0.0061003617011, 0.00509511958808, 0.00442968215793, 0.00215143314563], "dvar": [0.00186168518849, 0.00159738853108, 0.00098540703766, 0.0007221539272, 0.000446252000984, 0.000245863368036], "mean": [-0.624615430832, -0.727922379971, -0.742765188217, -0.744663059711, -0.745345950127, -0.764030516148]}, "dissonance": {"min": 0, "max": 0.499999880791, "dvar2": 0.000907773443032, "median": 0.470283746719, "dmean2": 0.0277071613818, "dmean": 0.0166139025241, "var": 0.000638898869511, "dvar": 0.000331341347191, "mean": 0.465102374554}, "spectral_energyband_high": {"min": 6.96542217423e-21, "max": 0.00611397018656, "dvar2": 3.16702312375e-07, "median": 0.000164752447745, "dmean2": 0.000268135714578, "dmean": 0.000191818966414, "var": 2.93448067623e-07, "dvar": 1.576502342e-07, "mean": 0.000352229602868}, "gfcc": {"mean": [-60.9605293274, 100.886230469, -155.577774048, 14.8067970276, -53.567943573, 1.34094071388, -40.4503936768, 7.63494110107, -18.9577980042, -6.26751184464, -15.8891105652, -8.32680797577, -7.57190561295], "icov": [[0.000159217728651, -0.000195298154722, 0.000467168429168, -0.000424852827564, 0.000686812330969, -0.000288614362944, 0.00033542647725, -0.000349638285115, 0.000314787612297, -0.000103266538645, 0.000313770404318, -0.000172635889612, 9.55894647632e-05], [-0.000195298154722, 0.00132541486528, -0.00021160345932, 0.000672277470585, -0.00127554533537, 0.000115065507998, 4.45004880021e-05, 3.21121461866e-07, -0.00103034870699, 0.00149982655421, -0.00140735728201, 0.00167518889066, -0.000272579985904], [0.000467168429168, -0.00021160345932, 0.00251543428749, -0.00153753277846, 0.00152698950842, -0.00104995700531, 0.000391663314076, -0.000705002457835, 0.000141554570291, -0.000373430812033, 0.00157993484754, -0.00116716045886, 0.000496830500197], [-0.000424852827564, 0.000672277470585, -0.00153753277846, 0.00544946081936, -0.00306029734202, 0.000599779537879, 0.00116998166777, -0.0011682684999, -0.000595838821027, 0.00168824009597, -0.000278628256638, 0.000640749407467, -0.00077496987069], [0.000686812330969, -0.00127554533537, 0.00152698950842, -0.00306029734202, 0.00836210791022, -0.0010981982341, -0.00141464406624, -0.00094180891756, -0.000611537601799, -0.000318121397868, -0.000747702550143, -0.000248269032454, -0.00138017849531], [-0.000288614362944, 0.000115065507998, -0.00104995700531, 0.000599779537879, -0.0010981982341, 0.00668264646083, -0.00347295752726, 0.00146085664164, 0.00213275197893, -0.00294304592535, 0.00191449793056, -0.000731402076781, 0.000664181017783], [0.00033542647725, 4.45004880021e-05, 0.000391663314076, 0.00116998166777, -0.00141464406624, -0.00347295752726, 0.0104767475277, -0.00360984285362, -0.000295810692478, 0.00266568665393, -0.00332564208657, 0.00253129610792, 0.00122682983056], [-0.000349638285115, 3.21121461866e-07, -0.000705002457835, -0.0011682684999, -0.00094180891756, 0.00146085664164, -0.00360984285362, 0.010933146812, -0.00356789352372, -0.00163937103935, 0.00184561731294, -0.000426672602771, -0.000502980663441], [0.000314787612297, -0.00103034870699, 0.000141554570291, -0.000595838821027, -0.000611537601799, 0.00213275197893, -0.000295810692478, -0.00356789352372, 0.0154867582023, -0.00580566050485, 0.00276950490661, 0.000138500952744, -0.000291040516458], [-0.000103266538645, 0.00149982655421, -0.000373430812033, 0.00168824009597, -0.000318121397868, -0.00294304592535, 0.00266568665393, -0.00163937103935, -0.00580566050485, 0.0186557024717, -0.00586787890643, -0.00275760982186, 0.00363585771993], [0.000313770404318, -0.00140735728201, 0.00157993484754, -0.000278628256638, -0.000747702550143, 0.00191449793056, -0.00332564208657, 0.00184561731294, 0.00276950490661, -0.00586787890643, 0.0152971977368, -0.00423979759216, -0.000556940736715], [-0.000172635889612, 0.00167518889066, -0.00116716045886, 0.000640749407467, -0.000248269032454, -0.000731402076781, 0.00253129610792, -0.000426672602771, 0.000138500952744, -0.00275760982186, -0.00423979759216, 0.0161053426564, -0.00586557202041], [9.55894647632e-05, -0.000272579985904, 0.000496830500197, -0.00077496987069, -0.00138017849531, 0.000664181017783, 0.00122682983056, -0.000502980663441, -0.000291040516458, 0.00363585771993, -0.000556940736715, -0.00586557202041, 0.0156165072694]], "cov": [[41987.8710938, 2381.18383789, -5309.38818359, 576.215759277, -2320.07177734, -108.139259338, -1557.92858887, 160.855819702, -720.59979248, -374.125579834, -635.457641602, -273.976104736, -142.706863403], [2381.18383789, 1768.6105957, -635.174682617, -14.72219944, 189.978881836, -98.8317565918, 70.8103256226, 54.0557556152, 38.9091873169, -153.473098755, 84.5721893311, -215.278717041, 11.5582675934], [-5309.38818359, -635.174682617, 1383.19018555, 86.8704299927, 165.237976074, 102.876831055, 123.331619263, 19.6093463898, 89.0121383667, 77.1381607056, -29.8597602844, 99.9982757568, 3.08273386955], [576.215759277, -14.72219944, 86.8704299927, 318.228424072, 46.7718696594, -27.8775749207, -49.7269477844, 58.1126899719, 14.4015493393, -26.2810401917, -38.6129989624, 5.32586765289, 27.3524303436], [-2320.07177734, 189.978881836, 165.237976074, 46.7718696594, 372.419708252, -1.36488711834, 152.409454346, 34.1873130798, 70.9140853882, -5.12379598618, 76.947517395, -20.6684818268, 34.1772117615], [-108.139259338, -98.8317565918, 102.876831055, -27.8775749207, -1.36488711834, 230.144729614, 62.1979484558, -12.2420339584, -25.7908668518, 32.9572525024, -12.3070774078, 11.4647674561, -25.1954879761], [-1557.92858887, 70.8103256226, 123.331619263, -49.7269477844, 152.409454346, 62.1979484558, 225.44229126, 31.9079799652, 32.9471740723, 0.40190911293, 54.4129219055, -32.5465240479, -11.2412433624], [160.855819702, 54.0557556152, 19.6093463898, 58.1126899719, 34.1873130798, -12.2420339584, 31.9079799652, 135.51473999, 41.4478912354, 4.44214200974, -13.3604869843, -7.93569374084, 3.90011954308], [-720.59979248, 38.9091873169, 89.0121383667, 14.4015493393, 70.9140853882, -25.7908668518, 32.9471740723, 41.4478912354, 105.581687927, 23.1840286255, 7.2962603569, -3.37773108482, 4.64516305923], [-374.125579834, -153.473098755, 77.1381607056, -26.2810401917, -5.12379598618, 32.9572525024, 0.40190911293, 4.44214200974, 23.1840286255, 95.6459960938, 22.7183856964, 37.5535087585, -12.8111276627], [-635.457641602, 84.5721893311, -29.8597602844, -38.6129989624, 76.947517395, -12.3070774078, 54.4129219055, -13.3604869843, 7.2962603569, 22.7183856964, 119.287483215, 14.9951992035, 11.751745224], [-273.976104736, -215.278717041, 99.9982757568, 5.32586765289, -20.6684818268, 11.4647674561, -32.5465240479, -7.93569374084, -3.37773108482, 37.5535087585, 14.9951992035, 114.987602234, 29.9073047638], [-142.706863403, 11.5582675934, 3.08273386955, 27.3524303436, 34.1772117615, -25.1954879761, -11.2412433624, 3.90011954308, 4.64516305923, -12.8111276627, 11.751745224, 29.9073047638, 86.1918182373]]}, "spectral_flux": {"min": 6.21618381769e-11, "max": 0.247522860765, "dvar2": 0.000733585271519, "median": 0.0651120021939, "dmean2": 0.0265052169561, "dmean": 0.0175327435136, "var": 0.00162584893405, "dvar": 0.000337295001373, "mean": 0.0695433989167}, "silence_rate_30dB": {"min": 0, "max": 1, "dvar2": 0.000479214941151, "median": 1, "dmean2": 0.000479443842778, "dmean": 0.000239693195908, "var": 0.00035937994835, "dvar": 0.000239629196585, "mean": 0.999640524387}, "spectral_energyband_middle_high": {"min": 1.05331797876e-21, "max": 0.0743475183845, "dvar2": 3.5776211007e-05, "median": 0.00571425398812, "dmean2": 0.00359471421689, "dmean": 0.00251721218228, "var": 8.85736371856e-05, "dvar": 1.5370458641e-05, "mean": 0.00901772361249}, "barkbands_spread": {"min": 0.894994676113, "max": 111.621185303, "dvar2": 46.7873535156, "median": 18.9124507904, "dmean2": 6.04186916351, "dmean": 3.97562098503, "var": 83.5239715576, "dvar": 20.8579006195, "mean": 20.3019943237}, "spectral_centroid": {"min": 254.130264282, "max": 11734.578125, "dvar2": 142888.6875, "median": 1568.38427734, "dmean2": 311.515686035, "dmean": 208.511962891, "var": 2533071, "dvar": 68991.8359375, "mean": 1793.09521484}, "pitch_salience": {"min": 0.0609836131334, "max": 0.949675023556, "dvar2": 0.00717019569129, "median": 0.608315467834, "dmean2": 0.0965939313173, "dmean": 0.0597472824156, "var": 0.0100726466626, "dvar": 0.00279935006984, "mean": 0.602737605572}, "erbbands_skewness": {"min": -2.78856158257, "max": 5.12111282349, "dvar2": 0.220544785261, "median": -0.0196213889867, "dmean2": 0.499906718731, "dmean": 0.327588260174, "var": 0.531457364559, "dvar": 0.0922479778528, "mean": -0.0601335354149}, "erbbands_crest": {"min": 2.06933903694, "max": 30.814825058, "dvar2": 13.7723073959, "median": 8.29477882385, "dmean2": 3.91828346252, "dmean": 2.40828847885, "var": 15.472322464, "dvar": 5.51376104355, "mean": 9.06881999969}, "melbands": {"min": [6.60064127567e-25, 1.27173844252e-24, 1.62794809124e-24, 8.41471025066e-25, 1.31186740234e-24, 8.96799559591e-25, 1.47591112619e-24, 1.83164035861e-24, 7.74297053796e-25, 1.50860477615e-24, 1.44116387408e-24, 1.24903137719e-24, 2.77572009934e-24, 1.99808685417e-24, 2.19577362208e-24, 2.47846449127e-24, 2.62200207171e-24, 3.57844740434e-24, 3.29558969108e-24, 3.01309781206e-24, 2.72975830199e-24, 2.96419849391e-24, 2.5470030933e-24, 4.14430719242e-24, 3.65252854309e-24, 3.2009283546e-24, 4.44903784922e-24, 4.34492911454e-24, 3.23152274709e-24, 4.57930521151e-24, 4.41282400607e-24, 4.75555330382e-24, 4.26904779521e-24, 4.89707928895e-24, 4.11774111814e-24, 6.06405463668e-24, 5.31048776279e-24, 5.66718897045e-24, 5.39456810794e-24, 5.22545802353e-24], "max": [0.00230590207502, 0.00303710834123, 0.00502013461664, 0.00721998792142, 0.00996649824083, 0.00755479745567, 0.031264513731, 0.0158626344055, 0.0116565879434, 0.00704694632441, 0.00537303835154, 0.00750897079706, 0.00668172212318, 0.00849234405905, 0.00326861767098, 0.00264508510008, 0.00187656015623, 0.0057196659036, 0.00206097145565, 0.00117918569595, 0.0020856235642, 0.000624831300229, 0.00046655620099, 0.000374083319912, 0.000276931590633, 0.000218354485696, 0.000169675564393, 8.4543164121e-05, 5.15611573064e-05, 4.84513184347e-05, 8.40790817165e-05, 0.000107963154733, 3.40053520631e-05, 2.37057138293e-05, 3.13198943331e-05, 2.58679556282e-05, 2.01855345949e-05, 1.46441070683e-05, 8.92194384505e-06, 1.15746006486e-05], "dvar2": [4.6784844443e-08, 9.0432550337e-08, 2.56582779912e-07, 2.28449039241e-07, 5.77255946155e-07, 2.70930286206e-07, 5.56211318781e-07, 5.53150812266e-07, 7.11106281415e-07, 2.77193549891e-07, 1.2943802119e-07, 1.65253680962e-07, 2.4856166192e-07, 2.17729549945e-07, 5.41939364496e-08, 2.15151789718e-08, 2.84552950092e-08, 4.38160547844e-08, 2.49893776783e-08, 6.10831341064e-09, 6.77029010632e-09, 2.91468826852e-09, 1.90399229716e-09, 1.45886869252e-09, 1.84425266725e-10, 2.05686218058e-10, 1.69222982849e-10, 5.02139302361e-11, 9.79071337892e-12, 8.67453765069e-12, 1.74172464645e-11, 1.19713336466e-10, 8.92773441979e-12, 2.75113850971e-12, 8.73765036019e-12, 1.21870937821e-12, 7.67116784591e-13, 5.01015949648e-13, 2.09956319908e-13, 6.89085019514e-13], "median": [2.57566061919e-05, 0.000166026336956, 0.000169999329955, 0.000101531637483, 0.000122706987895, 9.00621307665e-05, 6.79864897393e-05, 0.000103954291262, 0.000120186821732, 0.000106733234134, 7.91232087067e-05, 5.53801437491e-05, 3.70259367628e-05, 2.64893842541e-05, 2.99560906569e-05, 1.61976277013e-05, 2.36553860304e-05, 3.63628314517e-05, 3.36558914569e-05, 1.89736565517e-05, 1.99095502467e-05, 2.22959370149e-05, 2.04862899409e-05, 1.09425909613e-05, 5.08168568558e-06, 5.50424829271e-06, 4.07357856602e-06, 2.27189025281e-06, 8.87003182015e-07, 4.84259089717e-07, 5.64255060453e-07, 7.37250672955e-07, 3.48461526301e-07, 3.05514419097e-07, 3.02546538933e-07, 1.02939857527e-07, 7.56823794745e-08, 6.7562226036e-08, 6.29978700317e-08, 6.76055336157e-08], "dmean2": [9.01581151993e-05, 0.000202650757274, 0.000298818340525, 0.00025899746106, 0.000334620912326, 0.000217816093937, 0.000194433057914, 0.000309194991132, 0.00033222255297, 0.000218280241825, 0.000151452652062, 0.000165349396411, 0.000146271355334, 0.000116171941045, 8.42057124828e-05, 5.43610731256e-05, 7.46005098335e-05, 9.09103546292e-05, 7.53724743845e-05, 3.63517247024e-05, 3.81650970667e-05, 3.21009429172e-05, 2.66387851298e-05, 2.234913336e-05, 7.64673313824e-06, 7.55145219955e-06, 7.18378987585e-06, 4.21822460339e-06, 1.67161249465e-06, 1.20673200854e-06, 1.55314489803e-06, 3.82923644793e-06, 1.10584915092e-06, 6.82455151946e-07, 1.17437355129e-06, 3.32794087399e-07, 2.59945267089e-07, 2.1948206097e-07, 1.76447599642e-07, 2.94459596262e-07], "dmean": [6.40188809484e-05, 0.000119783682749, 0.000179851835128, 0.00016050854174, 0.000218338624109, 0.000143826415297, 0.000125021397253, 0.000196167689865, 0.00021742375975, 0.000143751865835, 9.72676207311e-05, 0.000107653671876, 9.34574127314e-05, 7.45418365113e-05, 5.29621684109e-05, 3.52204224328e-05, 4.65422090201e-05, 5.8847690525e-05, 4.86940916744e-05, 2.43027789111e-05, 2.59176740656e-05, 2.12122886296e-05, 1.74034466909e-05, 1.45195235746e-05, 4.89749800181e-06, 4.98580448038e-06, 4.88007481181e-06, 2.90963362204e-06, 1.1336917396e-06, 8.14280895156e-07, 1.04424645997e-06, 2.41067164097e-06, 7.3217637464e-07, 4.61647772454e-07, 7.74609588916e-07, 2.29335853419e-07, 1.83325454373e-07, 1.53738213271e-07, 1.23360123894e-07, 2.00664388217e-07], "var": [4.02183033543e-08, 9.95677140736e-08, 1.63957764698e-07, 2.21263334765e-07, 5.75017679694e-07, 2.91335737757e-07, 5.91704008457e-07, 4.77153037082e-07, 6.19586614903e-07, 2.11940545114e-07, 1.25784936245e-07, 1.58447576837e-07, 1.98502632998e-07, 2.13388958059e-07, 4.47017001193e-08, 1.98412486441e-08, 2.69088555882e-08, 6.34999111071e-08, 2.72751830011e-08, 7.39409511397e-09, 1.36664999317e-08, 3.91199428407e-09, 2.49472598135e-09, 1.8182175765e-09, 1.81978085378e-10, 2.1344316592e-10, 2.81368789379e-10, 1.00581397378e-10, 1.23068699329e-11, 6.15761911946e-12, 1.08734731288e-11, 5.19708789892e-11, 5.18973839597e-12, 2.04035746632e-12, 5.00226986569e-12, 8.717892944e-13, 5.65469817238e-13, 3.09921494935e-13, 2.00424773349e-13, 4.29021970944e-13], "dvar": [2.38391493212e-08, 3.22981144052e-08, 9.79343326435e-08, 9.45968210431e-08, 2.46027070716e-07, 1.19111376762e-07, 2.36734351233e-07, 2.39854131223e-07, 3.00395129216e-07, 1.23816505493e-07, 5.11012530069e-08, 6.91646988571e-08, 9.51281151629e-08, 8.07230762234e-08, 2.13492050705e-08, 8.55549497913e-09, 1.07467812427e-08, 2.07673185315e-08, 1.06957802615e-08, 2.73289368913e-09, 3.10778003332e-09, 1.27376642567e-09, 8.3837742304e-10, 6.09254924289e-10, 7.56514711986e-11, 8.62321186679e-11, 7.82009595968e-11, 2.42200755979e-11, 4.41034665385e-12, 4.04949337951e-12, 7.89918651323e-12, 4.93139071245e-11, 3.95898418215e-12, 1.33463552709e-12, 3.73279055235e-12, 5.90691937637e-13, 3.73797049086e-13, 2.17856670746e-13, 9.47880215616e-14, 3.05037462303e-13], "mean": [9.63503771345e-05, 0.000270421121968, 0.000300953543046, 0.000251748570008, 0.000407111831009, 0.000281747605186, 0.000239023851464, 0.000319401500747, 0.000360887905117, 0.000239797547692, 0.000196077788132, 0.000196731663891, 0.000165319157531, 0.000132652174216, 9.23288971535e-05, 6.09874005022e-05, 8.34934107843e-05, 0.000114029302495, 9.12059913389e-05, 4.87366196467e-05, 5.83219298278e-05, 4.50924853794e-05, 3.85475796065e-05, 3.0101477023e-05, 9.93686353468e-06, 1.01501300378e-05, 1.07540481622e-05, 6.75762248648e-06, 2.25298617806e-06, 1.25976737309e-06, 1.55429199822e-06, 2.87971215585e-06, 1.02792466805e-06, 7.3439832704e-07, 1.0590168813e-06, 3.30115511815e-07, 2.606590499e-07, 2.39233145294e-07, 2.23612332206e-07, 2.87563352686e-07]}, "barkbands_skewness": {"min": -3.35300517082, "max": 16.336933136, "dvar2": 0.608102321625, "median": 0.441421538591, "dmean2": 0.583693683147, "dmean": 0.378401100636, "var": 1.16181409359, "dvar": 0.238179221749, "mean": 0.486898511648}, "spectral_entropy": {"min": 5.64440393448, "max": 9.83145427704, "dvar2": 0.0443894043565, "median": 7.38480758667, "dmean2": 0.202263683081, "dmean": 0.146195411682, "var": 0.276644229889, "dvar": 0.0239956583828, "mean": 7.45637702942}, "spectral_rolloff": {"min": 21.533203125, "max": 19659.8144531, "dvar2": 847385.0625, "median": 1851.85546875, "dmean2": 557.94909668, "dmean": 341.095001221, "var": 8034321, "dvar": 391428.28125, "mean": 2339.86132813}, "barkbands": {"min": [4.70861262869e-25, 1.57943561076e-24, 5.15054384767e-25, 9.17138858918e-25, 5.47074525011e-24, 5.05045869804e-24, 6.22629177044e-24, 4.28355731384e-24, 7.77713827314e-24, 1.07473242213e-23, 1.57141691854e-23, 1.54346647227e-23, 2.05102920279e-23, 3.34057412921e-23, 4.34629384391e-23, 3.75898437562e-23, 6.29439626232e-23, 8.85635584283e-23, 1.09667127499e-22, 1.4011508847e-22, 1.9470524761e-22, 2.70182158978e-22, 3.06884890781e-22, 5.53166078945e-22, 8.70320323125e-22, 1.31724705822e-21, 1.77125238737e-21], "max": [0.000405173981562, 0.00857211649418, 0.00892253965139, 0.012878132984, 0.0277763195336, 0.0556440651417, 0.130686461926, 0.0954220741987, 0.0624701231718, 0.0278393309563, 0.0601524934173, 0.0553644038737, 0.0273504070938, 0.0321715548635, 0.0305083040148, 0.0211103912443, 0.00957330223173, 0.006253445521, 0.00612256349996, 0.00305921258405, 0.00240711844526, 0.00301747978665, 0.00154029368423, 0.00113398290705, 0.00179158872925, 8.05921154097e-05, 7.21488686395e-05], "dvar2": [1.28815047518e-09, 5.6147905525e-07, 7.4267046557e-07, 1.73106548118e-06, 7.3160977081e-06, 9.04165335669e-06, 1.09428838186e-05, 2.59602402366e-05, 1.41923792398e-05, 5.2800451158e-06, 1.72515610757e-05, 1.08559033833e-05, 3.32229387823e-06, 3.97141593567e-06, 4.3381701289e-06, 1.29309103158e-06, 8.01755675184e-07, 4.40576457095e-07, 1.06399518529e-07, 5.90438737902e-08, 1.57328834405e-08, 8.67166534135e-08, 1.27643895453e-08, 3.34187677531e-09, 1.28367645402e-08, 5.63921236096e-11, 2.50347329672e-11], "median": [6.05348850513e-06, 0.000134764035465, 0.000410961947637, 0.000296947342576, 0.000492740189657, 0.0004762786848, 0.000316189340083, 0.000554052123334, 0.00084234867245, 0.000358512799721, 0.000227159122005, 0.000255457620369, 0.000255733320955, 0.000309544004267, 0.000461263989564, 0.000263747264398, 0.000376225449145, 0.000236158652115, 0.000148342121975, 8.84708424564e-05, 2.37015228777e-05, 2.93015255011e-05, 1.71194442373e-05, 6.37223138256e-06, 7.68506379245e-06, 6.21607625817e-07, 1.32702297151e-07], "dmean2": [2.36539308389e-05, 0.000352656294126, 0.000569536583498, 0.000745517958421, 0.00141492357943, 0.00121822988149, 0.000948201748542, 0.00201592198573, 0.00163312721997, 0.00101288431324, 0.00113031896763, 0.000913361320272, 0.000756439752877, 0.000936269585509, 0.000996131682768, 0.000542490975931, 0.000539229833521, 0.00041808388778, 0.000176795190782, 0.000144689751323, 5.04196032125e-05, 0.000108052583528, 4.63680335088e-05, 1.839700235e-05, 3.89003180317e-05, 2.86011254502e-06, 1.62163883033e-06], "dmean": [1.43117704283e-05, 0.000237578438828, 0.000335150398314, 0.000440081668785, 0.000889456889126, 0.000805793388281, 0.00060680200113, 0.00129559531342, 0.00107530155219, 0.00065262283897, 0.000719900825061, 0.000583985587582, 0.000482245988678, 0.000587316695601, 0.000640895217657, 0.000357131269993, 0.000355898577254, 0.000270764401648, 0.000117999399663, 0.000100048506283, 3.47803179466e-05, 7.02842226019e-05, 3.1309966289e-05, 1.31331971716e-05, 2.64812952082e-05, 2.04281514016e-06, 1.12535735752e-06], "var": [8.89806894833e-10, 4.44602108018e-07, 6.65733182359e-07, 9.46927514178e-07, 7.88430679677e-06, 9.29491670831e-06, 1.08588383227e-05, 2.34608723986e-05, 1.12798297778e-05, 5.76380580242e-06, 1.41063028423e-05, 1.04600167106e-05, 3.15857960231e-06, 4.20860351369e-06, 4.94331879963e-06, 2.31668900597e-06, 1.09555219296e-06, 5.80050652843e-07, 1.25421792063e-07, 1.19363647855e-07, 1.19237784091e-08, 4.39596021806e-08, 8.74092798142e-09, 2.54439758152e-09, 7.07050329396e-09, 4.27718936657e-11, 1.49593844256e-11], "dvar": [5.45080980352e-10, 2.63777735654e-07, 2.60418147491e-07, 6.58519240915e-07, 3.01270370073e-06, 4.0422719394e-06, 4.62151683678e-06, 1.13059986688e-05, 6.30959948467e-06, 2.13943644667e-06, 6.78874357618e-06, 4.07331708629e-06, 1.34005756536e-06, 1.58912746429e-06, 1.87376724625e-06, 5.63041453461e-07, 3.5360838524e-07, 1.85116931561e-07, 4.56533726378e-08, 2.87080474948e-08, 7.37064276279e-09, 3.72528319303e-08, 5.87392312568e-09, 1.61164093182e-09, 5.63392532626e-09, 2.79024060801e-11, 1.18394174672e-11], "mean": [1.7616448531e-05, 0.00037744018482, 0.000692301662639, 0.00062632188201, 0.00150945445057, 0.0015363675775, 0.00107731006574, 0.0020584310405, 0.00184399192221, 0.00121950404719, 0.00121682009194, 0.00102973706089, 0.000832905527204, 0.00107673020102, 0.00123765331227, 0.000790544901974, 0.000761625764426, 0.000581957749091, 0.00026299955789, 0.000242404756136, 5.82883512834e-05, 9.24663399928e-05, 4.68051948701e-05, 2.07876582863e-05, 3.55372176273e-05, 2.80905646832e-06, 1.2581132296e-06]}, "melbands_flatness_db": {"min": 0.00295601855032, "max": 0.430178165436, "dvar2": 0.000928532041144, "median": 0.16692148149, "dmean2": 0.030232263729, "dmean": 0.0210266057402, "var": 0.00346669112332, "dvar": 0.000455230649095, "mean": 0.171568244696}, "melbands_skewness": {"min": -1.72764968872, "max": 29.0011634827, "dvar2": 1.13963472843, "median": 1.04463005066, "dmean2": 0.6643242836, "dmean": 0.42740291357, "var": 2.68235397339, "dvar": 0.43800920248, "mean": 1.1975312233}, "silence_rate_60dB": {"min": 0, "max": 1, "dvar2": 0.0408272594213, "median": 0, "dmean2": 0.0335610695183, "dmean": 0.0167785231024, "var": 0.0865818113089, "dvar": 0.0164971463382, "mean": 0.0957459583879}, "spectral_energyband_low": {"min": 1.24470275935e-23, "max": 0.0184348281473, "dvar2": 2.48001128966e-06, "median": 0.000946716463659, "dmean2": 0.00103484257124, "dmean": 0.000641143356916, "var": 2.39483802034e-06, "dvar": 9.77675426839e-07, "mean": 0.00144082959741}, "spectral_energyband_middle_low": {"min": 1.53562125056e-22, "max": 0.140680715442, "dvar2": 6.22339721303e-05, "median": 0.00611930480227, "dmean2": 0.00494085205719, "dmean": 0.00330532342196, "var": 8.46871698741e-05, "dvar": 2.73015120911e-05, "mean": 0.00893169641495}, "melbands_kurtosis": {"min": -1.74477291107, "max": 1049.42626953, "dvar2": 1805.27294922, "median": 1.03211939335, "dmean2": 5.68526411057, "dmean": 3.43328237534, "var": 1539.18151855, "dvar": 646.275390625, "mean": 5.02364492416}, "spectral_decrease": {"min": -3.76861173379e-08, "max": 2.27540780863e-18, "dvar2": 5.12577107665e-18, "median": -4.01272925998e-09, "dmean2": 1.67245017835e-09, "dmean": 1.14076392776e-09, "var": 1.24499963156e-17, "dvar": 2.33678274892e-18, "mean": -4.58589877184e-09}, "erbbands_kurtosis": {"min": -1.66189861298, "max": 27.4551582336, "dvar2": 2.35255622864, "median": -0.00615098234266, "dmean2": 1.17133712769, "dmean": 0.74456423521, "var": 2.48208451271, "dvar": 0.976419627666, "mean": 0.392387002707}, "melbands_crest": {"min": 1.56751418114, "max": 39.3004074097, "dvar2": 18.3138656616, "median": 9.90444660187, "dmean2": 4.65311336517, "dmean": 2.85281682014, "var": 25.3649787903, "dvar": 7.07647180557, "mean": 10.8832483292}, "mfcc": {"mean": [-672.979248047, 130.795043945, -40.7152099609, 11.0184793472, -0.548101902008, -7.6626162529, -8.99070072174, 2.24979567528, -0.162242174149, 0.145868882537, -0.401942521334, -8.09499073029, -1.34128952026], "icov": [[0.000108125976112, -7.45453944546e-05, 8.62549422891e-05, -0.00015369222092, 0.000268386007519, -3.01431446132e-05, 0.000245966395596, -7.19308300177e-05, 1.1538821127e-05, 8.84478795342e-05, 8.56810002006e-05, 0.000262006564299, 7.82335628173e-05], [-7.45453944546e-05, 0.000756182824261, 0.000359195866622, 9.86262020888e-05, -0.00055898737628, 0.000298898696201, -0.000300769344904, -0.00043040284072, -2.06690037885e-05, -0.000143991026562, -0.0003613983572, -3.08403177769e-05, 4.97592809552e-05], [8.62549422891e-05, 0.000359195866622, 0.00225811521523, -0.000388207612559, 0.000254940910963, -0.00094639317831, 0.00080079655163, -0.000417124363594, -0.000805183139164, 0.000849168165587, -0.000351919152308, -0.000103712001874, 8.88023350853e-05], [-0.00015369222092, 9.86262020888e-05, -0.000388207612559, 0.00583839835599, -0.00366938230582, 0.00189325329848, 0.000547001953237, -0.00154241395649, 0.000170762883499, -0.00116668944247, 0.00144236825872, 1.97483786906e-05, -0.00131035922095], [0.000268386007519, -0.00055898737628, 0.000254940910963, -0.00366938230582, 0.00923561770469, -0.00186613202095, 7.05797574483e-05, 0.00104003201704, -0.00127795268781, -0.000262196495896, 0.00138864770997, -0.000522938207723, -0.00041228273767], [-3.01431446132e-05, 0.000298898696201, -0.00094639317831, 0.00189325329848, -0.00186613202095, 0.00802616029978, -0.00249367207289, -0.000299556850223, -7.47707308619e-05, 0.00146680185571, -0.0019808690995, 0.000877696205862, 0.000612847448792], [0.000245966395596, -0.000300769344904, 0.00080079655163, 0.000547001953237, 7.05797574483e-05, -0.00249367207289, 0.0097690243274, -0.00481127947569, 0.00237985281274, -0.00386215676554, 0.00135998346377, -0.000149351457367, 0.000890531344339], [-7.19308300177e-05, -0.00043040284072, -0.000417124363594, -0.00154241395649, 0.00104003201704, -0.000299556850223, -0.00481127947569, 0.0161684397608, -0.00512343505397, 8.16603424028e-05, -0.000929206493311, 0.000905988854356, -0.00311718136072], [1.1538821127e-05, -2.06690037885e-05, -0.000805183139164, 0.000170762883499, -0.00127795268781, -7.47707308619e-05, 0.00237985281274, -0.00512343505397, 0.011343434453, -0.00402087857947, 0.0023218812421, -0.00059084611712, -0.000597695354372], [8.84478795342e-05, -0.000143991026562, 0.000849168165587, -0.00116668944247, -0.000262196495896, 0.00146680185571, -0.00386215676554, 8.16603424028e-05, -0.00402087857947, 0.0152354734018, -0.0049642957747, -9.91093402263e-05, 0.00247752666473], [8.56810002006e-05, -0.0003613983572, -0.000351919152308, 0.00144236825872, 0.00138864770997, -0.0019808690995, 0.00135998346377, -0.000929206493311, 0.0023218812421, -0.0049642957747, 0.012534099631, -0.00186264235526, -0.00142255739775], [0.000262006564299, -3.08403177769e-05, -0.000103712001874, 1.97483786906e-05, -0.000522938207723, 0.000877696205862, -0.000149351457367, 0.000905988854356, -0.00059084611712, -9.91093402263e-05, -0.00186264235526, 0.0152078690007, -0.00491470936686], [7.82335628173e-05, 4.97592809552e-05, 8.88023350853e-05, -0.00131035922095, -0.00041228273767, 0.000612847448792, 0.000890531344339, -0.00311718136072, -0.000597695354372, 0.00247752666473, -0.00142255739775, -0.00491470936686, 0.0145896915346]], "cov": [[13341.7421875, 1230.82983398, -644.071533203, 224.261550903, -263.969726563, -272.772918701, -347.25881958, -34.3221588135, -68.4610214233, -135.666305542, -177.83770752, -294.076263428, -129.985626221], [1230.82983398, 1849.43444824, -414.723022461, 85.4701690674, 95.7515792847, -85.9999771118, 99.1726760864, 83.1069335938, 24.336479187, 88.6697769165, 23.4268684387, -11.8713684082, -0.460827410221], [-644.071533203, -414.723022461, 619.863098145, 5.19979572296, -1.03971838951, 73.7679824829, -57.8898239136, 3.39083456993, 42.2157592773, -45.8833351135, 6.3049788475, 17.5854492188, 18.751865387], [224.261550903, 85.4701690674, 5.19979572296, 310.296356201, 120.516853333, -72.2868423462, -24.4716663361, 36.2022323608, 48.7656288147, 15.477186203, -50.8666229248, 10.5455989838, 39.9761352539], [-263.969726563, 95.7515792847, -1.03971838951, 120.516853333, 178.765945435, -0.0195006597787, 9.0027179718, 17.6742744446, 37.2419509888, 15.246014595, -24.908624649, 15.3248405457, 21.8688907623], [-272.772918701, -85.9999771118, 73.7679824829, -72.2868423462, -0.0195006597787, 177.411392212, 47.6914672852, 5.94407606125, -8.4111328125, -4.05359840393, 30.7159118652, -5.75694942474, -12.8798017502], [-347.25881958, 99.1726760864, -57.8898239136, -24.4716663361, 9.0027179718, 47.6914672852, 174.841766357, 47.4757537842, -3.2458896637, 50.1627807617, 17.2054386139, 1.66209924221, -9.0129442215], [-34.3221588135, 83.1069335938, 3.39083456993, 36.2022323608, 17.6742744446, 5.94407606125, 47.4757537842, 99.1108856201, 46.0593299866, 24.8891811371, 4.22675466537, 4.94702863693, 21.3980140686], [-68.4610214233, 24.336479187, 42.2157592773, 48.7656288147, 37.2419509888, -8.4111328125, -3.2458896637, 46.0593299866, 130.950424194, 29.5011844635, -13.9878120422, 9.88288021088, 18.1719360352], [-135.666305542, 88.6697769165, -45.8833351135, 15.477186203, 15.246014595, -4.05359840393, 50.1627807617, 24.8891811371, 29.5011844635, 102.842666626, 29.7871646881, 5.2768034935, -6.62218379974], [-177.83770752, 23.4268684387, 6.3049788475, -50.8666229248, -24.908624649, 30.7159118652, 17.2054386139, 4.22675466537, -13.9878120422, 29.7871646881, 110.90927124, 15.1711397171, 4.41896533966], [-294.076263428, -11.8713684082, 17.5854492188, 10.5455989838, 15.3248405457, -5.75694942474, 1.66209924221, 4.94702863693, 9.88288021088, 5.2768034935, 15.1711397171, 84.612991333, 33.578830719], [-129.985626221, -0.460827410221, 18.751865387, 39.9761352539, 21.8688907623, -12.8798017502, -9.0129442215, 21.3980140686, 18.1719360352, -6.62218379974, 4.41896533966, 33.578830719, 92.6086578369]]}, "spectral_energy": {"min": 9.83298190034e-21, "max": 0.148599028587, "dvar2": 8.37748302729e-05, "median": 0.0169669240713, "dmean2": 0.00682100187987, "dmean": 0.00469273142517, "var": 0.000216477797949, "dvar": 3.87376312574e-05, "mean": 0.0192503351718}, "melbands_spread": {"min": 0.612108230591, "max": 250.099151611, "dvar2": 146.248916626, "median": 28.9720211029, "dmean2": 10.459318161, "dmean": 6.83597707748, "var": 517.635681152, "dvar": 65.7479705811, "mean": 33.6190109253}, "erbbands_flatness_db": {"min": 0.0199109949172, "max": 0.40900605917, "dvar2": 0.000541755580343, "median": 0.206022918224, "dmean2": 0.0250153020024, "dmean": 0.0175576601177, "var": 0.00253761303611, "dvar": 0.000286445283564, "mean": 0.20285372436}, "spectral_contrast_valleys": {"min": [-28.3775215149, -28.1753978729, -27.8092727661, -27.7790641785, -27.6613044739, -27.4616355896], "max": [-6.06875753403, -4.80744171143, -5.27392959595, -5.40628671646, -5.90836000443, -8.09056472778], "dvar2": [0.327975273132, 0.238706290722, 0.183001190424, 0.156573861837, 0.159065112472, 0.231513515115], "median": [-8.19986343384, -6.65368843079, -7.12243556976, -7.43102264404, -7.65306425095, -10.7204866409], "dmean2": [0.697815477848, 0.559171080589, 0.481659680605, 0.422514557838, 0.381245672703, 0.421440243721], "dmean": [0.426623791456, 0.348400294781, 0.307358056307, 0.278042823076, 0.282180160284, 0.340435653925], "var": [10.2167396545, 11.8163757324, 11.2535209656, 10.8896780014, 10.7624368668, 8.13876247406], "dvar": [0.133501306176, 0.110583387315, 0.0902475342155, 0.0812306106091, 0.0924921259284, 0.144063547254], "mean": [-8.80284500122, -7.34512519836, -7.78971910477, -8.08060455322, -8.33053779602, -11.3407735825]}, "barkbands_flatness_db": {"min": 0.0243778992444, "max": 0.368296742439, "dvar2": 0.000687785330229, "median": 0.126820623875, "dmean2": 0.0269505511969, "dmean": 0.01819261536, "var": 0.00192948279437, "dvar": 0.000324044609442, "mean": 0.130287721753}, "zerocrossingrate": {"min": 0.00537109375, "max": 0.53125, "dvar2": 0.000152133943629, "median": 0.064453125, "dmean2": 0.0101168388501, "dmean": 0.00852034427226, "var": 0.00550639536232, "dvar": 0.000118280026072, "mean": 0.0773766338825}, "spectral_skewness": {"min": -0.108836859465, "max": 4.68538856506, "dva