{"lowlevel": {"spectral_complexity": {"min": 0, "max": 57, "dvar2": 29.2113285065, "median": 23, "dmean2": 5.54214191437, "dmean": 3.88375258446, "var": 90.5427017212, "dvar": 16.6767082214, "mean": 22.945476532}, "silence_rate_20dB": {"min": 1, "max": 1, "dvar2": 0, "median": 1, "dmean2": 0, "dmean": 0, "var": 0, "dvar": 0, "mean": 1}, "average_loudness": 0.949923813343, "erbbands_spread": {"min": 3.85456967354, "max": 128.682510376, "dvar2": 119.618942261, "median": 32.6174507141, "dmean2": 10.5972728729, "dmean": 6.99010801315, "var": 247.403030396, "dvar": 53.7618370056, "mean": 35.0463485718}, "spectral_kurtosis": {"min": -1.22047913074, "max": 46.4864196777, "dvar2": 14.065700531, "median": 3.73835730553, "dmean2": 2.75288581848, "dmean": 1.64556872845, "var": 9.52288150787, "dvar": 4.75612449646, "mean": 4.30603122711}, "barkbands_kurtosis": {"min": -1.91172337532, "max": 47.1315803528, "dvar2": 10.5163507462, "median": -0.352854281664, "dmean2": 1.94989264011, "dmean": 1.23943173885, "var": 12.0796451569, "dvar": 4.58995056152, "mean": 0.835189223289}, "spectral_strongpeak": {"min": 0, "max": 13.1399383545, "dvar2": 3.99709677696, "median": 0.465404033661, "dmean2": 1.20174610615, "dmean": 0.688942790031, "var": 2.33339333534, "dvar": 1.50891029835, "mean": 1.10783863068}, "spectral_spread": {"min": 1144728.75, "max": 44585580, "dvar2": 1681131044860.0, "median": 3963766, "dmean2": 768030.4375, "dmean": 554406, "var": 3018332831740.0, "dvar": 967114162176, "mean": 4266041}, "spectral_rms": {"min": 3.18177493901e-12, "max": 0.00817177817225, "dvar2": 6.1841257093e-07, "median": 0.00489591434598, "dmean2": 0.000847292831168, "dmean": 0.000548672862351, "var": 2.12976078728e-06, "dvar": 2.65567678071e-07, "mean": 0.00461995927617}, "dynamic_complexity": 2.9591588974, "erbbands": {"min": [2.46488412457e-22, 2.81279616904e-21, 7.5565929715e-21, 1.64979525275e-20, 1.87857854678e-20, 7.12701400715e-20, 9.79876925784e-20, 2.18294488767e-19, 2.09440412114e-19, 4.86819416834e-19, 5.16125340262e-19, 9.02313427591e-19, 9.24168986941e-19, 1.41034242742e-18, 8.34078626777e-19, 1.88024129613e-18, 2.43417499424e-18, 2.47691334854e-18, 2.27303524783e-18, 3.37353329198e-18, 5.58672739917e-18, 7.21821956188e-18, 8.19026679665e-18, 5.86862558884e-18, 7.22144473908e-18, 9.66713574182e-18, 1.07990910511e-17, 1.40957647885e-17, 1.10501246505e-17, 1.77905225044e-17, 1.34444725527e-17, 1.39228129029e-17, 1.19986468687e-17, 1.04957101537e-17, 8.17455036501e-18, 4.94984713116e-18, 3.02598984209e-18, 1.16250122811e-18, 3.09938294121e-19, 2.98714790915e-20], "max": [0.643982231617, 6.37660646439, 40.0769729614, 74.7811965942, 90.1112060547, 127.93447876, 190.722259521, 212.700576782, 641.611572266, 421.859802246, 834.618896484, 651.81640625, 523.141540527, 794.103271484, 940.197814941, 1431.66748047, 1054.38793945, 615.937194824, 1362.43383789, 1194.95556641, 1881.38928223, 641.168579102, 441.196350098, 528.465515137, 527.857910156, 316.275726318, 294.47088623, 511.277191162, 618.309570313, 283.137542725, 237.819473267, 191.528366089, 135.214782715, 59.6706161499, 88.1498184204, 4.18904924393, 0.699805676937, 0.0992422774434, 0.00175487587694, 0.000220358939259], "dvar2": [0.00374034792185, 0.584569811821, 17.1772518158, 44.1562232971, 40.2620277405, 180.154953003, 288.392028809, 231.524765015, 530.074768066, 716.826965332, 3431.51635742, 2309.43237305, 1699.484375, 3469.2980957, 6801.35449219, 5069.12939453, 3550.00976563, 2798.01342773, 6156.04492188, 6017.49658203, 5189.14892578, 3547.22265625, 2422.54882813, 664.610656738, 920.782043457, 662.511474609, 177.585769653, 535.999938965, 4018.49169922, 272.159393311, 373.887786865, 106.474403381, 45.5763549805, 18.7972373962, 67.720161438, 0.173608541489, 0.00446788780391, 5.53822937945e-05, 2.56640149132e-08, 4.95850915883e-10], "median": [0.0105665363371, 0.392915546894, 2.39766383171, 4.80035495758, 2.90145301819, 2.33461856842, 3.22345256805, 3.34839820862, 4.12784290314, 6.44151592255, 10.2744112015, 12.4465398788, 13.6511936188, 12.257027626, 11.3181743622, 12.8077850342, 12.076789856, 11.7982368469, 23.5558815002, 26.7290725708, 21.0264320374, 30.0255222321, 27.7247695923, 15.0627403259, 15.2324981689, 10.7027549744, 4.55116415024, 3.3295443058, 4.55097103119, 2.41005969048, 2.18837809563, 0.868724584579, 0.594278514385, 0.518282592297, 0.334047734737, 0.0296460576355, 0.00264239544049, 0.00017720105825, 2.62812100118e-05, 3.39734287991e-05], "dmean2": [0.0305547378957, 0.574407696724, 3.16007184982, 5.23249769211, 4.00618743896, 6.76577568054, 8.63746929169, 7.35955142975, 9.42199516296, 13.4243984222, 26.9259986877, 22.7384757996, 20.6785259247, 28.9450969696, 29.4056015015, 25.3870353699, 25.8896961212, 26.9273281097, 41.9139633179, 41.6302757263, 34.8565673828, 38.5721931458, 33.4471931458, 15.5986881256, 17.3136997223, 15.4008436203, 6.80936527252, 9.27974414825, 22.0494651794, 6.48381757736, 8.00430965424, 2.9046421051, 1.94111120701, 1.66882205009, 2.72453212738, 0.157562613487, 0.0242477003485, 0.00218923692591, 5.79497136641e-05, 1.54697063408e-05], "dmean": [0.0221384204924, 0.339263647795, 1.85072052479, 3.08493328094, 2.38536310196, 4.0428519249, 5.45095872879, 4.72983264923, 5.91959857941, 8.40287685394, 16.7662506104, 14.4088783264, 13.0722951889, 18.6306152344, 18.8489303589, 16.2122440338, 16.344247818, 16.8448486328, 26.7151832581, 26.9668674469, 23.1380844116, 24.9997348785, 21.7378921509, 10.1998596191, 11.6257238388, 10.4886083603, 4.72259902954, 6.48152971268, 14.2361307144, 4.58761787415, 5.47584533691, 2.06902933121, 1.34301388264, 1.17250859737, 1.82848346233, 0.110203027725, 0.0161469914019, 0.00139418593608, 3.99040291086e-05, 1.06977022369e-05], "var": [0.0042777932249, 0.466947168112, 27.2638778687, 36.8554916382, 25.9514217377, 96.3682098389, 227.681243896, 221.600708008, 569.377075195, 535.004516602, 2623.37695313, 1524.4510498, 1447.15270996, 3343.08837891, 5520.63427734, 5547.09619141, 2999.1027832, 2983.6953125, 6798.51416016, 6381.015625, 8754.69921875, 4773.20605469, 3299.75170898, 751.843017578, 1209.97241211, 1062.84387207, 204.233657837, 406.118896484, 2045.10742188, 224.62588501, 287.552581787, 72.4457855225, 25.1181316376, 13.623884201, 36.2170028687, 0.102167069912, 0.00216997391544, 1.99759833777e-05, 1.40613281019e-08, 5.86326709406e-10], "dvar": [0.00208062957972, 0.207035273314, 6.45881748199, 16.0578861237, 15.1459093094, 69.4513549805, 118.031791687, 102.428672791, 217.973587036, 305.990234375, 1414.41125488, 966.126953125, 656.605163574, 1438.21069336, 2576.28662109, 2068.16503906, 1374.37939453, 1083.35083008, 2528.3828125, 2649.24047852, 2251.58862305, 1541.48254395, 1032.98913574, 277.611022949, 412.265808105, 309.947784424, 89.6409912109, 260.933258057, 1734.26123047, 139.050201416, 178.818634033, 50.8423042297, 19.7292861938, 8.56548786163, 29.8428478241, 0.0777270719409, 0.00191183900461, 2.20793954213e-05, 1.13563398685e-08, 2.43578601733e-10], "mean": [0.0341497808695, 0.630952715874, 4.47392988205, 6.30983448029, 4.29634189606, 5.70417833328, 8.8297290802, 8.33717346191, 10.9395246506, 13.9634075165, 26.5137996674, 23.6564178467, 25.8071899414, 33.8083572388, 34.5564231873, 31.6722717285, 29.7919139862, 33.5775909424, 54.586856842, 53.3490715027, 52.8987197876, 55.4430999756, 49.7002067566, 24.2861843109, 26.3677940369, 24.3174972534, 9.4194316864, 9.70170783997, 17.8768386841, 7.0417175293, 7.93527841568, 2.90844202042, 2.03280138969, 1.79211378098, 2.22606921196, 0.143109127879, 0.0180018562824, 0.00138675502967, 6.04640554229e-05, 3.64141851605e-05]}, "spectral_contrast_coeffs": {"min": [-0.974454462528, -0.998924612999, -0.995945394039, -0.991739928722, -0.985117614269, -0.975762963295], "max": [-0.332403063774, -0.368673503399, -0.444320648909, -0.534647345543, -0.55242985487, -0.564115226269], "dvar2": [0.00470762420446, 0.00365307624452, 0.00241919304244, 0.00172051833943, 0.000987940584309, 0.00101027241908], "median": [-0.60994297266, -0.744084835052, -0.759217381477, -0.750353932381, -0.7505890131, -0.746091604233], "dmean2": [0.0872419402003, 0.0759131386876, 0.0612848103046, 0.0523988828063, 0.0382963344455, 0.0376880839467], "dmean": [0.0521142333746, 0.0467249825597, 0.0376554727554, 0.0326169393957, 0.0250772498548, 0.0239223316312], "var": [0.00607575289905, 0.00552042853087, 0.00428009498864, 0.00368862785399, 0.00344981555827, 0.00191666488536], "dvar": [0.00173382484354, 0.00145033036824, 0.000955915136728, 0.000711865141056, 0.000455837813206, 0.000423191988375], "mean": [-0.612297952175, -0.739428341389, -0.752755284309, -0.744394421577, -0.74496370554, -0.744361877441]}, "dissonance": {"min": 0, "max": 0.500000119209, "dvar2": 0.000586529786233, "median": 0.477402746677, "dmean2": 0.0225359667093, "dmean": 0.0134134152904, "var": 0.000424826575909, "dvar": 0.000228537232033, "mean": 0.473025619984}, "spectral_energyband_high": {"min": 7.63197949834e-21, "max": 0.0261294580996, "dvar2": 6.20714854449e-06, "median": 0.000626044929959, "dmean2": 0.00113690958824, "dmean": 0.000836263876408, "var": 5.94033372181e-06, "dvar": 3.24919437844e-06, "mean": 0.00143019994721}, "gfcc": {"mean": [-1.59491384029, 89.3248825073, -143.065414429, 44.2626953125, -56.9270362854, 21.0837039948, -42.5976028442, 15.0989542007, -23.5773296356, -4.95426797867, -19.191783905, -9.55008506775, -9.57735729218], "icov": [[0.000157348113135, -0.00031191832386, 0.000368731358321, -0.000508956552949, 0.000570792297367, -0.000295057863696, 0.000178074624273, -0.000343991734553, 0.000384792656405, -0.00016890396364, 0.000395216338802, -0.000302881322568, 0.000189462982235], [-0.00031191832386, 0.00269719329663, -0.00157268217299, 0.00187883654144, -0.00234563625418, 0.000916575547308, -0.000747488753404, 0.000871723575983, -0.0020168365445, 0.00250471406616, -0.00242487573996, 0.00264791585505, -0.000918007048313], [0.000368731358321, -0.00157268217299, 0.0034010685049, -0.00249175634235, 0.0015914728865, -0.00164559623227, 0.000591936113779, -0.00148468394764, 0.00127026834525, -0.00151686056051, 0.00328799406998, -0.00275568873622, 0.0018656036118], [-0.000508956552949, 0.00187883654144, -0.00249175634235, 0.00646386900917, -0.00283822719939, 0.00071063125506, 0.000866163172759, -7.28213999537e-05, -0.00232065096498, 0.00268254801631, -0.00238352571614, 0.00243099126965, -0.00317687308416], [0.000570792297367, -0.00234563625418, 0.0015914728865, -0.00283822719939, 0.00804257299751, -0.00114118948113, -0.00147778890096, -0.0012998188613, 0.000612507108599, -0.000936626573093, 0.000879099767189, -0.00143392838072, -0.000315559416777], [-0.000295057863696, 0.000916575547308, -0.00164559623227, 0.00071063125506, -0.00114118948113, 0.00623769732192, -0.00287490012124, 0.0008157408447, 0.0014332246501, -0.00135864317417, 0.000106999039417, 0.000298559083603, -0.000119910058856], [0.000178074624273, -0.000747488753404, 0.000591936113779, 0.000866163172759, -0.00147778890096, -0.00287490012124, 0.00962536409497, -0.0017959785182, -0.000628214795142, 0.00197742856108, -0.0017905269051, 0.00138856994454, 0.00207007816061], [-0.000343991734553, 0.000871723575983, -0.00148468394764, -7.28213999537e-05, -0.0012998188613, 0.0008157408447, -0.0017959785182, 0.00972503609955, -0.00273543270305, -0.00155208399519, 0.00103066477459, 0.0012314041378, -0.00178428727668], [0.000384792656405, -0.0020168365445, 0.00127026834525, -0.00232065096498, 0.000612507108599, 0.0014332246501, -0.000628214795142, -0.00273543270305, 0.0136095294729, -0.00367700471543, 0.00207230239175, -0.000783494382631, 0.000597713922616], [-0.00016890396364, 0.00250471406616, -0.00151686056051, 0.00268254801631, -0.000936626573093, -0.00135864317417, 0.00197742856108, -0.00155208399519, -0.00367700471543, 0.0178147722036, -0.00500901555642, -0.00233675539494, 0.00362995709293], [0.000395216338802, -0.00242487573996, 0.00328799406998, -0.00238352571614, 0.000879099767189, 0.000106999039417, -0.0017905269051, 0.00103066477459, 0.00207230239175, -0.00500901555642, 0.0140368426219, -0.00265629729256, -0.00138482160401], [-0.000302881322568, 0.00264791585505, -0.00275568873622, 0.00243099126965, -0.00143392838072, 0.000298559083603, 0.00138856994454, 0.0012314041378, -0.000783494382631, -0.00233675539494, -0.00265629729256, 0.0152004631236, -0.00415586400777], [0.000189462982235, -0.000918007048313, 0.0018656036118, -0.00317687308416, -0.000315559416777, -0.000119910058856, 0.00207007816061, -0.00178428727668, 0.000597713922616, 0.00362995709293, -0.00138482160401, -0.00415586400777, 0.0149595653638]], "cov": [[13717.6738281, -502.77822876, -24.534154892, 630.805236816, -798.457641602, 331.166046143, -425.621551514, 271.54208374, -253.885437012, 31.3749103546, -311.000488281, 133.606887817, 20.3866424561], [-502.77822876, 1404.75793457, -166.082321167, -40.4362983704, 392.094909668, -147.176773071, 243.663024902, -28.2835960388, 138.443878174, -198.660629272, 169.793991089, -233.54095459, 68.209312439], [-24.534154892, -166.082321167, 841.269348145, 151.896530151, -83.4592208862, 186.448532104, -64.7521362305, 103.469993591, -20.1812076569, 73.4277954102, -168.507369995, 105.764656067, -64.7304229736], [630.805236816, -40.4362983704, 151.896530151, 335.106994629, 34.7618675232, 4.78037977219, -47.4034080505, 61.6330108643, 21.0242671967, -26.5141220093, -21.5050144196, 6.21602773666, 61.7632904053], [-798.457641602, 392.094909668, -83.4592208862, 34.7618675232, 311.761993408, -35.1071205139, 115.550354004, 5.65454387665, 57.7916221619, -58.8942642212, 72.6532669067, -67.4638061523, 42.9091949463], [331.166046143, -147.176773071, 186.448532104, 4.78037977219, -35.1071205139, 270.384521484, 31.1298046112, 19.4284229279, -45.6202735901, 45.8925437927, -48.5694160461, 37.6866149902, -39.3659057617], [-425.621551514, 243.663024902, -64.7521362305, -47.4034080505, 115.550354004, 31.1298046112, 196.255783081, 4.54890155792, 27.3044757843, -36.1992912292, 48.783706665, -61.5893287659, -10.4775714874], [271.54208374, -28.2835960388, 103.469993591, 61.6330108643, 5.65454387665, 19.4284229279, 4.54890155792, 144.535491943, 25.3190174103, 15.529545784, -33.1647071838, 6.78420209885, 5.92976522446], [-253.885437012, 138.443878174, -20.1812076569, 21.0242671967, 57.7916221619, -45.6202735901, 27.3044757843, 25.3190174103, 109.204498291, -6.37650346756, 15.8290252686, -24.0380783081, 10.7590723038], [31.3749103546, -198.660629272, 73.4277954102, -26.5141220093, -58.8942642212, 45.8925437927, -36.1992912292, 15.529545784, -6.37650346756, 109.463920593, -12.5776538849, 53.3718299866, -34.0332260132], [-311.000488281, 169.793991089, -168.507369995, -21.5050144196, 72.6532669067, -48.5694160461, 48.783706665, -33.1647071838, 15.8290252686, -12.5776538849, 140.962539673, -25.2082996368, 29.7084999084], [133.606887817, -233.54095459, 105.764656067, 6.21602773666, -67.4638061523, 37.6866149902, -61.5893287659, 6.78420209885, -24.0380783081, 53.3718299866, -25.2082996368, 128.291931152, 1.63386559486], [20.3866424561, 68.209312439, -64.7304229736, 61.7632904053, 42.9091949463, -39.3659057617, -10.4775714874, 5.92976522446, 10.7590723038, -34.0332260132, 29.7084999084, 1.63386559486, 105.742294312]]}, "spectral_flux": {"min": 6.62202029322e-11, "max": 0.207700818777, "dvar2": 0.000635653210338, "median": 0.0790164470673, "dmean2": 0.0271876864135, "dmean": 0.0182448253036, "var": 0.00129058107268, "dvar": 0.000296979706036, "mean": 0.0791901051998}, "silence_rate_30dB": {"min": 1, "max": 1, "dvar2": 0, "median": 1, "dmean2": 0, "dmean": 0, "var": 0, "dvar": 0, "mean": 1}, "spectral_energyband_middle_high": {"min": 1.31022773602e-21, "max": 0.0481800846756, "dvar2": 2.1237803594e-05, "median": 0.00631980551407, "dmean2": 0.00335544208065, "dmean": 0.00231926538981, "var": 5.11840771651e-05, "dvar": 9.37987533689e-06, "mean": 0.00842098239809}, "barkbands_spread": {"min": 2.57850265503, "max": 108.039810181, "dvar2": 110.86050415, "median": 29.2030181885, "dmean2": 9.67257785797, "dmean": 6.43427324295, "var": 210.67791748, "dvar": 56.3772125244, "mean": 30.5709838867}, "spectral_centroid": {"min": 253.238174438, "max": 11066.3818359, "dvar2": 200447.46875, "median": 1825.03027344, "dmean2": 393.654571533, "dmean": 270.120544434, "var": 460596, "dvar": 107831.3125, "mean": 1805.90844727}, "pitch_salience": {"min": 0.10967515409, "max": 0.989493608475, "dvar2": 0.00720496848226, "median": 0.533622860909, "dmean2": 0.100052848458, "dmean": 0.063439168036, "var": 0.012277116999, "dvar": 0.00318843009882, "mean": 0.529050827026}, "erbbands_skewness": {"min": -2.99300956726, "max": 3.11794996262, "dvar2": 0.184730559587, "median": -0.19171127677, "dmean2": 0.481956899166, "dmean": 0.317199975252, "var": 0.481684118509, "dvar": 0.0822175592184, "mean": -0.270869314671}, "erbbands_crest": {"min": 2.54818582535, "max": 27.4479484558, "dvar2": 11.4224863052, "median": 7.56052875519, "dmean2": 3.72360157967, "dmean": 2.2876727581, "var": 12.5764932632, "dvar": 4.54149150848, "mean": 8.33387088776}, "melbands": {"min": [4.41108969537e-24, 5.12758444545e-24, 2.37035209028e-24, 3.31541277955e-24, 3.25507773929e-24, 4.53819924746e-24, 4.08193984925e-24, 4.23119943227e-24, 5.34070547419e-24, 6.08284254243e-24, 4.7675818549e-24, 6.13094885815e-24, 2.23964414918e-24, 5.38649529986e-24, 5.83421291219e-24, 5.2365356028e-24, 3.84237186424e-24, 2.96965248099e-24, 3.54351467131e-24, 4.40751300003e-24, 5.50851433253e-24, 6.85686891832e-24, 7.00998839775e-24, 6.70096870421e-24, 4.11520374704e-24, 4.35815870635e-24, 7.59769844961e-24, 5.40206938629e-24, 6.96708540856e-24, 5.15789997561e-24, 6.5359074484e-24, 5.02670530732e-24, 9.07048756016e-24, 8.93030066642e-24, 7.04111527135e-24, 5.85048711267e-24, 6.66918313175e-24, 7.98136095086e-24, 8.33641067822e-24, 8.43019282922e-24], "max": [0.00683324923739, 0.0148829743266, 0.0104883750901, 0.00660874368623, 0.00562857091427, 0.00532834837213, 0.00901447143406, 0.0074240071699, 0.00553299020976, 0.00375086558051, 0.00275851576589, 0.00292738294229, 0.004114754498, 0.00585242314264, 0.00348308263347, 0.00227074720897, 0.0012482345337, 0.00264933798462, 0.00160860130563, 0.00117543735541, 0.00238097645342, 0.000696463568602, 0.000619875674602, 0.000486869656015, 0.000464494834887, 0.000590711424593, 0.000286094960757, 0.000206113385502, 0.000181281167897, 0.000163619901286, 0.000334775657393, 0.000421433971496, 0.000243529371801, 0.000135130554554, 0.000179810056579, 0.000140880409162, 0.000112303183414, 0.000114624905109, 5.72797143832e-05, 4.95697422593e-05], "dvar2": [4.30278078056e-07, 2.78597099168e-06, 1.07489040602e-06, 4.0865165829e-07, 3.33758436e-07, 1.14042762789e-07, 1.04035521531e-07, 1.54646912165e-07, 2.06488735444e-07, 8.19709953248e-08, 4.59864679669e-08, 5.89246447191e-08, 1.19459983239e-07, 9.62211430533e-08, 3.38517196496e-08, 1.34339384061e-08, 1.32041684253e-08, 2.06586303619e-08, 1.99601348783e-08, 5.34999777813e-09, 9.52339185289e-09, 4.42821690427e-09, 3.76338160635e-09, 2.53176635212e-09, 5.12010378539e-10, 5.79171322013e-10, 7.04079794467e-10, 3.15031112308e-10, 7.98316066031e-11, 1.18788576198e-10, 2.19517987121e-10, 1.79695802682e-09, 2.79840983719e-10, 6.96298088632e-11, 2.30739760632e-10, 5.07867567445e-11, 4.12294261232e-11, 3.19696873141e-11, 1.18984631176e-11, 1.3164506811e-11], "median": [0.000205784250284, 0.00110029987991, 0.000835861370433, 0.000182502408279, 0.000121308024973, 7.50402905396e-05, 5.86269452469e-05, 7.68875179347e-05, 8.64310277393e-05, 8.00683046691e-05, 6.57343189232e-05, 4.786469799e-05, 3.57585886377e-05, 2.75597139989e-05, 3.05121975543e-05, 1.85827811947e-05, 1.99030218937e-05, 3.25867513311e-05, 3.7472214899e-05, 2.27239579544e-05, 2.31867743423e-05, 2.9366245144e-05, 2.71642529697e-05, 1.83127849596e-05, 9.25653785089e-06, 1.00246434158e-05, 9.23636434891e-06, 6.14432065049e-06, 2.70483405984e-06, 1.43514864703e-06, 1.77976016857e-06, 2.65031349045e-06, 1.54031022248e-06, 1.13615055852e-06, 1.42781209433e-06, 5.92959281676e-07, 4.22997061378e-07, 3.98898833964e-07, 3.58024976777e-07, 3.53553986088e-07], "dmean2": [0.000408698280808, 0.00130573788192, 0.000822245667223, 0.000341812410625, 0.000312007439788, 0.000165488701896, 0.000138327668537, 0.000188798454474, 0.000211601436604, 0.000143162716995, 0.000106837054773, 0.000122723853565, 0.000107388557808, 9.31126414798e-05, 6.99908778188e-05, 5.09841447638e-05, 5.71698983549e-05, 7.6065887697e-05, 7.20819880371e-05, 3.98987212975e-05, 4.61496056232e-05, 4.26093756687e-05, 3.75308009097e-05, 3.19680366374e-05, 1.30778944367e-05, 1.25424121507e-05, 1.50466821651e-05, 1.04221871879e-05, 4.99414863953e-06, 4.47817956228e-06, 5.702551789e-06, 1.46427728396e-05, 6.2720250753e-06, 3.15349279845e-06, 6.18411513642e-06, 2.11954284168e-06, 1.71357964973e-06, 1.51869664933e-06, 1.17577781111e-06, 1.40160830142e-06], "dmean": [0.000263754336629, 0.000761852250434, 0.000484601856442, 0.000204619282158, 0.000196182023501, 0.000106532686914, 8.66397385835e-05, 0.000117845273053, 0.000132468514494, 9.09849914024e-05, 6.73132017255e-05, 7.89287369116e-05, 6.87478386681e-05, 5.92080323258e-05, 4.41373995272e-05, 3.22194828186e-05, 3.56949713023e-05, 4.80720373162e-05, 4.59535222035e-05, 2.65572889475e-05, 3.04738568957e-05, 2.75841830444e-05, 2.39415203396e-05, 2.04743882932e-05, 8.3009890659e-06, 8.2215956354e-06, 9.87137718766e-06, 7.04069771018e-06, 3.36763241648e-06, 3.02010926134e-06, 3.90088735003e-06, 9.39904293773e-06, 4.18136414737e-06, 2.18114905692e-06, 4.1308744585e-06, 1.47828916397e-06, 1.1935017028e-06, 1.03063939605e-06, 7.99326073775e-07, 9.70252017396e-07], "var": [3.74545663817e-07, 3.87657155443e-06, 8.68804079346e-07, 2.33345872402e-07, 2.83211392116e-07, 1.09925373692e-07, 1.12328734758e-07, 1.15744931861e-07, 1.5249619878e-07, 5.66381501699e-08, 3.95393406905e-08, 5.65130022778e-08, 8.94996148304e-08, 1.02806225755e-07, 2.41479973795e-08, 1.16154534879e-08, 1.44225076326e-08, 2.23605596261e-08, 1.93345623956e-08, 6.5812857386e-09, 1.53198769226e-08, 5.27616705881e-09, 3.93549326461e-09, 3.00864555491e-09, 4.46881892602e-10, 5.93231408441e-10, 9.46779654676e-10, 4.68684202559e-10, 1.02525363199e-10, 8.09407332825e-11, 1.51995832587e-10, 9.14254172368e-10, 1.69068425926e-10, 5.07375010061e-11, 1.62659052894e-10, 3.41358538658e-11, 2.56287231021e-11, 1.53164616407e-11, 7.5014230938e-12, 9.69614406127e-12], "dvar": [1.90217647855e-07, 1.00948057025e-06, 3.87940389146e-07, 1.56961547759e-07, 1.3616440242e-07, 5.0297973786e-08, 4.31397957357e-08, 6.51260663176e-08, 8.29381150425e-08, 3.44112471851e-08, 1.76496097737e-08, 2.44338256294e-08, 4.50518911066e-08, 3.97955233211e-08, 1.26649304377e-08, 5.37632871556e-09, 5.17976639358e-09, 8.5923277382e-09, 8.02410493606e-09, 2.51063991819e-09, 4.13238376851e-09, 1.938758043e-09, 1.59335422634e-09, 1.05380371096e-09, 2.07901168503e-10, 2.49388065754e-10, 3.10695469352e-10, 1.44810552438e-10, 3.95920483898e-11, 5.42278236204e-11, 1.03749252245e-10, 7.74145136884e-10, 1.27670540806e-10, 3.39580412401e-11, 1.0625961222e-10, 2.40323403539e-11, 1.91349193435e-11, 1.33649011996e-11, 5.13209873904e-12, 5.95433294684e-12], "mean": [0.000430699670687, 0.00181508297101, 0.00105108472053, 0.000323486048728, 0.00031875516288, 0.000189662809134, 0.000156835769303, 0.000188743084436, 0.000212208236917, 0.000149628525833, 0.00013010778639, 0.000138506788062, 0.000120782533486, 0.000104295773781, 7.67890305724e-05, 5.46204719285e-05, 6.52340313536e-05, 9.06749846763e-05, 8.51095464895e-05, 5.13067134307e-05, 6.4849955379e-05, 5.5665805121e-05, 4.9296519137e-05, 4.15214053646e-05, 1.63331624208e-05, 1.71704105014e-05, 2.0754743673e-05, 1.52310958583e-05, 6.45079489914e-06, 4.33090144725e-06, 5.61523756915e-06, 1.15654393085e-05, 5.48875595996e-06, 3.26966392095e-06, 5.77403852731e-06, 2.03845365832e-06, 1.5955647541e-06, 1.44656655721e-06, 1.26117640775e-06, 1.42562612382e-06]}, "barkbands_skewness": {"min": -2.44032764435, "max": 6.38297128677, "dvar2": 0.330021202564, "median": 0.635630369186, "dmean2": 0.612824440002, "dmean": 0.408990234137, "var": 0.968910217285, "dvar": 0.160595268011, "mean": 0.801156401634}, "spectral_entropy": {"min": 5.70337820053, "max": 9.80663490295, "dvar2": 0.0436651110649, "median": 7.62239408493, "dmean2": 0.205589920282, "dmean": 0.152066543698, "var": 0.154524207115, "dvar": 0.0245579667389, "mean": 7.62914943695}, "spectral_rolloff": {"min": 129.19921875, "max": 19487.5488281, "dvar2": 1984776.25, "median": 1981.0546875, "dmean2": 982.032592773, "dmean": 632.525695801, "var": 2639804.5, "dvar": 1037800.375, "mean": 2289.61328125}, "barkbands": {"min": [6.86927927809e-24, 7.7529352317e-24, 6.22032679871e-24, 4.69304396569e-24, 1.70246848746e-23, 1.95420157538e-23, 2.29753813825e-23, 1.16069648824e-23, 4.71019033078e-23, 3.62219684129e-23, 1.40817067391e-23, 3.9888833714e-23, 5.02610987511e-23, 3.64076694254e-23, 4.99967798608e-23, 7.92280964344e-23, 1.12620925651e-22, 1.30904310675e-22, 1.53821729714e-22, 1.85115879689e-22, 3.08153404361e-22, 3.78310881495e-22, 4.73192243897e-22, 6.35922661856e-22, 1.06856508233e-21, 1.60996519359e-21, 2.09222229495e-21], "max": [0.000347623747075, 0.0269253980368, 0.0375715456903, 0.0266504716128, 0.0297565571964, 0.0342544093728, 0.0377869680524, 0.0508353039622, 0.0278995838016, 0.0183185003698, 0.0307366456836, 0.0382259488106, 0.0277586989105, 0.0132094519213, 0.0203367043287, 0.0271550025791, 0.013970782049, 0.0076917023398, 0.0144007122144, 0.00771067803726, 0.00766250304878, 0.0136022372171, 0.00739246420562, 0.00792631786317, 0.00742492219433, 0.000432031636592, 3.26267098671e-07], "dvar2": [8.82290074333e-10, 8.01238638815e-06, 1.77074070962e-05, 6.50920355838e-06, 9.22534673009e-06, 3.72302974938e-06, 2.16345506487e-06, 7.88942179497e-06, 3.91034973291e-06, 2.52991594607e-06, 6.44353758616e-06, 4.78054380437e-06, 2.52850736615e-06, 1.97406529878e-06, 3.02445300804e-06, 1.44303282923e-06, 1.31220645017e-06, 7.34317723072e-07, 3.19712142982e-07, 3.09419959876e-07, 1.78620254587e-07, 1.51669587467e-06, 3.11696908284e-07, 1.910921128e-07, 5.04492675191e-07, 1.59069901695e-09, 8.28776938786e-17], "median": [1.91145954886e-06, 0.00119167938828, 0.00254100118764, 0.00132210319862, 0.00070274726022, 0.000406571547501, 0.000259214866674, 0.000392086338252, 0.000613378011622, 0.000331159884809, 0.000210912519833, 0.000258996791672, 0.000264286878519, 0.000231629470363, 0.000532879494131, 0.000286084832624, 0.000519033404998, 0.000384801824111, 0.000273473327979, 0.000221617083298, 7.27042061044e-05, 0.000107579136966, 7.59956164984e-05, 3.65705054719e-05, 5.08792945766e-05, 1.86393606327e-06, 3.07439601555e-10], "dmean2": [1.47493692566e-05, 0.00202590925619, 0.0032011764124, 0.00189067353494, 0.00170015566982, 0.000913787516765, 0.00065751868533, 0.00129600521177, 0.00103628309444, 0.000781105598435, 0.000761470757425, 0.000734530447517, 0.000687307212502, 0.000714458234143, 0.000955020950641, 0.000598013284616, 0.000738811737392, 0.000576903286856, 0.000306800822727, 0.000335820310283, 0.000178176866029, 0.000450264808023, 0.000233139653574, 0.00012220381177, 0.000254868558841, 1.49409170263e-05, 2.01091854279e-09], "dmean": [1.13151827463e-05, 0.00123584968969, 0.00188172364142, 0.00110634334851, 0.00103630113881, 0.000587186543271, 0.000411612621974, 0.000802032009233, 0.000661587051582, 0.000492275343277, 0.000487044395413, 0.000465864839498, 0.00043167595868, 0.000447504979093, 0.000610672926996, 0.000389367400203, 0.000479027308756, 0.000370979658328, 0.000204108131584, 0.000226859905524, 0.000124531972688, 0.000298311701044, 0.00016191843315, 8.61629305291e-05, 0.000174377477379, 9.77032595983e-06, 1.0935420347e-09], "var": [1.37719669002e-09, 6.3965821937e-06, 2.40940116782e-05, 5.13375471201e-06, 6.31668308415e-06, 3.26099143422e-06, 2.19149865188e-06, 6.00317707722e-06, 2.92582058137e-06, 2.34420917877e-06, 5.12665064889e-06, 5.11706411999e-06, 1.90894479601e-06, 2.22894709623e-06, 3.04779700855e-06, 2.2467963845e-06, 1.59079388595e-06, 8.82625897702e-07, 3.46268535623e-07, 4.92138497066e-07, 1.50629475115e-07, 8.85456586275e-07, 2.55479989164e-07, 1.17534973754e-07, 3.01368601185e-07, 7.64892760241e-10, 1.53268097177e-17], "dvar": [5.72325242754e-10, 3.07206505568e-06, 6.58998078507e-06, 2.32054867411e-06, 3.60509102393e-06, 1.60279148531e-06, 9.12004509246e-07, 3.29108343067e-06, 1.64226332799e-06, 9.92661284727e-07, 2.47716275226e-06, 1.9783794869e-06, 9.58021246333e-07, 7.78537923907e-07, 1.23754489323e-06, 6.15831424966e-07, 5.84967210671e-07, 3.11313158363e-07, 1.38283596129e-07, 1.44195581697e-07, 8.86013111767e-08, 6.83037683302e-07, 1.54266601271e-07, 8.72424195109e-08, 2.27348053272e-07, 6.79416023441e-10, 2.80199160696e-17], "mean": [1.68669066625e-05, 0.002108147135, 0.00429306551814, 0.00202603777871, 0.00158879102673, 0.00101637409534, 0.000705487909727, 0.00121350982226, 0.00112537504174, 0.000880949373823, 0.000820764398668, 0.000823375594337, 0.000727546110284, 0.000813129183371, 0.00115681032185, 0.000820092740469, 0.000977943534963, 0.000777470646426, 0.000448173348559, 0.000516192638315, 0.000196519948076, 0.00039565298357, 0.000243617454544, 0.00012522446923, 0.000232601742027, 1.0931230463e-05, 8.55917003939e-10]}, "melbands_flatness_db": {"min": 0.00392213556916, "max": 0.424518436193, "dvar2": 0.000970986206084, "median": 0.1534897089, "dmean2": 0.0341571569443, "dmean": 0.024144301191, "var": 0.00397143280134, "dvar": 0.000537211017217, "mean": 0.163348793983}, "melbands_skewness": {"min": -1.45547378063, "max": 9.96688461304, "dvar2": 0.630552947521, "median": 1.6772840023, "dmean2": 0.824005663395, "dmean": 0.543790221214, "var": 1.86714959145, "dvar": 0.288362413645, "mean": 1.94068241119}, "silence_rate_60dB": {"min": 0, "max": 1, "dvar2": 0.0130079789087, "median": 0, "dmean2": 0.0114030735567, "dmean": 0.00570083037019, "var": 0.0562725886703, "dvar": 0.00566847808659, "mean": 0.0598512999713}, "spectral_energyband_low": {"min": 6.88624073418e-23, "max": 0.0484971366823, "dvar2": 3.78092008759e-05, "median": 0.00619913917035, "dmean2": 0.00513593340293, "dmean": 0.00305187539198, "var": 4.3944146455e-05, "dvar": 1.36319204103e-05, "mean": 0.00771413045004}, "spectral_energyband_middle_low": {"min": 2.57700587166e-22, "max": 0.0519482456148, "dvar2": 3.08830858557e-05, "median": 0.00666046747938, "dmean2": 0.00451771356165, "dmean": 0.00284009007737, "var": 3.32291128871e-05, "dvar": 1.26195345729e-05, "mean": 0.00787603762001}, "melbands_kurtosis": {"min": -1.74847531319, "max": 127.198135376, "dvar2": 75.0045928955, "median": 2.58416247368, "dmean2": 5.32153272629, "dmean": 3.43825602531, "var": 99.2525177002, "dvar": 32.3415107727, "mean": 6.16328334808}, "spectral_decrease": {"min": -1.65805928987e-08, "max": 8.99523154637e-29, "dvar2": 4.63389846516e-18, "median": -5.77935121981e-09, "dmean2": 2.1355559543e-09, "dmean": 1.33243460709e-09, "var": 7.7890056174e-18, "dvar": 1.80515542359e-18, "mean": -5.67523628092e-09}, "erbbands_kurtosis": {"min": -1.63111805916, "max": 19.7455101013, "dvar2": 2.26104593277, "median": 0.0377128310502, "dmean2": 1.20863199234, "dmean": 0.774647474289, "var": 2.97931408882, "dvar": 0.990900158882, "mean": 0.528271734715}, "melbands_crest": {"min": 1.48169565201, "max": 31.2483615875, "dvar2": 18.0143146515, "median": 13.0682582855, "dmean2": 5.00622653961, "dmean": 3.11497926712, "var": 35.2050247192, "dvar": 7.74052524567, "mean": 14.0735015869}, "mfcc": {"mean": [-628.644104004, 107.906478882, -18.530254364, 22.6475830078, 8.64206027985, 3.72156047821, -1.30366027355, 9.45042800903, 3.30775976181, 3.10888147354, 0.387156277895, -5.89831447601, -0.506480693817], "icov": [[0.000126683051349, 2.64094269369e-05, -4.16778348153e-05, -0.000112287911179, 0.000102059770143, 2.72633624263e-05, 4.36000409536e-05, -0.000137832481414, -1.79802664206e-05, 7.79500842327e-05, 4.58113609056e-05, 0.00015656198957, 0.00011958534742], [2.64094269369e-05, 0.000972821726464, 0.000356590840966, -0.000251279881923, -0.000287080416456, 1.38069726745e-05, -0.000339020974934, -0.000887993490323, 5.30988436367e-05, -0.000348521280102, -0.00026026944397, -0.000147065424244, 0.000161120959092], [-4.16778348153e-05, 0.000356590840966, 0.00209141639061, -0.000280686857877, 1.85179451364e-05, -0.0012146710651, 0.000523363938555, -0.000684625585563, -0.000994663219899, 0.00101299758535, -0.000472362036817, -0.000592508411501, 2.95358040603e-05], [-0.000112287911179, -0.000251279881923, -0.000280686857877, 0.00545771513134, -0.00290543306619, 0.00130770902615, 0.000466796162073, -0.000839717220515, -0.000410178356105, -0.000539043336175, 0.00147553835995, -0.000608408590779, -0.00122012791689], [0.000102059770143, -0.000287080416456, 1.85179451364e-05, -0.00290543306619, 0.00845657940954, -0.00109593896195, -0.00060380040668, 0.00108560652006, -0.00124883372337, -0.000493799627293, 0.00160145224072, 9.70374967437e-05, -0.00107112061232], [2.72633624263e-05, 1.38069726745e-05, -0.0012146710651, 0.00130770902615, -0.00109593896195, 0.00707358820364, -0.00178071355913, -0.00188649119809, 0.000551821140107, 0.00108461536001, -0.00169258064125, 0.000448855309514, 0.0010238008108], [4.36000409536e-05, -0.000339020974934, 0.000523363938555, 0.000466796162073, -0.00060380040668, -0.00178071355913, 0.00808161403984, -0.00249293097295, 0.00123882771004, -0.00295678619295, 0.00126230949536, 4.86877470394e-05, 0.000435685855336], [-0.000137832481414, -0.000887993490323, -0.000684625585563, -0.000839717220515, 0.00108560652006, -0.00188649119809, -0.00249293097295, 0.0141779733822, -0.00401658192277, -0.00108010182157, 0.000398078525905, 0.000520150118973, -0.0038378839381], [-1.79802664206e-05, 5.30988436367e-05, -0.000994663219899, -0.000410178356105, -0.00124883372337, 0.000551821140107, 0.00123882771004, -0.00401658192277, 0.0107571808621, -0.00283993012272, 0.00197025528178, -0.000485129101435, -6.42249942757e-05], [7.79500842327e-05, -0.000348521280102, 0.00101299758535, -0.000539043336175, -0.000493799627293, 0.00108461536001, -0.00295678619295, -0.00108010182157, -0.00283993012272, 0.015003037639, -0.00516176968813, 0.000351773225702, 0.00199125474319], [4.58113609056e-05, -0.00026026944397, -0.000472362036817, 0.00147553835995, 0.00160145224072, -0.00169258064125, 0.00126230949536, 0.000398078525905, 0.00197025528178, -0.00516176968813, 0.0136307729408, -0.001560966135, -0.00142543984111], [0.00015656198957, -0.000147065424244, -0.000592508411501, -0.000608408590779, 9.70374967437e-05, 0.000448855309514, 4.86877470394e-05, 0.000520150118973, -0.000485129101435, 0.000351773225702, -0.001560966135, 0.01440166682, -0.00433646235615], [0.00011958534742, 0.000161120959092, 2.95358040603e-05, -0.00122012791689, -0.00107112061232, 0.0010238008108, 0.000435685855336, -0.0038378839381, -6.42249942757e-05, 0.00199125474319, -0.00142543984111, -0.00433646235615, 0.0155808730051]], "cov": [[8685.31445313, -368.928924561, 329.623535156, 170.606918335, -62.1805763245, -24.1269721985, -107.97480011, 75.4236907959, 75.5073013306, -94.7376937866, -95.3188171387, -100.809562683, -55.5611114502], [-368.928924561, 1386.56860352, -251.536209106, 119.06313324, 99.0743789673, -3.34376883507, 141.614898682, 119.459999084, 39.4164276123, 104.796936035, 15.5664396286, 14.9157409668, 23.1346149445], [329.623535156, -251.536209106, 698.74206543, 27.8480491638, 9.31869983673, 114.634963989, -52.1132736206, 49.8177452087, 72.7778015137, -56.5293273926, 5.87830686569, 30.2861557007, 24.2553882599], [170.606918335, 119.06313324, 27.8480491638, 307.216705322, 119.193389893, -50.3239593506, -5.59125518799, 41.8236656189, 59.2246513367, 8.17288303375, -49.8001403809, 22.5051670074, 44.3308448792], [-62.1805763245, 99.0743789673, 9.31869983673, 119.193389893, 177.561401367, 1.22145938873, 18.6917114258, 22.5377464294, 40.8512496948, 10.6542425156, -31.7159366608, 10.0918073654, 24.6381263733], [-24.1269721985, -3.34376883507, 114.634963989, -50.3239593506, 1.22145938873, 199.173599243, 45.3122024536, 33.5026130676, 0.193814218044, -2.08626747131, 26.6482105255, -4.36390161514, -8.46574878693], [-107.97480011, 141.614898682, -52.1132736206, -5.59125518799, 18.6917114258, 45.3122024536, 174.177246094, 42.7635002136, 0.521113574505, 43.8165512085, 3.44356584549, -5.2389125824, -3.74489688873], [75.4236907959, 119.459999084, 49.8177452087, 41.8236656189, 22.5377464294, 33.5026130676, 42.7635002136, 117.596321106, 52.1002388, 20.847442627, -2.43535971642, 8.0581035614, 28.0554084778], [75.5073013306, 39.4164276123, 72.7778015137, 59.2246513367, 40.8512496948, 0.193814218044, 0.521113574505, 52.1002388, 135.141998291, 19.3378696442, -18.8188858032, 10.4975786209, 18.4128055573], [-94.7376937866, 104.796936035, -56.5293273926, 8.17288303375, 10.6542425156, -2.08626747131, 43.8165512085, 20.847442627, 19.3378696442, 97.9617385864, 26.9314136505, -1.15447282791, -5.12734079361], [-95.3188171387, 15.5664396286, 5.87830686569, -49.8001403809, -31.7159366608, 26.6482105255, 3.44356584549, -2.43535971642, -18.8188858032, 26.9314136505, 100.241592407, 8.36976718903, 0.0129066240042], [-100.809562683, 14.9157409668, 30.2861557007, 22.5051670074, 10.0918073654, -4.36390161514, -5.2389125824, 8.0581035614, 10.4975786209, -1.15447282791, 8.36976718903, 82.8316879272, 29.4465427399], [-55.5611114502, 23.1346149445, 24.2553882599, 44.3308448792, 24.6381263733, -8.46574878693, -3.74489688873, 28.0554084778, 18.4128055573, -5.12734079361, 0.0129066240042, 29.4465427399, 85.9872894287]]}, "spectral_energy": {"min": 1.03767844906e-20, "max": 0.0684474110603, "dvar2": 7.6327327406e-05, "median": 0.0245692245662, "dmean2": 0.00870632566512, "dmean": 0.00555397430435, "var": 0.000139115858474, "dvar": 3.11027397402e-05, "mean": 0.0240606293082}, "melbands_spread": {"min": 2.1493139267, "max": 191.604431152, "dvar2": 251.538772583, "median": 35.3394012451, "dmean2": 13.9089241028, "dmean": 9.35367393494, "var": 478.308227539, "dvar": 127.492263794, "mean": 37.6556434631}, "erbbands_flatness_db": {"min": 0.0471117272973, "max": 0.467306017876, "dvar2": 0.000422867538873, "median": 0.16557598114, "dmean2": 0.0227279290557, "dmean": 0.0155481239781, "var": 0.00212593376637, "dvar": 0.000213119696127, "mean": 0.168349355459}, "spectral_contrast_valleys": {"min": [-27.6051902771, -27.7294445038, -27.5672473907, -27.5116519928, -27.2970027924, -27.2999897003], "max": [-5.71265554428, -4.87481880188, -5.4132194519, -5.64104557037, -5.58502817154, -7.26791334152], "dvar2": [0.384216219187, 0.280555099249, 0.224505349994, 0.208973020315, 0.198463797569, 0.322972267866], "median": [-7.47474765778, -6.76448345184, -7.12149143219, -7.41050052643, -7.28099441528, -10.0276098251], "dmean2": [0.747413933277, 0.586428523064, 0.489690065384, 0.434463530779, 0.388288348913, 0.53414452076], "dmean": [0.453033655882, 0.364445954561, 0.310893207788, 0.283830523491, 0.280486404896, 0.409119576216], "var": [1.87606191635, 1.57046616077, 1.47411441803, 1.34953904152, 1.53710603714, 2.1138112545], "dvar": [0.161106541753, 0.135153323412, 0.114022821188, 0.113726638258, 0.11573022604, 0.194465368986], "mean": [-7.69163227081, -6.95299816132, -7.30953216553, -7.56648206711, -7.4767203331, -10.2639884949]}, "barkbands_flatness_db": {"min": 0.0101859467104, "max": 0.393123567104, "dvar2": 0.000626301625744, "median": 0.129627436399, "dmean2": 0.0278203114867, "dmean": 0.0184498988092, "var": 0.00212011579424, "dvar": 0.000302085682051, "mean": 0.137998864055}, "zerocrossingrate": {"min": 0.005859375, "max": 0.5185546875, "dvar2": 0.000317403086228, "median": 0.0732421875, "dmean2": 0.0145563250408, "dmean": 0.0134300645441, "var": 0.00188574660569, "dvar": 0.000260547618382, "mean": 0.0794722214341}, "spectral_skewness": {"min": -0.0097922263667, "max": 4.27554702759, "dvar2": 0.129515632987, "median": 1.40953540802, "dmean2": 0.342069655657, "dmean": 0.211861506104, "var": 0.121217861772, "dvar": 0.0489076673985, "mean": 1.42283785343}, "hfc": 