{"lowlevel": {"spectral_complexity": {"min": 0, "max": 58, "dvar2": 28.8413677216, "median": 23, "dmean2": 5.50613594055, "dmean": 3.86589002609, "var": 89.8505172729, "dvar": 16.457485199, "mean": 22.9053173065}, "silence_rate_20dB": {"min": 1, "max": 1, "dvar2": 0, "median": 1, "dmean2": 0, "dmean": 0, "var": 0, "dvar": 0, "mean": 1}, "average_loudness": 0.950137078762, "erbbands_spread": {"min": 3.7275633812, "max": 130.748016357, "dvar2": 122.642486572, "median": 32.5246543884, "dmean2": 10.6046028137, "dmean": 6.99489307404, "var": 247.056167603, "dvar": 54.830493927, "mean": 34.8944473267}, "spectral_kurtosis": {"min": -1.24289929867, "max": 40.4364242554, "dvar2": 13.2781944275, "median": 3.86120057106, "dmean2": 2.66429877281, "dmean": 1.61538648605, "var": 10.7599592209, "dvar": 4.73926305771, "mean": 4.46869373322}, "barkbands_kurtosis": {"min": -1.91027605534, "max": 45.5906867981, "dvar2": 11.0653562546, "median": -0.33948558569, "dmean2": 1.96099603176, "dmean": 1.24826228619, "var": 12.2993822098, "dvar": 4.73703527451, "mean": 0.856403410435}, "spectral_strongpeak": {"min": 0, "max": 12.7949781418, "dvar2": 3.86147880554, "median": 0.463859975338, "dmean2": 1.18990790844, "dmean": 0.684233784676, "var": 2.28309178352, "dvar": 1.47072887421, "mean": 1.10054171085}, "spectral_spread": {"min": 1167337.375, "max": 42924744, "dvar2": 1299224854530.0, "median": 3959922.25, "dmean2": 761623.875, "dmean": 550033.5625, "var": 5088980500480.0, "dvar": 691227131904, "mean": 4320075.5}, "spectral_rms": {"min": 3.20965129474e-12, "max": 0.00794250052422, "dvar2": 6.1448059796e-07, "median": 0.00489783706143, "dmean2": 0.000840087363031, "dmean": 0.000545814225916, "var": 2.12267832467e-06, "dvar": 2.63679339696e-07, "mean": 0.0046166353859}, "dynamic_complexity": 2.98333454132, "erbbands": {"min": [1.77718030473e-22, 3.78275288091e-22, 1.25462629506e-21, 5.26864855568e-21, 2.94795570398e-20, 2.49815249678e-20, 7.38098947448e-20, 9.32869544042e-20, 1.24743928704e-19, 2.45973813219e-19, 4.26744778612e-19, 5.50288002958e-19, 8.46194858197e-19, 9.97545904334e-19, 7.31987375191e-19, 9.09220178911e-19, 1.05158675113e-18, 2.47926254148e-18, 2.7907136197e-18, 3.71227905566e-18, 4.59247077854e-18, 4.51703107949e-18, 8.89286739151e-18, 9.63854258958e-18, 1.1357701008e-17, 8.70429916316e-18, 1.30929001128e-17, 9.56818839694e-18, 1.31263504696e-17, 1.34202981992e-17, 1.07084758965e-17, 1.2809128359e-17, 1.14118722391e-17, 9.21973690954e-18, 8.17339148497e-18, 4.80862423954e-18, 2.4117389609e-18, 1.00941005246e-18, 2.82230561184e-19, 2.90413322609e-20], "max": [0.614202201366, 6.34211063385, 40.3835792542, 73.3195724487, 95.9064483643, 136.898666382, 197.303665161, 230.319656372, 581.380554199, 414.239196777, 859.910583496, 631.664001465, 543.89239502, 847.466186523, 952.274230957, 1447.79260254, 1086.62634277, 601.778503418, 1559.58825684, 1197.51855469, 1833.44226074, 583.008483887, 454.839477539, 536.45135498, 540.822143555, 304.539672852, 335.038665771, 597.235412598, 573.936950684, 254.378890991, 229.956558228, 204.148162842, 136.235565186, 54.4479866028, 86.1205673218, 4.32098531723, 0.684127569199, 0.129712373018, 0.00956237222999, 0.00135136966128], "dvar2": [0.00365245318972, 0.584100246429, 17.0110473633, 44.0722808838, 42.3856201172, 186.07649231, 295.7081604, 234.763275146, 481.925018311, 717.992736816, 3525.02539063, 2247.04003906, 1615.7578125, 3329.50537109, 6642.85205078, 4858.74511719, 3604.20776367, 2765.04760742, 6128.82177734, 5995.15576172, 5107.54101563, 3453.48706055, 2344.36621094, 622.95501709, 947.628295898, 654.721496582, 190.658203125, 564.172607422, 4026.79101563, 261.764251709, 367.139587402, 115.754898071, 44.2537727356, 17.6874923706, 69.9160995483, 0.165982991457, 0.00508727505803, 0.000129287363961, 2.7708944117e-07, 4.57430981982e-09], "median": [0.0106644472107, 0.391412764788, 2.37958240509, 4.83864021301, 2.89774036407, 2.34009742737, 3.21692180634, 3.38034152985, 4.13081502914, 6.40044927597, 10.2679042816, 12.5202550888, 13.6454610825, 12.1910200119, 11.3461923599, 12.8420591354, 12.0739936829, 11.7737073898, 23.71641922, 26.5686855316, 21.0239105225, 30.0915527344, 27.4723854065, 14.8417758942, 15.2847557068, 10.4108324051, 4.37190103531, 3.19317698479, 4.3521361351, 2.27998733521, 2.07249236107, 0.795125544071, 0.539125263691, 0.495533615351, 0.313044697046, 0.0303880479187, 0.00310896476731, 0.000361739657819, 3.06097390421e-05, 3.41124105034e-05], "dmean2": [0.0302782934159, 0.572117805481, 3.16227269173, 5.21676301956, 3.97938966751, 6.77468347549, 8.61820983887, 7.27214193344, 9.08635520935, 13.3467950821, 27.087266922, 22.3855133057, 20.3431015015, 28.4818668365, 28.9742622375, 25.0148601532, 25.8225250244, 26.8096084595, 41.7109947205, 41.3781776428, 34.7233810425, 37.9565925598, 32.9794197083, 15.2562351227, 17.0166130066, 15.0547609329, 6.63334465027, 9.06445217133, 22.0100727081, 6.26714229584, 7.87411832809, 2.81309509277, 1.83091211319, 1.5940965414, 2.7259812355, 0.152920112014, 0.0255038887262, 0.00346117001027, 0.000118278570881, 2.05707492569e-05], "dmean": [0.021954273805, 0.339278012514, 1.85430526733, 3.07727360725, 2.37274312973, 4.03398418427, 5.47331380844, 4.68246269226, 5.78284549713, 8.40921783447, 16.9069385529, 14.2653617859, 12.8692893982, 18.3901138306, 18.6097011566, 16.0629520416, 16.3266048431, 16.7313423157, 26.7096233368, 26.8539009094, 23.0194168091, 24.6772441864, 21.4916572571, 9.98882389069, 11.4590425491, 10.2840394974, 4.60802364349, 6.3379778862, 14.1770009995, 4.4090294838, 5.35657739639, 2.0080332756, 1.27581489086, 1.11784029007, 1.82343757153, 0.107576839626, 0.0173298735172, 0.00220844359137, 7.5247255154e-05, 1.35698674057e-05], "var": [0.0042562931776, 0.467977672815, 27.3455715179, 36.9139328003, 26.2311401367, 97.315788269, 229.45489502, 221.223739624, 562.622619629, 539.846252441, 2658.32739258, 1512.65881348, 1437.27441406, 3316.98242188, 5522.20068359, 5620.67724609, 3004.2746582, 2970.8215332, 6862.29931641, 6386.47558594, 8670.63769531, 4700.38720703, 3279.00292969, 737.001220703, 1207.98132324, 1055.7109375, 203.58265686, 403.929290771, 2029.10119629, 212.427139282, 278.180389404, 70.671585083, 23.5754623413, 12.5563011169, 35.8390045166, 0.0985104218125, 0.00248254905455, 4.82733739773e-05, 8.05698618933e-08, 1.62727253894e-09], "dvar": [0.00205125333741, 0.205852329731, 6.39689731598, 16.052904129, 15.8836269379, 71.4436721802, 120.233978271, 103.203369141, 202.257446289, 308.143798828, 1451.63598633, 945.740356445, 631.844665527, 1392.82727051, 2534.97973633, 2025.25048828, 1389.43530273, 1067.88391113, 2534.31958008, 2646.42993164, 2210.43652344, 1505.14160156, 1007.30249023, 263.815063477, 420.561676025, 305.985626221, 93.8058547974, 270.3019104, 1732.90673828, 133.05368042, 174.98425293, 53.2440032959, 18.9493751526, 7.99683380127, 30.3513832092, 0.0742534101009, 0.00217393157072, 5.22137488588e-05, 1.03819068897e-07, 1.74158221178e-09], "mean": [0.0340631492436, 0.631309568882, 4.47907114029, 6.32993888855, 4.30223989487, 5.70528459549, 8.82833099365, 8.31732749939, 10.9111185074, 13.958322525, 26.5239658356, 23.6406269073, 25.7545185089, 33.7436256409, 34.5739707947, 31.7486743927, 29.7792015076, 33.4979782104, 54.6791915894, 53.2868461609, 52.7339782715, 55.2179641724, 49.5542640686, 24.1216430664, 26.2219524384, 24.1094856262, 9.21903514862, 9.47570323944, 17.6993370056, 6.79247617722, 7.73846817017, 2.762352705, 1.91689801216, 1.70826482773, 2.19414019585, 0.1421212852, 0.0197327025235, 0.00226514646783, 9.0996727522e-05, 3.82396865461e-05]}, "spectral_contrast_coeffs": {"min": [-0.970850169659, -0.977088868618, -0.978029429913, -0.968684017658, -0.964386224747, -0.963583946228], "max": [-0.326503425837, -0.37163695693, -0.406695604324, -0.514104127884, -0.544293403625, -0.598091006279], "dvar2": [0.00478446902707, 0.00349815282971, 0.0023914645426, 0.00175549730193, 0.000978370895609, 0.000688802683726], "median": [-0.610713303089, -0.743636131287, -0.757459461689, -0.749078929424, -0.749544978142, -0.754511296749], "dmean2": [0.0867391601205, 0.0750544890761, 0.0605128370225, 0.0524960532784, 0.0378739535809, 0.0308341737837], "dmean": [0.0518963374197, 0.0462205447257, 0.0375392995775, 0.0326810069382, 0.0250093340874, 0.0195476766676], "var": [0.00616661692038, 0.0055374330841, 0.00431299721822, 0.00377308437601, 0.00358139630407, 0.0015724041732], "dvar": [0.00175030424725, 0.00140292628203, 0.000938697485253, 0.000730390893295, 0.000469490332762, 0.000300152751151], "mean": [-0.612106084824, -0.739007413387, -0.751943290234, -0.743381977081, -0.744139552116, -0.752821087837]}, "dissonance": {"min": 0.261380136013, "max": 0.499921351671, "dvar2": 0.000542679452337, "median": 0.477206945419, "dmean2": 0.0229229964316, "dmean": 0.0136526506394, "var": 0.000378558499506, "dvar": 0.000195536296815, "mean": 0.472839951515}, "spectral_energyband_high": {"min": 7.2605503617e-21, "max": 0.0278692077845, "dvar2": 6.19611455477e-06, "median": 0.000608515925705, "dmean2": 0.00112733175047, "dmean": 0.000822764530312, "var": 5.73529678149e-06, "dvar": 3.2054319945e-06, "mean": 0.0013971143635}, "gfcc": {"mean": [-0.565282344818, 87.3416366577, -140.602416992, 41.6541061401, -54.5951690674, 19.370054245, -41.6915512085, 14.920671463, -24.0098114014, -4.04851388931, -20.4915332794, -8.01043319702, -11.270234108], "icov": [[0.000161939809914, -0.000308374903398, 0.000354033225449, -0.00051695673028, 0.000583843269851, -0.000305555207888, 0.000178916205186, -0.000337687029969, 0.000381868332624, -0.000164157201652, 0.000378803670174, -0.000266185030341, 0.000173754480784], [-0.000308374903398, 0.00249883858487, -0.00127319514286, 0.00167290808167, -0.00231176009402, 0.000911370210815, -0.000686298822984, 0.000727205653675, -0.00176657619886, 0.00237246742472, -0.00212885276414, 0.00228559249081, -0.000567462062463], [0.000354033225449, -0.00127319514286, 0.00299245957285, -0.00218159030192, 0.00140690372791, -0.00152439111844, 0.000423958612373, -0.00121827947441, 0.000864234636538, -0.00122651620768, 0.00289022945799, -0.0024140290916, 0.00157174607739], [-0.00051695673028, 0.00167290808167, -0.00218159030192, 0.00619346415624, -0.00275619095191, 0.000670708832331, 0.000914926058613, -0.00022246853041, -0.00200023781508, 0.00244658999145, -0.00199425662868, 0.0020068732556, -0.0028426644858], [0.000583843269851, -0.00231176009402, 0.00140690372791, -0.00275619095191, 0.00819083116949, -0.00113193888683, -0.00158106756862, -0.000969517917838, 1.92436800717e-05, -0.000575090467464, 0.000316380959703, -0.000775349326432, -0.000877742306329], [-0.000305555207888, 0.000911370210815, -0.00152439111844, 0.000670708832331, -0.00113193888683, 0.00612128758803, -0.00274839275517, 0.000656922056805, 0.00158814899623, -0.00140940293204, 0.000334912969265, -0.00015004099987, 0.000288982468192], [0.000178916205186, -0.000686298822984, 0.000423958612373, 0.000914926058613, -0.00158106756862, -0.00274839275517, 0.00950532685965, -0.00175812793896, -0.000495933520142, 0.0018139409367, -0.00182447978295, 0.00165713974275, 0.00177168264054], [-0.000337687029969, 0.000727205653675, -0.00121827947441, -0.00022246853041, -0.000969517917838, 0.000656922056805, -0.00175812793896, 0.0098788542673, -0.00326126860455, -0.00119383772835, 0.000821567780804, 0.00125875952654, -0.00178362091538], [0.000381868332624, -0.00176657619886, 0.000864234636538, -0.00200023781508, 1.92436800717e-05, 0.00158814899623, -0.000495933520142, -0.00326126860455, 0.0146696269512, -0.00438559055328, 0.00259856856428, -0.00117221253458, 0.000963168684393], [-0.000164157201652, 0.00237246742472, -0.00122651620768, 0.00244658999145, -0.000575090467464, -0.00140940293204, 0.0018139409367, -0.00119383772835, -0.00438559055328, 0.0183374788612, -0.00541003281251, -0.00196073111147, 0.00327526521869], [0.000378803670174, -0.00212885276414, 0.00289022945799, -0.00199425662868, 0.000316380959703, 0.000334912969265, -0.00182447978295, 0.000821567780804, 0.00259856856428, -0.00541003281251, 0.0143008232117, -0.00301326275803, -0.00105019775219], [-0.000266185030341, 0.00228559249081, -0.0024140290916, 0.0020068732556, -0.000775349326432, -0.00015004099987, 0.00165713974275, 0.00125875952654, -0.00117221253458, -0.00196073111147, -0.00301326275803, 0.0156628768891, -0.00451516918838], [0.000173754480784, -0.000567462062463, 0.00157174607739, -0.0028426644858, -0.000877742306329, 0.000288982468192, 0.00177168264054, -0.00178362091538, 0.000963168684393, 0.00327526521869, -0.00105019775219, -0.00451516918838, 0.0151987653226]], "cov": [[14120.5400391, -450.919677734, -169.518234253, 695.092590332, -852.515930176, 352.46496582, -443.956207275, 256.777313232, -251.575683594, 0.378053069115, -300.499389648, 107.957496643, 22.3899269104], [-450.919677734, 1345.52050781, -119.544799805, -62.4714317322, 403.544128418, -144.825958252, 231.269042969, -5.34281587601, 104.035293579, -162.611312866, 132.434753418, -197.304122925, 33.5288925171], [-169.518234253, -119.544799805, 828.817260742, 158.092712402, -73.6538925171, 175.932891846, -45.2002334595, 83.3527526855, 9.807929039, 47.3998756409, -141.370742798, 84.1436691284, -46.8226852417], [695.092590332, -62.4714317322, 158.092712402, 339.898254395, 25.7108783722, 10.2993755341, -51.7119636536, 62.3249702454, 17.9065132141, -22.5022735596, -28.0251731873, 13.2219333649, 57.2811813354], [-852.515930176, 403.544128418, -73.6538925171, 25.7108783722, 327.810089111, -43.5248641968, 119.976264954, 9.5490398407, 53.4003372192, -52.9413070679, 69.2048187256, -64.0610046387, 37.9080505371], [352.46496582, -144.825958252, 175.932891846, 10.2993755341, -43.5248641968, 273.195098877, 31.7205657959, 13.1048154831, -37.4604072571, 38.117389679, -41.5038566589, 33.0193367004, -34.4705619812], [-443.956207275, 231.269042969, -45.2002334595, -51.7119636536, 119.976264954, 31.7205657959, 195.167800903, 9.73460006714, 20.9137592316, -28.3280448914, 41.7887496948, -55.1716156006, -15.2930870056], [256.777313232, -5.34281587601, 83.3527526855, 62.3249702454, 9.5490398407, 13.1048154831, 9.73460006714, 139.460906982, 32.4176445007, 8.23881530762, -25.1311035156, -0.182905271649, 9.81516742706], [-251.575683594, 104.035293579, 9.807929039, 17.9065132141, 53.4003372192, -37.4604072571, 20.9137592316, 32.4176445007, 100.407905579, 4.67349815369, 4.21890974045, -12.8964147568, 3.34796953201], [0.378053069115, -162.611312866, 47.3998756409, -22.5022735596, -52.9413070679, 38.117389679, -28.3280448914, 8.23881530762, 4.67349815369, 96.4456253052, 1.54018735886, 39.8524017334, -23.8333721161], [-300.499389648, 132.434753418, -141.370742798, -28.0251731873, 69.2048187256, -41.5038566589, 41.7887496948, -25.1311035156, 4.21890974045, 1.54018735886, 127.336898804, -11.3626918793, 19.5470542908], [107.957496643, -197.304122925, 84.1436691284, 13.2219333649, -64.0610046387, 33.0193367004, -55.1716156006, -0.182905271649, -12.8964147568, 39.8524017334, -11.3626918793, 114.221252441, 12.6293859482], [22.3899269104, 33.5288925171, -46.8226852417, 57.2811813354, 37.9080505371, -34.4705619812, -15.2930870056, 9.81516742706, 3.34796953201, -23.8333721161, 19.5470542908, 12.6293859482, 98.1516952515]]}, "spectral_flux": {"min": 6.38588487645e-11, "max": 0.212593689561, "dvar2": 0.000630841415841, "median": 0.078647762537, "dmean2": 0.0272034425288, "dmean": 0.0182092059404, "var": 0.00128348148428, "dvar": 0.000297850667266, "mean": 0.0787669196725}, "silence_rate_30dB": {"min": 1, "max": 1, "dvar2": 0, "median": 1, "dmean2": 0, "dmean": 0, "var": 0, "dvar": 0, "mean": 1}, "spectral_energyband_middle_high": {"min": 1.28291603357e-21, "max": 0.0492100231349, "dvar2": 2.09080717468e-05, "median": 0.00633461726829, "dmean2": 0.00334346154705, "dmean": 0.00231092073955, "var": 5.12058832101e-05, "dvar": 9.31230442802e-06, "mean": 0.00840716902167}, "barkbands_spread": {"min": 2.54939937592, "max": 100.422149658, "dvar2": 111.017410278, "median": 28.9278755188, "dmean2": 9.63353252411, "dmean": 6.40014314651, "var": 201.69442749, "dvar": 56.2119255066, "mean": 30.2966556549}, "spectral_centroid": {"min": 251.696548462, "max": 11694.0751953, "dvar2": 190539.4375, "median": 1812.25756836, "dmean2": 391.064880371, "dmean": 267.820770264, "var": 600355.125, "dvar": 99003.234375, "mean": 1813.09838867}, "pitch_salience": {"min": 0.114882811904, "max": 0.880012512207, "dvar2": 0.00737945409492, "median": 0.531508743763, "dmean2": 0.100201837718, "dmean": 0.0634531676769, "var": 0.012351074256, "dvar": 0.00323316385038, "mean": 0.528415560722}, "erbbands_skewness": {"min": -2.97552347183, "max": 3.14263391495, "dvar2": 0.187906831503, "median": -0.192595511675, "dmean2": 0.482741832733, "dmean": 0.317690342665, "var": 0.485268950462, "dvar": 0.0836136117578, "mean": -0.274100959301}, "erbbands_crest": {"min": 2.39319849014, "max": 28.2948417664, "dvar2": 11.2873811722, "median": 7.58518457413, "dmean2": 3.71138525009, "dmean": 2.27705192566, "var": 12.5821447372, "dvar": 4.54564094543, "mean": 8.35757541656}, "melbands": {"min": [1.87314923337e-24, 5.01700005021e-25, 1.5306565939e-24, 3.03812935466e-24, 2.24428284851e-24, 2.15965878098e-24, 2.07579497815e-24, 2.65758068461e-24, 2.66663897717e-24, 3.66217433981e-24, 3.98776129565e-24, 3.94262149136e-24, 1.97963677811e-24, 3.0834395529e-24, 2.31995788072e-24, 2.00188955817e-24, 4.10204436385e-24, 4.27238191583e-24, 5.0160284694e-24, 3.91386869466e-24, 4.14631878773e-24, 4.18197135634e-24, 4.01852016564e-24, 6.0156134495e-24, 7.56296490395e-24, 6.52789972135e-24, 5.43173726164e-24, 5.72323753777e-24, 7.55746417686e-24, 7.06182681441e-24, 4.37750394233e-24, 6.40257575592e-24, 7.16149386776e-24, 6.67753322444e-24, 6.44562152894e-24, 6.0685195894e-24, 8.17951728823e-24, 8.26084411439e-24, 7.36510912259e-24, 6.7122707144e-24], "max": [0.00660608801991, 0.014982746914, 0.0102125108242, 0.00741777056828, 0.00548275886104, 0.00551253696904, 0.00826936028898, 0.0074178413488, 0.00564308883622, 0.00360620557331, 0.00286531890742, 0.00312538072467, 0.0040428256616, 0.00586097501218, 0.0035386455711, 0.00210504885763, 0.00126748625189, 0.00302028469741, 0.00164536025841, 0.00116742099635, 0.00233461754397, 0.000687848543748, 0.000601095554885, 0.000525474722963, 0.000467103440315, 0.000611837545875, 0.000311272975523, 0.000186895398656, 0.000202902010642, 0.000165374251083, 0.000395541108446, 0.000393690192141, 0.000253815349424, 0.000119092153909, 0.000173168140464, 0.000135658090585, 0.000134520159918, 0.000112722991616, 5.89636802033e-05, 4.64185577584e-05], "dvar2": [4.24652313313e-07, 2.75740671896e-06, 1.07605899302e-06, 4.26907519113e-07, 3.36725975103e-07, 1.15812881063e-07, 9.64233848322e-08, 1.56045516064e-07, 2.09769979165e-07, 8.01225965574e-08, 4.35484572847e-08, 5.60903110625e-08, 1.15709276827e-07, 9.45792493212e-08, 3.40617454242e-08, 1.3373623986e-08, 1.29681554384e-08, 2.0872571227e-08, 2.06903738587e-08, 5.35124966561e-09, 9.42120603753e-09, 4.44136283306e-09, 3.56431706372e-09, 2.46075648747e-09, 4.66929162002e-10, 6.04793382042e-10, 7.0995831436e-10, 3.01923736012e-10, 8.53258852462e-11, 1.1524313448e-10, 2.31827598784e-10, 1.81919856956e-09, 2.73249062266e-10, 6.76540490296e-11, 2.26441240758e-10, 4.90461282698e-11, 4.56011998995e-11, 3.00147996735e-11, 1.12785674897e-11, 1.24132778709e-11], "median": [0.000207931967452, 0.00108541129157, 0.000845459580887, 0.00018292668392, 0.00012190722191, 7.55014189053e-05, 5.84302579227e-05, 7.62267882237e-05, 8.6637424829e-05, 8.06173338788e-05, 6.58347053104e-05, 4.75307060697e-05, 3.57191893272e-05, 2.78857041849e-05, 3.01815744024e-05, 1.85867611435e-05, 1.98931265913e-05, 3.27309826389e-05, 3.77108044631e-05, 2.24834730034e-05, 2.3180306016e-05, 2.92899803753e-05, 2.71495246125e-05, 1.81029081432e-05, 9.20788352232e-06, 1.0037663742e-05, 9.1568008429e-06, 5.98634187554e-06, 2.59591024587e-06, 1.35406105528e-06, 1.70339387751e-06, 2.5947474569e-06, 1.47322498378e-06, 1.04482501229e-06, 1.35840832627e-06, 5.49684330053e-07, 3.79648781745e-07, 3.58053853233e-07, 3.37272979323e-07, 3.3683681977e-07], "dmean2": [0.00040627954877, 0.00130698212888, 0.000818105181679, 0.000340942671755, 0.000310973118758, 0.000163903911016, 0.000133547509904, 0.0001882466604, 0.000212199913221, 0.00014105119044, 0.000105105442344, 0.000120890261314, 0.000105814790004, 9.21777100302e-05, 6.95523849572e-05, 5.089930346e-05, 5.68244759052e-05, 7.54198699724e-05, 7.23635821487e-05, 3.95717288484e-05, 4.59272268927e-05, 4.1937790229e-05, 3.6697685573e-05, 3.15713259624e-05, 1.26857275973e-05, 1.22845631267e-05, 1.48618400999e-05, 1.01904861367e-05, 4.84626798425e-06, 4.31640046372e-06, 5.53923337065e-06, 1.46471766129e-05, 6.13865267951e-06, 3.00999454339e-06, 6.10599818174e-06, 2.0408765522e-06, 1.65372637184e-06, 1.43142051456e-06, 1.07143080186e-06, 1.32664422381e-06], "dmean": [0.000262851914158, 0.000764342665207, 0.00048275096924, 0.000204549636692, 0.000195840359083, 0.000105475141027, 8.45190807013e-05, 0.000118105439469, 0.000133188834297, 9.00252271094e-05, 6.62279708195e-05, 7.78829344199e-05, 6.77646894474e-05, 5.85823436268e-05, 4.39859504695e-05, 3.21351617458e-05, 3.5468088754e-05, 4.79814880237e-05, 4.59926231997e-05, 2.63684414676e-05, 3.03193792206e-05, 2.72901597782e-05, 2.34918134083e-05, 2.0344141376e-05, 8.10593701317e-06, 8.06238767836e-06, 9.79572450888e-06, 6.87239980834e-06, 3.28052374243e-06, 2.91196442959e-06, 3.80681944989e-06, 9.3538847068e-06, 4.0792042455e-06, 2.0768475224e-06, 4.06136587117e-06, 1.40573172303e-06, 1.16260969207e-06, 9.79932792688e-07, 7.31665011244e-07, 9.16645205962e-07], "var": [3.73710861368e-07, 3.88941316487e-06, 8.70837141065e-07, 2.35932219539e-07, 2.8481807135e-07, 1.09754147104e-07, 1.1119865917e-07, 1.17374433728e-07, 1.54072409941e-07, 5.63327979819e-08, 3.92703363161e-08, 5.59689858903e-08, 8.91265585778e-08, 1.04124332267e-07, 2.44148861128e-08, 1.15125535771e-08, 1.43737688418e-08, 2.25653931096e-08, 1.94789908647e-08, 6.56195719984e-09, 1.51865258147e-08, 5.20413312444e-09, 3.86753740145e-09, 3.00367419825e-09, 4.3202072475e-10, 5.94330917814e-10, 9.50024947599e-10, 4.61486598935e-10, 1.02632811971e-10, 7.79788039695e-11, 1.52018633792e-10, 9.11291098138e-10, 1.64264726821e-10, 4.75737609029e-11, 1.58287841168e-10, 3.29482205408e-11, 2.51310743049e-11, 1.43163779442e-11, 6.92849250195e-12, 8.88852533243e-12], "dvar": [1.88010560009e-07, 9.97310849016e-07, 3.89481243701e-07, 1.62760784406e-07, 1.37334836836e-07, 5.08228481522e-08, 4.06284144105e-08, 6.61730297224e-08, 8.44202148187e-08, 3.38087247087e-08, 1.69411666917e-08, 2.35357298095e-08, 4.39003144947e-08, 3.97678086017e-08, 1.27622667989e-08, 5.33624566756e-09, 5.08722886039e-09, 8.70510952211e-09, 8.22614687479e-09, 2.5073201293e-09, 4.07116518275e-09, 1.9289871922e-09, 1.52662515962e-09, 1.02899089249e-09, 1.92206833782e-10, 2.58452009794e-10, 3.12075809639e-10, 1.39488878781e-10, 4.14431058915e-11, 5.26298345183e-11, 1.0813866469e-10, 7.80373543563e-10, 1.24561944093e-10, 3.25844698446e-11, 1.04122259426e-10, 2.33660122501e-11, 2.03303467811e-11, 1.25064316542e-11, 4.82131175261e-12, 5.55415349129e-12], "mean": [0.000430279731518, 0.00181704736315, 0.00105400721077, 0.000323625776218, 0.000318770995364, 0.000189192898688, 0.000156426962349, 0.000188782389159, 0.000212223341805, 0.000149549669004, 0.000129843261675, 0.000138243238325, 0.000120765223983, 0.000104595776065, 7.69670514273e-05, 5.44599970453e-05, 6.50921283523e-05, 9.08173824428e-05, 8.51286749821e-05, 5.1183928008e-05, 6.4650841523e-05, 5.54497091798e-05, 4.90447055199e-05, 4.14703936258e-05, 1.61848893185e-05, 1.70663079189e-05, 2.06575605262e-05, 1.50789055624e-05, 6.33647050563e-06, 4.19988555223e-06, 5.47769195691e-06, 1.14680824481e-05, 5.36712377652e-06, 3.12172960548e-06, 5.66560356674e-06, 1.93318146557e-06, 1.51036886109e-06, 1.36158132591e-06, 1.19096557682e-06, 1.35308653171e-06]}, "barkbands_skewness": {"min": -2.48803091049, "max": 6.26678180695, "dvar2": 0.33999016881, "median": 0.633426189423, "dmean2": 0.616159439087, "dmean": 0.409178823233, "var": 0.985591888428, "dvar": 0.164099633694, "mean": 0.800166547298}, "spectral_entropy": {"min": 5.71039485931, "max": 9.81611919403, "dvar2": 0.0445457994938, "median": 7.61568593979, "dmean2": 0.20756739378, "dmean": 0.153443798423, "var": 0.163070708513, "dvar": 0.024889672175, "mean": 7.62507915497}, "spectral_rolloff": {"min": 129.19921875, "max": 19315.2832031, "dvar2": 1945827.25, "median": 1981.0546875, "dmean2": 976.007141113, "dmean": 624.392456055, "var": 2909671.25, "dvar": 998618.1875, "mean": 2287.20141602}, "barkbands": {"min": [6.39055824889e-25, 3.08476898074e-24, 9.07751512753e-25, 2.87543093447e-24, 9.95746067389e-24, 1.10368969158e-23, 1.39756585898e-23, 1.55901507848e-23, 3.10632030568e-23, 4.10888678557e-23, 1.53058910685e-23, 1.78823060518e-23, 2.33749772963e-23, 4.41491306752e-23, 6.12305314935e-23, 5.05872296266e-23, 9.14185848838e-23, 1.45106735221e-22, 2.03851490271e-22, 1.85938087323e-22, 3.01552014357e-22, 4.00134636396e-22, 3.72811927762e-22, 7.20392171025e-22, 1.12012412233e-21, 1.44711663582e-21, 2.21504447952e-21], "max": [0.000245472794631, 0.0265131276101, 0.0380199328065, 0.0259286146611, 0.0299209225923, 0.0354109928012, 0.0347033143044, 0.0515658147633, 0.0253937356174, 0.0171105694026, 0.0316109247506, 0.0383449494839, 0.028427446261, 0.0134744457901, 0.0199591834098, 0.0264439266175, 0.0137689597905, 0.00779677508399, 0.0146123096347, 0.00674087973312, 0.0088614821434, 0.0143073098734, 0.00738246599212, 0.00791886635125, 0.00703388219699, 0.000554884667508, 6.55518088024e-05], "dvar2": [7.2191852496e-10, 7.98268501967e-06, 1.7607362679e-05, 6.42212444291e-06, 9.39262281463e-06, 3.86288320442e-06, 2.02111732506e-06, 8.06841399026e-06, 3.78800609724e-06, 2.35625839196e-06, 6.25487245998e-06, 4.72762758363e-06, 2.55937811744e-06, 1.95066809283e-06, 3.01376758216e-06, 1.44016576087e-06, 1.27582916321e-06, 7.14599025287e-07, 3.22640914874e-07, 3.05742247519e-07, 1.87243671235e-07, 1.53082066845e-06, 3.04214466951e-07, 2.00342597623e-07, 5.12336782776e-07, 1.71926517467e-09, 1.41054060793e-11], "median": [1.13144346869e-06, 0.00119677151088, 0.00254411390051, 0.00133725709748, 0.000700238801073, 0.000403015874326, 0.000260224391241, 0.00039442119305, 0.000623124942649, 0.000331118848408, 0.000210234749829, 0.000260285014519, 0.00026445806725, 0.000230663834373, 0.000534562626854, 0.000282496679574, 0.000516183732543, 0.000377892865799, 0.000270933058346, 0.000215831983951, 6.95900380379e-05, 0.000103972255602, 7.2690883826e-05, 3.29239519488e-05, 4.81921670143e-05, 2.1973614821e-06, 3.63752299393e-08], "dmean2": [1.23762101794e-05, 0.00202057673596, 0.00320043461397, 0.00188304285984, 0.00170279410668, 0.000914783973712, 0.000635776261333, 0.00129958090838, 0.00101951730903, 0.00077049859101, 0.000747687125113, 0.000727184931748, 0.000686407787725, 0.000708826468326, 0.000954901741352, 0.000597699021455, 0.000726746045984, 0.000570976699237, 0.000300112122204, 0.000330852722982, 0.00017351374845, 0.000448221020633, 0.000227878830628, 0.000117454772408, 0.000251984398346, 1.52866214194e-05, 6.71593568313e-07], "dmean": [1.01924015325e-05, 0.00123443023767, 0.00188030453864, 0.00110288406722, 0.00103452603798, 0.000585703586694, 0.000403171317885, 0.000806212949101, 0.000654225877952, 0.000485357275466, 0.000480455782963, 0.000463082775241, 0.000431323220255, 0.000445159967057, 0.000610674615018, 0.000388144166209, 0.000474371336168, 0.000368260749383, 0.000200095659238, 0.000222797534661, 0.000120900731417, 0.000296259764582, 0.000157456321176, 8.34988677525e-05, 0.000171981766471, 1.01194755189e-05, 3.83721101116e-07], "var": [1.29101185298e-09, 6.40086091153e-06, 2.41848101723e-05, 5.13386339662e-06, 6.35987680653e-06, 3.26999520439e-06, 2.17249612433e-06, 6.09541029917e-06, 2.9075713428e-06, 2.31512467508e-06, 5.11359758093e-06, 5.18896740687e-06, 1.91210119738e-06, 2.22460425903e-06, 3.06280139739e-06, 2.23030224333e-06, 1.56457929279e-06, 8.77812794897e-07, 3.4518760117e-07, 4.88728971959e-07, 1.49376177205e-07, 8.74932595707e-07, 2.44535641514e-07, 1.1417246526e-07, 2.93144523766e-07, 8.34091906654e-10, 3.24512877507e-12], "dvar": [5.09624287215e-10, 3.05496655528e-06, 6.55893290968e-06, 2.30187015404e-06, 3.66765220861e-06, 1.64759035215e-06, 8.63913044213e-07, 3.37360006597e-06, 1.60179286013e-06, 9.40472773436e-07, 2.4187515919e-06, 1.98135103346e-06, 9.6764074442e-07, 7.69595260408e-07, 1.23521419937e-06, 6.10549648172e-07, 5.68264283629e-07, 3.03599250628e-07, 1.40010186556e-07, 1.42581086493e-07, 9.1531390467e-08, 6.84408860252e-07, 1.49700341012e-07, 8.91528415536e-08, 2.27444914458e-07, 7.32631733058e-10, 5.05427514078e-12], "mean": [1.57253762154e-05, 0.0021080202423, 0.00429910188541, 0.00203291489743, 0.00158936111256, 0.0010143929394, 0.000703752040863, 0.00121433008462, 0.00112489284948, 0.000877956394106, 0.000820298097096, 0.000825967174023, 0.000727702863514, 0.000811435165815, 0.00115813233424, 0.000817844353151, 0.000973979826085, 0.000775040942244, 0.000444995734142, 0.000512106227688, 0.000191088547581, 0.000389875087421, 0.000235912826611, 0.000118600801216, 0.0002265516232, 1.17979025163e-05, 3.0935734685e-07]}, "melbands_flatness_db": {"min": 0.00411964440718, "max": 0.42867949605, "dvar2": 0.000996781745926, "median": 0.154759213328, "dmean2": 0.0342023931444, "dmean": 0.0241745952517, "var": 0.00402598222718, "dvar": 0.000546107126866, "mean": 0.164490476251}, "melbands_skewness": {"min": -1.43934333324, "max": 9.76820278168, "dvar2": 0.643261611462, "median": 1.68043899536, "dmean2": 0.824281096458, "dmean": 0.544181168079, "var": 1.88027191162, "dvar": 0.291721582413, "mean": 1.93699026108}, "silence_rate_60dB": {"min": 0, "max": 1, "dvar2": 0.0122777959332, "median": 0, "dmean2": 0.0109086399898, "dmean": 0.00545364385471, "var": 0.0562786385417, "dvar": 0.00542466482148, "mean": 0.0598587170243}, "spectral_energyband_low": {"min": 2.01602350012e-23, "max": 0.0462763085961, "dvar2": 3.76341995434e-05, "median": 0.00623915204778, "dmean2": 0.00512224249542, "dmean": 0.00304715242237, "var": 4.41023876192e-05, "dvar": 1.35717546073e-05, "mean": 0.00772471632808}, "spectral_energyband_middle_low": {"min": 2.40024700769e-22, "max": 0.0525128170848, "dvar2": 3.09850329359e-05, "median": 0.00662817107514, "dmean2": 0.00450460519642, "dmean": 0.00283396663144, "var": 3.32629970217e-05, "dvar": 1.26941022245e-05, "mean": 0.00787873379886}, "melbands_kurtosis": {"min": -1.76227378845, "max": 120.026786804, "dvar2": 75.5432128906, "median": 2.56864500046, "dmean2": 5.33292150497, "dmean": 3.44035148621, "var": 99.3962860107, "dvar": 32.2838935852, "mean": 6.15968227386}, "spectral_decrease": {"min": -1.61827262701e-08, "max": 1.14117343662e-28, "dvar2": 4.59037594364e-18, "median": -5.79050452032e-09, "dmean2": 2.1153889751e-09, "dmean": 1.3254559672e-09, "var": 7.77553332676e-18, "dvar": 1.78839798515e-18, "mean": -5.67138158658e-09}, "erbbands_kurtosis": {"min": -1.64490103722, "max": 19.9462776184, "dvar2": 2.37312221527, "median": 0.0367229767144, "dmean2": 1.2178311348, "dmean": 0.781004071236, "var": 3.01512145996, "dvar": 1.02754557133, "mean": 0.531529009342}, "melbands_crest": {"min": 1.82524704933, "max": 31.0335159302, "dvar2": 18.231546402, "median": 13.1004056931, "dmean2": 5.00865268707, "dmean": 3.10819768906, "var": 35.4808273315, "dvar": 7.8278002739, "mean": 14.0767555237}, "mfcc": {"mean": [-629.554260254, 108.979866028, -19.1446170807, 22.8370418549, 8.70599746704, 3.56063628197, -1.17040634155, 9.32263851166, 3.4435441494, 2.94112348557, 0.571854352951, -6.11361408234, -0.346897363663], "icov": [[0.000127555758809, 2.51525580097e-05, -3.82337748306e-05, -0.000119553995319, 0.000113108842925, 1.67998186953e-05, 5.24807255715e-05, -0.000145471494761, -1.16583578347e-05, 7.20541720511e-05, 5.08930243086e-05, 0.000157806789503, 0.000115920964163], [2.51525580097e-05, 0.000964744947851, 0.000348920875695, -0.000228979217354, -0.000335440592607, 6.35239703115e-05, -0.000409195868997, -0.000835294253193, 7.95477444626e-06, -0.00028699359973, -0.000314712058753, -0.000140221934998, 0.000160536510521], [-3.82337748306e-05, 0.000348920875695, 0.00210007163696, -0.000272408360615, 2.89310155495e-05, -0.00126501929481, 0.000625638698693, -0.000816183222923, -0.0009048669599, 0.000931072165258, -0.00041785047506, -0.000617598649114, 1.28473639052e-05], [-0.000119553995319, -0.000228979217354, -0.000272408360615, 0.00540169654414, -0.00289729307406, 0.00133353634737, 0.000329925649567, -0.000642787897959, -0.000527865544427, -0.000481473223772, 0.00149142520968, -0.000637029879726, -0.00120244745631], [0.000113108842925, -0.000335440592607, 2.89310155495e-05, -0.00289729307406, 0.00848824251443, -0.00118274369743, -0.000395549897803, 0.000860891595948, -0.00107086054049, -0.000604023807682, 0.00162032595836, 0.000119653581351, -0.00110816187225], [1.67998186953e-05, 6.35239703115e-05, -0.00126501929481, 0.00133353634737, -0.00118274369743, 0.00720379408449, -0.00199512531981, -0.00165601959452, 0.000380980985938, 0.00127449387219, -0.00184029340744, 0.00054998206906, 0.000988122657873], [5.24807255715e-05, -0.000409195868997, 0.000625638698693, 0.000329925649567, -0.000395549897803, -0.00199512531981, 0.00826379843056, -0.00264138868079, 0.0013320252765, -0.00315074832179, 0.00148905673996, -7.55967266741e-05, 0.000450347288279], [-0.000145471494761, -0.000835294253193, -0.000816183222923, -0.000642787897959, 0.000860891595948, -0.00165601959452, -0.00264138868079, 0.0143947508186, -0.00406296178699, -0.000949037785176, 0.000219448294956, 0.000735962705221, -0.00396909425035], [-1.16583578347e-05, 7.95477444626e-06, -0.0009048669599, -0.000527865544427, -0.00107086054049, 0.000380980985938, 0.0013320252765, -0.00406296178699, 0.0106330187991, -0.00279191299342, 0.00201796018519, -0.000550991098862, -4.82346440549e-05], [7.20541720511e-05, -0.00028699359973, 0.000931072165258, -0.000481473223772, -0.000604023807682, 0.00127449387219, -0.00315074832179, -0.000949037785176, -0.00279191299342, 0.0149524146691, -0.00521617708728, 0.000318712554872, 0.00196648924612], [5.08930243086e-05, -0.000314712058753, -0.00041785047506, 0.00149142520968, 0.00162032595836, -0.00184029340744, 0.00148905673996, 0.000219448294956, 0.00201796018519, -0.00521617708728, 0.0136282984167, -0.00140411022585, -0.00160433922429], [0.000157806789503, -0.000140221934998, -0.000617598649114, -0.000637029879726, 0.000119653581351, 0.00054998206906, -7.55967266741e-05, 0.000735962705221, -0.000550991098862, 0.000318712554872, -0.00140411022585, 0.0142289614305, -0.00407884735614], [0.000115920964163, 0.000160536510521, 1.28473639052e-05, -0.00120244745631, -0.00110816187225, 0.000988122657873, 0.000450347288279, -0.00396909425035, -4.82346440549e-05, 0.00196648924612, -0.00160433922429, -0.00407884735614, 0.0152977658436]], "cov": [[8649.00195313, -370.760223389, 324.156402588, 175.017425537, -71.5331420898, -14.0808696747, -114.744094849, 79.7728500366, 71.9577789307, -95.054359436, -95.8842926025, -100.968475342, -52.8915901184], [-370.760223389, 1402.67285156, -255.054794312, 119.390899658, 108.249443054, -12.8003282547, 153.04258728, 113.194229126, 43.07213974, 104.046798706, 17.4895019531, 14.6125974655, 23.7114028931], [324.156402588, -255.054794312, 704.513122559, 25.9472160339, 7.43682718277, 120.077133179, -57.7552757263, 54.5996017456, 71.9460067749, -56.6198310852, 6.31655359268, 30.0721340179, 26.5029163361], [175.017425537, 119.390899658, 25.9472160339, 311.043762207, 120.448539734, -52.0202331543, -3.34882378578, 39.6873168945, 60.5492935181, 8.15692901611, -51.0190429688, 23.0297145844, 44.2612495422], [-71.5331420898, 108.249443054, 7.43682718277, 120.448539734, 177.900039673, 1.73213505745, 19.0962467194, 23.5467624664, 40.5011634827, 11.557551384, -31.0874958038, 10.4031476974, 25.3452224731], [-14.0808696747, -12.8003282547, 120.077133179, -52.0202331543, 1.73213505745, 198.861999512, 44.6769294739, 32.3051338196, 0.895410835743, -3.93572235107, 27.2476902008, -5.62758731842, -7.73592996597], [-114.744094849, 153.04258728, -57.7552757263, -3.34882378578, 19.0962467194, 44.6769294739, 176.137542725, 43.0509300232, 0.513044059277, 45.396686554, 2.81242060661, -4.70944499969, -3.26395821571], [79.7728500366, 113.194229126, 54.5996017456, 39.6873168945, 23.5467624664, 32.3051338196, 43.0509300232, 115.717590332, 52.5835609436, 19.6110363007, -1.51042854786, 6.93277931213, 28.9915275574], [71.9577789307, 43.07213974, 71.9460067749, 60.5492935181, 40.5011634827, 0.895410835743, 0.513044059277, 52.5835609436, 136.543304443, 19.1436023712, -18.8179531097, 10.8424854279, 19.0927867889], [-95.054359436, 104.046798706, -56.6198310852, 8.15692901611, 11.557551384, -3.93572235107, 45.396686554, 19.6110363007, 19.1436023712, 98.426071167, 27.1238803864, -0.901632070541, -4.82754039764], [-95.8842926025, 17.4895019531, 6.31655359268, -51.0190429688, -31.0874958038, 27.2476902008, 2.81242060661, -1.51042854786, -18.8179531097, 27.1238803864, 101.074630737, 7.47691440582, 1.08849108219], [-100.968475342, 14.6125974655, 30.0721340179, 23.0297145844, 10.4031476974, -5.62758731842, -4.70944499969, 6.93277931213, 10.8424854279, -0.901632070541, 7.47691440582, 82.9760360718, 28.5093383789], [-52.8915901184, 23.7114028931, 26.5029163361, 44.2612495422, 25.3452224731, -7.73592996597, -3.26395821571, 28.9915275574, 19.0927867889, -4.82754039764, 1.08849108219, 28.5093383789, 87.3279495239]]}, "spectral_energy": {"min": 1.05594080369e-20, "max": 0.0646603927016, "dvar2": 7.54953871365e-05, "median": 0.0245885290205, "dmean2": 0.00861448142678, "dmean": 0.00551347527653, "var": 0.000138467614306, "dvar": 3.08141388814e-05, "mean": 0.0240220911801}, "melbands_spread": {"min": 2.1907389164, "max": 197.080337524, "dvar2": 258.340881348, "median": 35.2285232544, "dmean2": 13.8847484589, "dmean": 9.29584217072, "var": 484.197021484, "dvar": 129.057418823, "mean": 37.5307350159}, "erbbands_flatness_db": {"min": 0.0538374744356, "max": 0.452201724052, "dvar2": 0.000415978982346, "median": 0.163891211152, "dmean2": 0.0223405491561, "dmean": 0.0153547804803, "var": 0.00206163851544, "dvar": 0.000210107362363, "mean": 0.166540548205}, "spectral_contrast_valleys": {"min": [-27.9738922119, -28.0211753845, -27.7538986206, -27.5556411743, -27.5318088531, -27.3639163971], "max": [-5.73808097839, -4.78297901154, -5.47624492645, -5.71119689941, -5.44869279861, -7.2189450264], "dvar2": [0.37698841095, 0.249682575464, 0.194728478789, 0.178828194737, 0.17308396101, 0.253761321306], "median": [-7.47725582123, -6.76866102219, -7.13372850418, -7.42681598663, -7.29211473465, -9.978515625], "dmean2": [0.753101229668, 0.579057574272, 0.480160921812, 0.434631794691, 0.384219616652, 0.449143916368], "dmean": [0.454147934914, 0.358566880226, 0.306216180325, 0.284593462944, 0.279201894999, 0.358939945698], "var": [2.35452151299, 2.08531284332, 1.96518230438, 1.82632744312, 2.03546023369, 2.33404064178], "dvar": [0.153606012464, 0.114835716784, 0.0959318131208, 0.0944388732314, 0.0995943695307, 0.15796841681], "mean": [-7.70987892151, -6.9743065834, -7.33360528946, -7.5932636261, -7.50736665726, -10.20403862]}, "barkbands_flatness_db": {"min": 0.0103984363377, "max": 0.374340951443, "dvar2": 0.00062216562219, "median": 0.1178304106, "dmean2": 0.0264887232333, "dmean": 0.0179286915809, "var": 0.00216949614696, "dvar": 0.000305780849885, "mean": 0.126337781549}, "zerocrossingrate": {"min": 0.005859375, "max": 0.51416015625, "dvar2": 0.000320855673635, "median": 0.07275390625, "dmean2": 0.014614299871, "dmean": 0.0133465761319, "var": 0.00203109183349, "dvar": 0.000262101239059, "mean": 0.0790757238865}, "spectral_skewness": {"min": -0.0724312216043, "max": 4.46071243286, "dvar2": 0.123767912388, "median": 1.43335711956, "dmean2": 0.331009507179, "dmean": 0.207811236382, "var": 0.129714250565, "dvar": 0