{"lowlevel": {"spectral_complexity": {"min": 0, "max": 57, "dvar2": 32.8511314392, "median": 23, "dmean2": 5.65517234802, "dmean": 3.9800195694, "var": 105.785453796, "dvar": 18.5352115631, "mean": 22.6762084961}, "silence_rate_20dB": {"min": 1, "max": 1, "dvar2": 0, "median": 1, "dmean2": 0, "dmean": 0, "var": 0, "dvar": 0, "mean": 1}, "average_loudness": 0.955292463303, "erbbands_spread": {"min": 2.9286801815, "max": 173.541320801, "dvar2": 141.535858154, "median": 29.8349151611, "dmean2": 9.94989490509, "dmean": 6.495844841, "var": 233.978759766, "dvar": 59.3510627747, "mean": 32.1171112061}, "spectral_kurtosis": {"min": -1.30720603466, "max": 43.2604484558, "dvar2": 15.3140611649, "median": 3.78773832321, "dmean2": 2.85974979401, "dmean": 1.70496177673, "var": 11.1372289658, "dvar": 5.16087341309, "mean": 4.43843126297}, "barkbands_kurtosis": {"min": -1.89475107193, "max": 28002.4550781, "dvar2": 653982.75, "median": -0.596079945564, "dmean2": 30.6696338654, "dmean": 16.1197071075, "var": 133291.9375, "dvar": 222947.59375, "mean": 11.3909463882}, "spectral_strongpeak": {"min": 0, "max": 11.0759944916, "dvar2": 4.36746692657, "median": 0.413741379976, "dmean2": 1.20565366745, "dmean": 0.691437721252, "var": 2.6354675293, "dvar": 1.69873535633, "mean": 1.09077680111}, "spectral_spread": {"min": 1015052.25, "max": 49439496, "dvar2": 5794373304320.0, "median": 3614172.25, "dmean2": 775622, "dmean": 533289.25, "var": 9041532157950.0, "dvar": 2422734061570.0, "mean": 4031182.5}, "spectral_rms": {"min": 3.17277953042e-12, "max": 0.00704597681761, "dvar2": 4.67918255254e-07, "median": 0.00458899186924, "dmean2": 0.000726758386008, "dmean": 0.000467032950837, "var": 1.98676957552e-06, "dvar": 2.00910548642e-07, "mean": 0.00424144137651}, "dynamic_complexity": 3.09811496735, "erbbands": {"min": [1.72222976868e-22, 1.22284820101e-21, 2.241291712e-21, 6.25225233402e-21, 2.62473908015e-20, 4.28961551568e-20, 6.68461002746e-20, 1.23153686901e-19, 2.27772194979e-19, 3.15211880719e-19, 3.59057390418e-19, 6.65757608483e-19, 1.02066053597e-18, 1.15571193644e-18, 1.06427290999e-18, 1.39356927254e-18, 2.09412931623e-18, 2.85513051669e-18, 3.6092350988e-18, 3.72653551352e-18, 4.56069008581e-18, 4.68393172528e-18, 5.47890275196e-18, 9.11345329982e-18, 8.66335041412e-18, 7.92447050478e-18, 1.06125427978e-17, 1.35385420135e-17, 1.28137936577e-17, 1.18834743761e-17, 1.15961813145e-17, 1.17829479434e-17, 1.04427846566e-17, 9.48195564526e-18, 7.14224964006e-18, 4.52120958236e-18, 2.62958752177e-18, 9.99108138318e-19, 2.80722662626e-19, 3.09094259703e-20], "max": [0.735284209251, 5.55939292908, 35.8708610535, 73.5380096436, 43.2229728699, 62.9438552856, 120.479377747, 113.384689331, 328.334259033, 307.076904297, 570.637817383, 373.387329102, 433.488250732, 792.006652832, 679.023071289, 1097.72277832, 819.280822754, 504.27734375, 1243.81005859, 1189.34448242, 1534.21057129, 810.250915527, 585.065429688, 703.897277832, 632.792785645, 379.072509766, 401.355438232, 511.380523682, 767.552490234, 251.741165161, 211.103225708, 171.817855835, 109.639984131, 42.712600708, 51.7199172974, 2.51222205162, 0.476716309786, 0.0773177593946, 0.00422793673351, 0.000630794675089], "dvar2": [0.00716245174408, 0.592079997063, 14.5099153519, 34.1939277649, 12.9234647751, 42.8867874146, 81.0153427124, 67.9727020264, 203.844177246, 374.948486328, 1352.17541504, 1149.17626953, 876.521240234, 2151.29956055, 3598.06005859, 2699.36157227, 2071.26538086, 2051.97412109, 5388.25585938, 5543.90039063, 5378.68994141, 4558.91259766, 3185.30419922, 940.554992676, 1700.6192627, 905.207824707, 272.77444458, 670.594726563, 5018.71484375, 263.309539795, 262.700836182, 72.8996047974, 26.2216186523, 8.88473510742, 22.9123725891, 0.046291269362, 0.00145176623482, 3.63338294846e-05, 1.58457382327e-07, 1.91293714202e-09], "median": [0.0114256758243, 0.369157195091, 2.07157278061, 3.98744058609, 1.83644938469, 1.02983653545, 1.58660721779, 1.8538967371, 2.44720768929, 4.23512935638, 6.91175699234, 8.81881999969, 10.0135450363, 9.30498886108, 8.85231590271, 10.5325012207, 9.65946960449, 10.7674970627, 22.9703979492, 26.3453044891, 23.0934333801, 34.8396072388, 30.8393974304, 17.7662944794, 18.761472702, 13.1186800003, 5.09203624725, 3.68446731567, 4.68649530411, 2.29748463631, 1.8102055788, 0.61334168911, 0.361285328865, 0.318833947182, 0.182623505592, 0.0153383649886, 0.00134660745971, 0.000163896300364, 2.86308259092e-05, 3.03936540149e-05], "dmean2": [0.0426021702588, 0.584193527699, 2.78038978577, 4.3883767128, 2.33853840828, 3.24016284943, 4.38636255264, 4.00972890854, 5.65804624557, 9.0370016098, 16.9215145111, 15.4745874405, 14.0641832352, 21.1411819458, 21.8389816284, 19.6452960968, 20.3881950378, 23.2135047913, 38.6387863159, 39.4977912903, 36.0934829712, 42.7655410767, 37.5389099121, 17.5193157196, 21.4077644348, 17.9897975922, 7.91862773895, 10.6686925888, 23.8698596954, 6.18638277054, 6.95754528046, 2.27223443985, 1.33485496044, 1.10162627697, 1.61442244053, 0.0806661322713, 0.0128531577066, 0.00176116183866, 0.000115465489216, 1.84104937944e-05], "dmean": [0.0297127366066, 0.349462479353, 1.63978087902, 2.61637210846, 1.38957858086, 1.96107506752, 2.78753113747, 2.56933736801, 3.54719686508, 5.63223218918, 10.5758256912, 9.76751995087, 8.96632575989, 13.6584472656, 13.9487628937, 12.6869821548, 13.0416736603, 14.7419948578, 24.4946556091, 25.5459499359, 24.1697216034, 27.3522262573, 24.5591907501, 11.4755744934, 14.2918701172, 12.3423061371, 5.50878286362, 7.43225336075, 15.4335584641, 4.37225484848, 4.74490499496, 1.61371910572, 0.933978557587, 0.782451570034, 1.09445810318, 0.05760230124, 0.0087331822142, 0.00115041935351, 7.70561164245e-05, 1.23184563563e-05], "var": [0.0083749871701, 0.505113244057, 22.2718429565, 31.193403244, 10.3163166046, 25.7514209747, 64.75756073, 65.3421020508, 213.097335815, 258.68157959, 1078.96960449, 718.928039551, 776.374084473, 1917.47070313, 2908.89697266, 3219.10717773, 1958.18566895, 2429.72192383, 5874.62597656, 5542.98486328, 9066.59765625, 5700.61474609, 4377.95654297, 1026.98791504, 1872.7935791, 1585.52270508, 315.873046875, 563.617370605, 2450.29638672, 220.656784058, 221.945022583, 51.0302391052, 13.7844181061, 6.27403354645, 13.2594070435, 0.0301614701748, 0.000689667940605, 1.4171244402e-05, 6.65069990191e-08, 1.06410713574e-09], "dvar": [0.00427540717646, 0.222935408354, 5.35688924789, 12.479177475, 4.69110631943, 16.8450126648, 33.6724624634, 30.2141780853, 82.1982345581, 156.223648071, 559.181335449, 470.690155029, 344.350402832, 879.03302002, 1364.22802734, 1135.85693359, 815.086364746, 814.609130859, 2174.95117188, 2336.13867188, 2356.24707031, 1917.38342285, 1329.09887695, 403.423187256, 711.855163574, 434.559265137, 141.394500732, 342.730499268, 2127.27026367, 134.638977051, 128.512771606, 35.5673789978, 11.1855258942, 4.06018447876, 10.4509897232, 0.021539863199, 0.000615308876149, 1.48102144522e-05, 6.61011014813e-08, 8.233789206e-10], "mean": [0.0440530106425, 0.632076323032, 3.9217441082, 5.41781234741, 2.77465105057, 2.81529831886, 4.58484554291, 4.53319835663, 6.59341955185, 9.32600307465, 17.2091636658, 16.4004898071, 18.6210193634, 25.0645084381, 25.7658119202, 24.915266037, 24.3521003723, 30.356306076, 50.7775115967, 50.8995895386, 55.7175445557, 61.565410614, 56.2990112305, 27.803943634, 32.6926116943, 29.4842243195, 10.9490699768, 11.2238550186, 19.2961235046, 6.75578260422, 6.93953418732, 2.23625636101, 1.38755619526, 1.1777176857, 1.33964204788, 0.0770163759589, 0.00990113802254, 0.00120111193974, 9.43088525673e-05, 3.42455386999e-05]}, "spectral_contrast_coeffs": {"min": [-0.980970978737, -0.998991310596, -0.997813463211, -0.98841881752, -0.986997246742, -0.973616659641], "max": [-0.347021669149, -0.375817298889, -0.42570745945, -0.511949598789, -0.556843757629, -0.593157351017], "dvar2": [0.00439764885232, 0.00339202443138, 0.0022827333305, 0.00169468997046, 0.00103378260974, 0.000733852735721], "median": [-0.621323168278, -0.753195226192, -0.763189911842, -0.745709180832, -0.744418025017, -0.735613882542], "dmean2": [0.0831476002932, 0.0720686540008, 0.0587751492858, 0.0508814454079, 0.0384904108942, 0.031025364995], "dmean": [0.0503548309207, 0.0446700118482, 0.0364359952509, 0.032119911164, 0.0254296138883, 0.0199203677475], "var": [0.00734949344769, 0.00548584479839, 0.00448402483016, 0.00402448885143, 0.00399628188461, 0.00195011403412], "dvar": [0.00167984049767, 0.00135262694675, 0.000914981996175, 0.000715028552804, 0.0004930733121, 0.00032036632183], "mean": [-0.624032616615, -0.749544799328, -0.757872223854, -0.742322742939, -0.741044580936, -0.736657321453]}, "dissonance": {"min": 0, "max": 0.5, "dvar2": 0.000682878307998, "median": 0.481899678707, "dmean2": 0.0192134007812, "dmean": 0.01148468256, "var": 0.000320583261782, "dvar": 0.000233819475397, "mean": 0.477815061808}, "spectral_energyband_high": {"min": 7.27965144839e-21, "max": 0.025906028226, "dvar2": 5.74692967348e-06, "median": 0.000625594402663, "dmean2": 0.00109524326399, "dmean": 0.000793041253928, "var": 5.55245560463e-06, "dvar": 3.0136541227e-06, "mean": 0.00138258351944}, "gfcc": {"mean": [-25.1506309509, 85.0367431641, -148.884689331, 49.01795578, -49.2454566956, 19.288816452, -34.5359802246, 14.7148246765, -18.9177570343, -5.12003183365, -17.8155651093, -10.1955337524, -9.91687679291], "icov": [[0.000223839233513, -0.000473038526252, 0.000528171891347, -0.00076120957965, 0.000724076642655, -0.000476618821267, 0.000358248624252, -0.000605811655987, 0.000736018118914, -0.000367661792552, 0.000619685568381, -0.000443996512331, 0.000307786162011], [-0.000473038526252, 0.00229159020819, -0.00113111897372, 0.00170285557397, -0.00225379038602, 0.000968709005974, -0.000674990413245, 0.00111870688852, -0.00201291381381, 0.00236085616052, -0.00199190643616, 0.00223980937153, -0.000297972670523], [0.000528171891347, -0.00113111897372, 0.00268614804372, -0.00218504527584, 0.00129594269674, -0.00167223031167, 0.000660678779241, -0.00149972049985, 0.00129665015265, -0.00109543092549, 0.00275518815033, -0.00216834666207, 0.00126029166859], [-0.00076120957965, 0.00170285557397, -0.00218504527584, 0.0062480578199, -0.00287560350262, 0.000947890279349, 0.000554129888769, 0.00045829146984, -0.00253581930883, 0.00259044743143, -0.00211605010554, 0.00222864421085, -0.0025481947232], [0.000724076642655, -0.00225379038602, 0.00129594269674, -0.00287560350262, 0.00792255438864, -0.00119421805721, -0.00145587872248, -0.00154128961731, 0.000722965633031, -0.000695503607858, 0.000550169905182, -0.000840819266159, -0.000983850914054], [-0.000476618821267, 0.000968709005974, -0.00167223031167, 0.000947890279349, -0.00119421805721, 0.00606836099178, -0.00268669705838, 0.00109422800597, 0.00080744799925, -0.00093236687826, -5.55069782422e-05, 0.000273304380244, 0.00034368847264], [0.000358248624252, -0.000674990413245, 0.000660678779241, 0.000554129888769, -0.00145587872248, -0.00268669705838, 0.00924873817712, -0.00190797587857, -0.00012238547788, 0.00112868752331, -0.0014980584383, 0.00128629186656, 0.00171447510365], [-0.000605811655987, 0.00111870688852, -0.00149972049985, 0.00045829146984, -0.00154128961731, 0.00109422800597, -0.00190797587857, 0.0101677952334, -0.00374141335487, -0.000868498929776, 2.57998817688e-05, 0.00179275707342, -0.00185047020204], [0.000736018118914, -0.00201291381381, 0.00129665015265, -0.00253581930883, 0.000722965633031, 0.00080744799925, -0.00012238547788, -0.00374141335487, 0.0142229245976, -0.0045315544121, 0.00264966674149, -0.00159100594465, 0.000861089909449], [-0.000367661792552, 0.00236085616052, -0.00109543092549, 0.00259044743143, -0.000695503607858, -0.00093236687826, 0.00112868752331, -0.000868498929776, -0.0045315544121, 0.0169123187661, -0.00494247162715, -0.00225646025501, 0.00270773563534], [0.000619685568381, -0.00199190643616, 0.00275518815033, -0.00211605010554, 0.000550169905182, -5.55069782422e-05, -0.0014980584383, 2.57998817688e-05, 0.00264966674149, -0.00494247162715, 0.0133208781481, -0.0029543521814, -0.00128033850342], [-0.000443996512331, 0.00223980937153, -0.00216834666207, 0.00222864421085, -0.000840819266159, 0.000273304380244, 0.00128629186656, 0.00179275707342, -0.00159100594465, -0.00225646025501, -0.0029543521814, 0.0150386067107, -0.00427178340033], [0.000307786162011, -0.000297972670523, 0.00126029166859, -0.0025481947232, -0.000983850914054, 0.00034368847264, 0.00171447510365, -0.00185047020204, 0.000861089909449, 0.00270773563534, -0.00128033850342, -0.00427178340033, 0.0139780901372]], "cov": [[26122.2285156, 256.563842773, -1009.54003906, 1437.1652832, -1502.46606445, 755.168762207, -1008.50683594, 533.38873291, -670.506347656, -22.9554710388, -666.475708008, 52.6622238159, -145.915130615], [256.563842773, 1553.50231934, -197.908447266, -19.434709549, 405.087524414, -135.788452148, 216.196472168, -5.15338134766, 95.2300033569, -199.414138794, 122.608589172, -232.474502563, 19.3665428162], [-1009.54003906, -197.908447266, 1010.78686523, 133.645278931, -29.5966968536, 182.820846558, -26.6077079773, 63.51354599, 16.3852977753, 44.7620735168, -143.543548584, 83.985458374, -40.8292236328], [1437.1652832, -19.434709549, 133.645278931, 395.543121338, -2.26501369476, 34.9141769409, -78.7066955566, 75.0535354614, -4.8338727951, -29.9423236847, -48.2274208069, 2.44012641907, 48.9959487915], [-1502.46606445, 405.087524414, -29.5966968536, -2.26501369476, 381.409698486, -64.8169326782, 154.638153076, -0.84614354372, 76.6891021729, -59.0313148499, 89.6812515259, -68.9695281982, 47.1820259094], [755.168762207, -135.788452148, 182.820846558, 34.9141769409, -64.8169326782, 293.288116455, 14.0086278915, 19.1733150482, -49.190322876, 36.0663909912, -56.6702003479, 28.7044315338, -40.9696769714], [-1008.50683594, 216.196472168, -26.6077079773, -78.7066955566, 154.638153076, 14.0086278915, 220.966995239, -1.19329977036, 38.6678619385, -27.4681434631, 59.4860305786, -55.8505783081, -10.5354213715], [533.38873291, -5.15338134766, 63.51354599, 75.0535354614, -0.84614354372, 19.1733150482, -1.19329977036, 146.07333374, 24.3498401642, 10.321056366, -27.7790355682, -2.11332273483, 8.36451721191], [-670.506347656, 95.2300033569, 16.3852977753, -4.8338727951, 76.6891021729, -49.190322876, 38.6678619385, 24.3498401642, 118.646446228, 7.56413269043, 19.6411361694, -11.8470916748, 8.9277677536], [-22.9554710388, -199.414138794, 44.7620735168, -29.9423236847, -59.0313148499, 36.0663909912, -27.4681434631, 10.321056366, 7.56413269043, 109.055717468, 4.80392694473, 49.6370506287, -19.5281429291], [-666.475708008, 122.608589172, -143.543548584, -48.2274208069, 89.6812515259, -56.6702003479, 59.4860305786, -27.7790355682, 19.6411361694, 4.80392694473, 148.054122925, -7.58907318115, 27.2725486755], [52.6622238159, -232.474502563, 83.985458374, 2.44012641907, -68.9695281982, 28.7044315338, -55.8505783081, -2.11332273483, -11.8470916748, 49.6370506287, -7.58907318115, 124.377990723, 16.1975879669], [-145.915130615, 19.3665428162, -40.8292236328, 48.9959487915, 47.1820259094, -40.9696769714, -10.5354213715, 8.36451721191, 8.9277677536, -19.5281429291, 27.2725486755, 16.1975879669, 105.188285828]]}, "spectral_flux": {"min": 6.48014975013e-11, "max": 0.202773824334, "dvar2": 0.000578292412683, "median": 0.0729146450758, "dmean2": 0.0253684855998, "dmean": 0.0169549584389, "var": 0.00117086002138, "dvar": 0.000262568035396, "mean": 0.0730247274041}, "silence_rate_30dB": {"min": 1, "max": 1, "dvar2": 0, "median": 1, "dmean2": 0, "dmean": 0, "var": 0, "dvar": 0, "mean": 1}, "spectral_energyband_middle_high": {"min": 1.14584487535e-21, "max": 0.0385666415095, "dvar2": 1.5161977899e-05, "median": 0.00641953619197, "dmean2": 0.00301546719857, "dmean": 0.00210431125015, "var": 4.19754760514e-05, "dvar": 6.91542390996e-06, "mean": 0.00797004345804}, "barkbands_spread": {"min": 0.00306498701684, "max": 94.5608520508, "dvar2": 115.109359741, "median": 31.7731895447, "dmean2": 9.98764419556, "dmean": 6.58518886566, "var": 204.387084961, "dvar": 55.9101333618, "mean": 32.2096633911}, "spectral_centroid": {"min": 235.098220825, "max": 11765.9150391, "dvar2": 203489.640625, "median": 2115.06616211, "dmean2": 400.469116211, "dmean": 273.171142578, "var": 665891.6875, "dvar": 105686.453125, "mean": 2076.24755859}, "pitch_salience": {"min": 1.6370897356e-05, "max": 0.981922268867, "dvar2": 0.00790307018906, "median": 0.517338335514, "dmean2": 0.100625760853, "dmean": 0.0640774145722, "var": 0.0158030036837, "dvar": 0.00357108609751, "mean": 0.512124300003}, "erbbands_skewness": {"min": -3.21604347229, "max": 16.6365642548, "dvar2": 0.841356039047, "median": -0.409577280283, "dmean2": 0.509080410004, "dmean": 0.330835253, "var": 1.13331973553, "dvar": 0.349907279015, "mean": -0.479469507933}, "erbbands_crest": {"min": 2.19977688789, "max": 35.7713851929, "dvar2": 12.7235279083, "median": 7.65593147278, "dmean2": 3.69955992699, "dmean": 2.25828742981, "var": 13.2562055588, "dvar": 5.11283159256, "mean": 8.45230102539}, "melbands": {"min": [2.02821502986e-24, 1.54938148938e-24, 3.00762232851e-24, 1.45270550077e-24, 2.78213196078e-24, 2.86816394781e-24, 3.52870932984e-24, 4.24940831411e-24, 2.3625226458e-24, 3.48015809657e-24, 4.94092772793e-24, 4.38878899201e-24, 2.6004636052e-24, 3.80839799163e-24, 3.04080753743e-24, 3.40661574982e-24, 3.09519318596e-24, 5.10674984009e-24, 4.89880373889e-24, 5.49511434677e-24, 4.08971091803e-24, 4.9503889312e-24, 3.89952759783e-24, 5.25844108684e-24, 5.50934736965e-24, 4.11805429592e-24, 5.35456891574e-24, 3.88579747378e-24, 5.21626187753e-24, 5.65124333054e-24, 6.64947896406e-24, 4.67664196975e-24, 6.44862353911e-24, 6.61019960744e-24, 5.29543314127e-24, 6.08695684648e-24, 6.72810078618e-24, 6.86712253237e-24, 6.72387643603e-24, 7.36543413328e-24], "max": [0.00658958731219, 0.0133479014039, 0.0102793471888, 0.00336304306984, 0.00359269510955, 0.00290548452176, 0.00463193748146, 0.00537016801536, 0.00374654657207, 0.00215422478504, 0.00226213177666, 0.00292024831288, 0.00290131266229, 0.00471676979214, 0.00291465595365, 0.00139695219696, 0.00116094981786, 0.00245731067844, 0.00142035342287, 0.00114519929048, 0.00181467202492, 0.000881783897057, 0.000712392560672, 0.00062266504392, 0.000645084597636, 0.000616215926129, 0.00047771379468, 0.000226084623137, 0.000245018978603, 0.000198601745069, 0.000318357167998, 0.000552400655579, 0.000266082701273, 0.000128270985442, 0.000154470282723, 0.00012076193525, 9.94586589513e-05, 9.12820760277e-05, 4.35269466834e-05, 3.56090567948e-05], "dvar2": [6.05037371315e-07, 2.31037233789e-06, 7.73464648773e-07, 9.45166291899e-08, 8.98794354498e-08, 3.44420314491e-08, 4.08086648918e-08, 7.65497958355e-08, 8.36969888951e-08, 4.16623748833e-08, 2.37844499651e-08, 3.48021238494e-08, 6.13755091194e-08, 5.66656481737e-08, 2.29903687199e-08, 8.32725710609e-09, 1.0458495403e-08, 1.75406480452e-08, 1.84534290071e-08, 5.47820722119e-09, 9.52178069724e-09, 5.71826141993e-09, 4.09307432392e-09, 3.20512394403e-09, 7.43866801489e-10, 1.12134745933e-09, 1.14227816095e-09, 4.14026785078e-10, 1.21485876914e-10, 1.56528401352e-10, 2.71238587146e-10, 2.38207875647e-09, 2.77162570672e-10, 6.6338004534e-11, 1.67694566566e-10, 3.44937758912e-11, 2.80172777339e-11, 1.73094698297e-11, 6.06516009291e-12, 7.09957136483e-12], "median": [0.000211479666177, 0.00098820833955, 0.000675263989251, 9.38246303122e-05, 5.86079077038e-05, 4.14728638134e-05, 3.45910229953e-05, 5.05662537762e-05, 5.7805031247e-05, 5.78129038331e-05, 4.84975571453e-05, 3.6886514863e-05, 2.8101118005e-05, 2.22631169891e-05, 2.43746089836e-05, 1.4659687622e-05, 1.811925722e-05, 3.08710477839e-05, 3.72051399609e-05, 2.32152451645e-05, 2.58630443568e-05, 3.36732846336e-05, 3.13210002787e-05, 1.98122670554e-05, 1.11374783955e-05, 1.24016178233e-05, 1.14384247354e-05, 7.32667558623e-06, 2.98100485452e-06, 1.54265615038e-06, 1.95932170755e-06, 2.85852252091e-06, 1.44996272411e-06, 1.05669698769e-06, 1.19104709029e-06, 4.23712378961e-07, 2.75940152505e-07, 2.3963610829e-07, 2.17059309193e-07, 2.20824617259e-07], "dmean2": [0.000482824485516, 0.00115694571286, 0.000666648498736, 0.000165114935953, 0.000156578593305, 9.09334994503e-05, 8.29538912512e-05, 0.000124969214085, 0.000134614296257, 9.83656282187e-05, 7.29488747311e-05, 8.9462766482e-05, 7.87160533946e-05, 7.01258322806e-05, 5.8148860262e-05, 4.00958560931e-05, 4.99121306348e-05, 6.81053352309e-05, 7.03899349901e-05, 3.93339178117e-05, 4.77856228827e-05, 4.70951708849e-05, 4.0096387238e-05, 3.49932379322e-05, 1.48663266373e-05, 1.57081813086e-05, 1.83592674148e-05, 1.21335315271e-05, 5.68894893149e-06, 5.14726116307e-06, 6.51742084301e-06, 1.64305238286e-05, 5.9616472754e-06, 3.02767284666e-06, 5.49999549548e-06, 1.66901179455e-06, 1.3065633766e-06, 1.04558228031e-06, 7.39320171306e-07, 9.75904526967e-07], "dmean": [0.000313448806992, 0.000680690922309, 0.000397811585572, 9.9907440017e-05, 9.96275048237e-05, 5.83541805099e-05, 5.19727582287e-05, 7.81574126449e-05, 8.49797579576e-05, 6.22106235824e-05, 4.65249431727e-05, 5.76795282541e-05, 5.0326656492e-05, 4.53696884506e-05, 3.66775493603e-05, 2.5986781111e-05, 3.16530567943e-05, 4.31637199654e-05, 4.42183809355e-05, 2.58552336163e-05, 3.17905141856e-05, 3.001015466e-05, 2.58849340753e-05, 2.25282856263e-05, 9.47436365095e-06, 1.01263731267e-05, 1.21751609186e-05, 8.23130176286e-06, 3.85031307815e-06, 3.50109735336e-06, 4.45632622359e-06, 1.05567023638e-05, 3.99550845032e-06, 2.07783318729e-06, 3.67634220311e-06, 1.15314753657e-06, 9.13676217351e-07, 7.15788360139e-07, 5.09790083925e-07, 6.78816093114e-07], "var": [6.15824831129e-07, 3.20380104313e-06, 7.06898447334e-07, 6.10443251503e-08, 7.94345424993e-08, 3.31715170887e-08, 4.166111367e-08, 5.49835945662e-08, 6.49636433536e-08, 2.71710796085e-08, 2.14426982836e-08, 3.18694688417e-08, 4.46402097509e-08, 5.9177239109e-08, 1.79288957014e-08, 7.99116151029e-09, 1.20686420857e-08, 1.89748696755e-08, 1.7019502252e-08, 6.40261710316e-09, 1.54989638901e-08, 6.24116580639e-09, 4.75853845217e-09, 3.80066467187e-09, 6.33161911789e-10, 9.3212659813e-10, 1.51630774603e-09, 6.96257662636e-10, 1.52461224201e-10, 1.21381113494e-10, 2.10737080564e-10, 1.17801735033e-09, 1.66361868725e-10, 5.03344137204e-11, 1.29685595596e-10, 2.5196554912e-11, 1.76090739212e-11, 8.32852363464e-12, 3.54831702215e-12, 4.82176104599e-12], "dvar": [3.08581491026e-07, 8.206043276e-07, 2.79329498198e-07, 3.6250394686e-08, 3.7448078416e-08, 1.52351358196e-08, 1.64786584378e-08, 3.18271808908e-08, 3.39216690293e-08, 1.7134420105e-08, 9.31000432303e-09, 1.43592764346e-08, 2.29195293855e-08, 2.35156942807e-08, 8.70692939969e-09, 3.47154882618e-09, 4.14123046966e-09, 7.2253913963e-09, 7.25020310455e-09, 2.43871189909e-09, 4.22944612666e-09, 2.41377406951e-09, 1.76933423468e-09, 1.31156996375e-09, 3.11977332856e-10, 4.53168974568e-10, 5.01612584802e-10, 1.97813293523e-10, 6.16158166156e-11, 7.60186844029e-11, 1.34982816591e-10, 1.01361619098e-09, 1.26111426857e-10, 3.26465104949e-11, 7.83829112727e-11, 1.71149726336e-11, 1.3199233373e-11, 7.22476072024e-12, 2.59385221635e-12, 3.18880078592e-12], "mean": [0.000497409142554, 0.00162850390188, 0.000875922269188, 0.00016893260181, 0.000164214157849, 0.000103974351077, 9.43740960793e-05, 0.000125866863527, 0.000139349795063, 0.000105062608782, 9.46001309785e-05, 0.000103036145447, 8.87470159796e-05, 7.9988159996e-05, 6.40880971332e-05, 4.50906190963e-05, 5.92913384025e-05, 8.3293467469e-05, 8.21429784992e-05, 5.10054960614e-05, 6.83236576151e-05, 6.17481055087e-05, 5.49875076103e-05, 4.59631046397e-05, 1.8958493456e-05, 2.12360646401e-05, 2.58653526544e-05, 1.83044812729e-05, 7.40476434657e-06, 5.08539551447e-06, 6.50551055514e-06, 1.29588033815e-05, 5.22663503943e-06, 3.17386138704e-06, 5.19958575751e-06, 1.57719932758e-06, 1.19711023672e-06, 9.94421156975e-07, 8.16314980057e-07, 9.74451722868e-07]}, "barkbands_skewness": {"min": -2.83205747604, "max": 143.823684692, "dvar2": 19.7510509491, "median": 0.431878745556, "dmean2": 0.837160587311, "dmean": 0.535999596119, "var": 10.2827882767, "dvar": 7.07231283188, "mean": 0.801015257835}, "spectral_entropy": {"min": 5.52122783661, "max": 9.81322097778, "dvar2": 0.0420372821391, "median": 7.62172651291, "dmean2": 0.203484237194, "dmean": 0.151166722178, "var": 0.179476082325, "dvar": 0.0238011647016, "mean": 7.62599468231}, "spectral_rolloff": {"min": 21.533203125, "max": 19250.6835938, "dvar2": 1783581.125, "median": 2433.25195313, "dmean2": 956.468688965, "dmean": 608.959289551, "var": 2812250, "dvar": 889162, "mean": 2499.7722168}, "barkbands": {"min": [9.43519748095e-25, 6.49478886258e-24, 1.78613136742e-24, 8.22307079184e-25, 1.40680342018e-23, 1.37838360167e-23, 8.66196884064e-24, 1.62722866982e-23, 2.22384874783e-23, 3.27854189416e-23, 1.87357052454e-23, 3.76429056961e-23, 2.1153597052e-23, 5.11159052726e-23, 6.60879709164e-23, 6.98908421485e-23, 8.74192241774e-23, 1.23188922856e-22, 1.19097827093e-22, 1.85129498584e-22, 2.71111020606e-22, 3.27187343204e-22, 4.29944793859e-22, 6.12568693503e-22, 9.58226438564e-22, 1.35884812399e-21, 1.98184154494e-21], "max": [0.000593480246607, 0.0228616669774, 0.0330484583974, 0.025700442493, 0.0155275408179, 0.0193666350096, 0.019356733188, 0.0359439961612, 0.016838952899, 0.0131133794785, 0.0255067646503, 0.0323464907706, 0.0225325841457, 0.0175154954195, 0.0177534911782, 0.0223160404712, 0.0133008472621, 0.0088214315474, 0.0173085872084, 0.00932700559497, 0.00871849060059, 0.0145734557882, 0.00715734343976, 0.00655495934188, 0.00441569555551, 0.000223502880544, 2.98534941976e-05], "dvar2": [3.31424643285e-09, 9.06498644326e-06, 1.46657121149e-05, 4.76393415738e-06, 2.16811713472e-06, 1.12827456178e-06, 8.63397133344e-07, 3.42274643117e-06, 2.13441967389e-06, 1.28261706323e-06, 3.6937326513e-06, 2.88859155262e-06, 1.51406993609e-06, 1.62659932812e-06, 2.70541113423e-06, 1.46717229654e-06, 1.58471391387e-06, 9.22901449485e-07, 5.82389588999e-07, 4.49256134516e-07, 2.36906757323e-07, 1.89052923361e-06, 2.46840357931e-07, 1.16114080129e-07, 1.97456529349e-07, 4.14744044663e-10, 6.2884523977e-12], "median": [2.24866130338e-06, 0.00116117822472, 0.00214542075992, 0.00103615969419, 0.000311730895191, 0.000215381369344, 0.000156315145432, 0.00026101336698, 0.00045457307715, 0.000241087618633, 0.000163785502082, 0.00021318794461, 0.000213657738641, 0.000219439461944, 0.000509882404003, 0.000316887453664, 0.000586107489653, 0.000410319538787, 0.000338329846272, 0.000271968427114, 7.9401768744e-05, 0.000112242203613, 6.54452087474e-05, 2.33874088735e-05, 2.96478119708e-05, 9.34457602852e-07, 5.93097517765e-08], "dmean2": [2.47326661338e-05, 0.00217082072049, 0.00280419923365, 0.00151722331066, 0.000812132784631, 0.000496069085784, 0.000403061538236, 0.000827932031825, 0.000722377677448, 0.000542692199815, 0.000571964366827, 0.000562378845643, 0.00055076868739, 0.000631661270745, 0.000908551213797, 0.000610860064626, 0.00080299237743, 0.000638613884803, 0.000375006435206, 0.000398525153287, 0.00020666065393, 0.000487669953145, 0.000211359278182, 8.92081152415e-05, 0.000158766764798, 7.23768516764e-06, 6.6887110961e-07], "dmean": [1.79486632987e-05, 0.0013468748657, 0.00164966471493, 0.00089750229381, 0.00050187978195, 0.00031866208883, 0.000252336903941, 0.000513681326993, 0.000458022870589, 0.000348995556124, 0.000366966443835, 0.000361477723345, 0.00035001678043, 0.000400021177484, 0.000574064091779, 0.000398195261369, 0.000517219887115, 0.00041382262134, 0.000244346127147, 0.000272612640401, 0.00014373389422, 0.000321740197251, 0.000145654281368, 6.29728310741e-05, 0.000109958986286, 4.90931415698e-06, 4.28120614515e-07], "var": [3.81597464738e-09, 8.4447037807e-06, 1.93276373466e-05, 4.25178950536e-06, 1.65126027696e-06, 9.97790039037e-07, 8.27878238852e-07, 2.60665933638e-06, 1.44340344832e-06, 1.2565481029e-06, 2.77478943644e-06, 2.9780985642e-06, 1.29311172259e-06, 1.80781614745e-06, 2.66426013695e-06, 2.27011128118e-06, 1.86297313576e-06, 1.14290241982e-06, 5.36371260296e-07, 7.55650489737e-07, 2.23412499167e-07, 1.05579260889e-06, 2.14608746774e-07, 7.28169951003e-08, 1.22803697877e-07, 2.06422948179e-10, 2.32075947001e-12], "dvar": [1.84186066399e-09, 3.94133667214e-06, 5.39729853699e-06, 1.71772296653e-06, 8.61097646521e-07, 4.91263335789e-07, 3.57016574526e-07, 1.42189594499e-06, 8.70984649737e-07, 5.18801812177e-07, 1.40562201523e-06, 1.19203673421e-06, 5.8590194385e-07, 6.39893130483e-07, 1.08245967567e-06, 6.28669624803e-07, 6.8347242177e-07, 3.84222033745e-07, 2.44366333391e-07, 2.11842987596e-07, 1.25065724887e-07, 8.34682850837e-07, 1.23527215123e-07, 5.38590114729e-08, 9.06296619974e-08, 1.76462053303e-10, 2.54630561428e-12], "mean": [2.75786496786e-05, 0.00225854385644, 0.00371605693363, 0.00170937832445, 0.000772322993726, 0.000549089047126, 0.000431623047916, 0.000793891667854, 0.000801178917754, 0.000635914853774, 0.000613723823335, 0.000640067388304, 0.000602893822361, 0.000745870231185, 0.00109341542702, 0.000852216267958, 0.00107569759712, 0.000866133137606, 0.000546524068341, 0.000630191294476, 0.000228371471167, 0.000423652061727, 0.000219760389882, 8.96685742191e-05, 0.000146075326484, 5.75864805796e-06, 4.31903828257e-07]}, "melbands_flatness_db": {"min": 0.00336984917521, "max": 1, "dvar2": 0.00154986151028, "median": 0.15178053081, "dmean2": 0.0355658493936, "dmean": 0.0253901835531, "var": 0.00626664701849, "dvar": 0.000838011212181, "mean": 0.165099367499}, "melbands_skewness": {"min": -1.67821395397, "max": 120664.953125, "dvar2": 29211130, "median": 1.52837765217, "dmean2": 212.566467285, "dmean": 107.230949402, "var": 24996618, "dvar": 11208933, "mean": 226.623886108}, "silence_rate_60dB": {"min": 0, "max": 1, "dvar2": 0.00775139406323, "median": 0, "dmean2": 0.006823443342, "dmean": 0.0034113060683, "var": 0.0697245970368, "dvar": 0.00339960493147, "mean": 0.0754050463438}, "spectral_energyband_low": {"min": 2.72014954229e-23, "max": 0.0410259962082, "dvar2": 2.93416032946e-05, "median": 0.00571637973189, "dmean2": 0.00446937885135, "dmean": 0.00270920014009, "var": 3.89281012758e-05, "dvar": 1.0800952623e-05, "mean": 0.00714469887316}, "spectral_energyband_middle_low": {"min": 2.31316837579e-22, "max": 0.036565285176, "dvar2": 1.24618572954e-05, "median": 0.00444543967023, "dmean2": 0.0029447558336, "dmean": 0.00182495114859, "var": 1.45771564348e-05, "dvar": 4.96201573696e-06, "mean": 0.00519111054018}, "melbands_kurtosis": {"min": -1.81978106499, "max": 28597567488, "dvar2": 1589410166090000000, "median": 1.71612608433, "dmean2": 49968544, "dmean": 25152638, "var": 1351577142340000000, "dvar": 605230229958000000, "mean": 52058844}, "spectral_decrease": {"min": -1.24982042493e-08, "max": 1.44781037271e-28, "dvar2": 2.72326159024e-18, "median": -5.00703967177e-09, "dmean2": 1.65475799729e-09, "dmean": 1.02668673563e-09, "var": 5.20929026233e-18, "dvar": 1.05466262223e-18, "mean": -4.77046047109e-09}, "erbbands_kurtosis": {"min": -1.72698676586, "max": 319.897827148, "dvar2": 251.36026001, "median": 0.246645227075, "dmean2": 2.02561640739, "dmean": 1.22094929218, "var": 215.575653076, "dvar": 100.632171631, "mean": 1.64902353287}, "melbands_crest": {"min": 1.6846524477, "max": 40, "dvar2": 19.2868270874, "median": 13.9935817719, "dmean2": 5.10357522964, "dmean": 3.18870949745, "var": 43.3374252319, "dvar": 8.45871925354, "mean": 14.8256015778}, "mfcc": {"mean": [-643.956665039, 101.60256958, -27.0088729858, 28.6191635132, 8.6654510498, 6.51805257797, 0.768749535084, 12.132153511, 5.91997385025, 5.30551576614, 2.59046006203, -5.15004014969, 1.20692098141], "icov": [[0.0001018199182, -2.68182384389e-06, 1.26699223983e-05, -0.000214221450733, 0.000186359990039, -6.52723902022e-05, 8.50086580613e-05, -0.00013839067833, -2.84232446575e-05, 9.47781954892e-05, 3.52082643076e-05, 0.000123179037473, 0.000137057373649], [-2.68182384389e-06, 0.000851096352562, 0.000361381942639, -0.000297780527035, -0.000260130997049, -0.000103281825432, -0.000290405005217, -0.00083758943947, 9.22199615161e-06, -0.000223488968913, -0.000271524739219, -3.07988520944e-05, 4.53369648312e-05], [1.26699223983e-05, 0.000361381942639, 0.00217757746577, -0.00040400979924, 0.000245285365963, -0.0013202765258, 0.00072115851799, -0.000546757539269, -0.000839299988002, 0.000854332407471, -0.000280194857623, -0.000471893406939, 8.34284728626e-05], [-0.000214221450733, -0.000297780527035, -0.00040400979924, 0.0050610601902, -0.00269441516139, 0.000938905985095, 0.000255290418863, -0.000773055129685, -0.000553257588763, -0.000466678990051, 0.00157407834195, -0.000526168500073, -0.00119974836707], [0.000186359990039, -0.000260130997049, 0.000245285365963, -0.00269441516139, 0.008011078462, -0.000724749348592, -0.000379336153856, 0.000760491064284, -0.000851035118103, -0.000742669100873, 0.00128133338876, 0.000192389721633, -0.000861011387315], [-6.52723902022e-05, -0.000103281825432, -0.0013202765258, 0.000938905985095, -0.000724749348592, 0.00661924667656, -0.00183561129961, -0.00140446552541, 1.40562806337e-05, 0.00137969735079, -0.00181007874198, 0.000480807328131, 0.000896276382264], [8.50086580613e-05, -0.000290405005217, 0.00072115851799, 0.000255290418863, -0.000379336153856, -0.00183561129961, 0.00808028783649, -0.00258484343067, 0.00135131971911, -0.00314651988447, 0.00136426207609, 1.30005446408e-06, 0.00061098986771], [-0.00013839067833, -0.00083758943947, -0.000546757539269, -0.000773055129685, 0.000760491064284, -0.00140446552541, -0.00258484343067, 0.0142025649548, -0.00355643569492, -0.00106084824074, -8.87178612174e-05, 0.00108211732004, -0.00363935134374], [-2.84232446575e-05, 9.22199615161e-06, -0.000839299988002, -0.000553257588763, -0.000851035118103, 1.40562806337e-05, 0.00135131971911, -0.00355643569492, 0.00995008181781, -0.00252106273547, 0.00184351927601, -0.000493896892294, -0.000403010315495], [9.47781954892e-05, -0.000223488968913, 0.000854332407471, -0.000466678990051, -0.000742669100873, 0.00137969735079, -0.00314651988447, -0.00106084824074, -0.00252106273547, 0.0142113706097, -0.00454836478457, -0.000417631439632, 0.00226722052321], [3.52082643076e-05, -0.000271524739219, -0.000280194857623, 0.00157407834195, 0.00128133338876, -0.00181007874198, 0.00136426207609, -8.87178612174e-05, 0.00184351927601, -0.00454836478457, 0.0123818544671, -0.000667672778945, -0.00223449780606], [0.000123179037473, -3.07988520944e-05, -0.000471893406939, -0.000526168500073, 0.000192389721633, 0.000480807328131, 1.30005446408e-06, 0.00108211732004, -0.000493896892294, -0.000417631439632, -0.000667672778945, 0.0133513296023, -0.00335747119971], [0.000137057373649, 4.53369648312e-05, 8.34284728626e-05, -0.00119974836707, -0.000861011387315, 0.000896276382264, 0.00061098986771, -0.00363935134374, -0.000403010315495, 0.00226722052321, -0.00223449780606, -0.00335747119971, 0.0139881437644]], "cov": [[11854.0410156, 161.444946289, 197.936676025, 509.991485596, -98.326461792, 81.1387481689, -123.646774292, 168.598190308, 135.222900391, -111.206520081, -132.506958008, -118.179397583, -63.7073669434], [161.444946289, 1638.50634766, -282.131134033, 183.513687134, 131.664169312, 13.1268424988, 162.590560913, 152.787506104, 55.4845352173, 109.766952515, 15.9671621323, 0.340941816568, 36.8826217651], [197.936676025, -282.131134033, 667.719177246, 24.7562713623, -19.8775806427, 120.253967285, -74.614440918, 24.6942539215, 60.5865249634, -61.8591346741, 5.3946762085, 20.5163917542, 15.4290513992], [509.991485596, 183.513687134, 24.7562713623, 351.623962402, 125.018836975, -36.6865692139, 1.91323268414, 53.407989502, 68.5586853027, 11.5686788559, -56.9539871216, 16.568693161, 43.2558250427], [-98.326461792, 131.664169312, -19.8775806427, 125.018836975, 185.227676392, -5.01370954514, 22.5557937622, 22.3783130646, 37.1288719177, 18.5203037262, -29.5665111542, 7.40380477905, 23.0595321655], [81.1387481689, 13.1268424988, 120.253967285, -36.6865692139, -5.01370954514, 209.668273926, 39.7952232361, 32.1986579895, 5.82904720306, -6.7752790451, 29.2118244171, -8.53302764893, -7.92087173462], [-123.646774292, 162.590560913, -74.614440918, 1.91323268414, 22.5557937622, 39.7952232361, 181.24987793, 43.529335022, -2.33970952034, 49.9331054688, 3.16324925423, -6.1203918457, -5.58382606506], [168.598190308, 152.787506104, 24.6942539215, 53.407989502, 22.3783130646, 32.1986579895, 43.529335022, 116.040924072, 49.504737854, 22.5673809052, 1.05668950081, 0.501377165318, 27.9478397369], [135.222900391, 55.4845352173, 60.5865249634, 68.5586853027, 37.1288719177, 5.82904720306, -2.33970952034, 49.504737854, 140.50378418, 19.2587413788, -18.8660240173, 8.57043170929, 18.8779792786], [-111.206520081, 109.766952515, -61.8591346741, 11.5686788559, 18.5203037262, -6.7752790451, 49.9331054688, 22.5673809052, 19.2587413788, 103.842460632, 26.2140789032, 1.88822364807, -4.27584314346], [-132.506958008, 15.9671621323, 5.3946762085, -56.9539871216, -29.5665111542, 29.2118244171, 3.16324925423, 1.05668950081, -18.8660240173, 26.2140789032, 109.847396851, 5.8527135849, 6.93432998657], [-118.179397583, 0.340941816568, 20.5163917542, 16.568693161, 7.40380477905, -8.53302764893, -6.1203918457, 0.501377165318, 8.57043170929, 1.88822364807, 5.8527135849, 84.4868392944, 25.0103492737], [-63.7073669434, 36.8826217651, 15.4290513992, 43.2558250427, 23.0595321655, -7.92087173462, -5.58382606506, 27.9478397369, 18.8779792786, -4.27584314346, 6.93432998657, 25.0103492737, 93.401550293]]}, "spectral_energy": {"min": 1.03181927998e-20, "max": 0.0508869327605, "dvar2": 4.5786917326e-05, "median": 0.0215853173286, "dmean2": 0.00685562379658, "dmean": 0.0043545588851, "var": 9.57054580795e-05, "dvar": 1.86901452253e-05, "mean": 0.0204760320485}, "melbands_spread": {"min": 1.00840606976e-08, "max": 218.051971436, "dvar2": 302.195526123, "median": 41.3554115295, "dmean2": 15.5430669785, "dmean": 10.3829221725, "var": 642.38092041, "dvar": 154.407409668, "mean": 43.5584411621}, "erbbands_flatness_db": {"min": 0.0460887588561, "max": 0.482284218073, "dvar2": 0.000552219746169, "median": 0.174799531698, "dmean2": 0.0231240261346, "dmean": 0.0160237699747, "var": 0.00239846413024, "dvar": 0.000271754659479, "mean": 0.177460685372}, "spectral_contrast_valleys": {"min": [-27.7670459747, -27.7388381958, -27.6191120148, -27.7509784698, -27.4618110657, -27.378118515], "max": [-5.86550569534, -5.14799594879, -5.66259670258, -5.79717159271, -5.36371707916, -7.32831859589], "dvar2": [0.411568552256, 0.379814058542, 0.31986734271, 0.342167079449, 0.348025739193, 0.374088287354], "median": [-7.66903591156, -7.01835775375, -7.28226137161, -7.46698570251, -7.22402095795, -10.1722078323], "dmean2": [0.741301059723, 0.590416610241, 0.496614485979, 0.444384872913, 0.40690857172, 0.472906917334], "dmean": [0.453151077032, 0.368139207363, 0.315371274948, 0.290394484997, 0.293494433165, 0.377419650555], "var": [4.09949731827, 3.83632683754, 3.73540878296, 3.49920320511, 3.81587004662, 3.91230869293], "dvar": [0.168373450637, 0.16535910964, 0.146811395884, 0.155894488096, 0.168797180057, 0.205541536212], "mean": [-8.04446792603, -7.35685968399, -7.62913227081, -7.7806096077, -7.59045934677, -10.5249872208]}, "barkbands_flatness_db": {"min": 0.0115819983184, "max": 1, "dvar2": 0.00111777498387, "median": 0.117661878467, "dmean2": 0.0275581423193, "dmean": 0.0188374221325, "var": 0.00444878777489, "dvar": 0.000568076677155, "mean": 0.129242792726}, "zerocrossingrate": {"min": 0, "max": 0.53515625, "dvar2": 0.000248263939284, "median": 0.0771484375, "dmean2": 0.0139521593228, "dmean": 0.0128745511174, "var": 0.00214800750837, "dvar": 0.000227144526434, "mean": 0.0822289064527}, "spectral_skewness": {"min": -0.0881641581655, "max": 3.87857580185, "dvar2": 0.131738647819, "median": 1.29471218586, "dmean2": 0.345251321793, "dmean": 0.212780714035, "var": 0.120160266757, "dvar": 0.0473678745329, "mean": 1.31408572197}, "hfc": {"min": 1.09379859256e-16, "max": 187.242080688, "dvar2": 308.08081054