{"lowlevel": {"spectral_complexity": {"min": 0, "max": 55, "dvar2": 27.4150314331, "median": 23, "dmean2": 5.43157911301, "dmean": 3.79537391663, "var": 92.7329483032, "dvar": 15.7668228149, "mean": 23.1626281738}, "silence_rate_20dB": {"min": 1, "max": 1, "dvar2": 0, "median": 1, "dmean2": 0, "dmean": 0, "var": 0, "dvar": 0, "mean": 1}, "average_loudness": 0.945140361786, "erbbands_spread": {"min": 3.5969183445, "max": 122.915641785, "dvar2": 108.301620483, "median": 31.642074585, "dmean2": 10.0110425949, "dmean": 6.63496875763, "var": 231.098373413, "dvar": 49.3836898804, "mean": 33.9793319702}, "spectral_kurtosis": {"min": -1.15582621098, "max": 38.9547653198, "dvar2": 11.7451286316, "median": 3.98449230194, "dmean2": 2.63355612755, "dmean": 1.59109985828, "var": 9.13354873657, "dvar": 4.13001489639, "mean": 4.51539850235}, "barkbands_kurtosis": {"min": -1.87346231937, "max": 39.5520324707, "dvar2": 8.46412849426, "median": -0.332406073809, "dmean2": 1.79830241203, "dmean": 1.14404320717, "var": 9.77878093719, "dvar": 3.70579218864, "mean": 0.722851753235}, "spectral_strongpeak": {"min": 0, "max": 10.3842573166, "dvar2": 3.57558345795, "median": 0.452493131161, "dmean2": 1.16827642918, "dmean": 0.673859357834, "var": 2.40683412552, "dvar": 1.39711928368, "mean": 1.13317608833}, "spectral_spread": {"min": 1218861.625, "max": 39269048, "dvar2": 881537318912, "median": 3919832, "dmean2": 735912.5, "dmean": 533247.625, "var": 2360004050940.0, "dvar": 484778016768, "mean": 4234570.5}, "spectral_rms": {"min": 3.22061084398e-12, "max": 0.00796314049512, "dvar2": 5.8008652104e-07, "median": 0.00492889620364, "dmean2": 0.000803178816568, "dmean": 0.000526405579876, "var": 2.2833201001e-06, "dvar": 2.59235235944e-07, "mean": 0.004615876358}, "dynamic_complexity": 2.99425172806, "erbbands": {"min": [5.8759610879e-22, 1.15446423465e-21, 4.56517870063e-21, 1.8576112954e-20, 7.86402288565e-20, 3.79957950364e-20, 1.41055594341e-19, 4.357925577e-19, 5.67465390655e-19, 1.04455530233e-18, 7.02181989769e-19, 5.84553339447e-19, 1.74315699591e-18, 1.30040019784e-18, 1.28128229612e-18, 3.86907899898e-18, 2.36633501707e-18, 5.32642275938e-18, 5.01934560545e-18, 1.06361157909e-17, 8.99638656362e-18, 6.75666642855e-18, 1.21773807467e-17, 1.01164428798e-17, 1.15475009082e-17, 1.51999301379e-17, 1.57774329e-17, 1.66870122821e-17, 2.09434157077e-17, 1.58001522427e-17, 1.53112289436e-17, 1.65961233307e-17, 1.76208909218e-17, 1.1725061017e-17, 1.03995470988e-17, 5.8590786838e-18, 2.94956869325e-18, 1.13226312383e-18, 3.29154837124e-19, 3.69945607595e-20], "max": [0.772278666496, 5.40532541275, 35.7965393066, 69.9188232422, 83.8246765137, 120.208625793, 206.806106567, 198.069717407, 593.832763672, 437.889770508, 836.304626465, 603.64666748, 609.544555664, 1040.29626465, 929.268249512, 1465.6862793, 997.125732422, 655.780578613, 1359.48583984, 1214.45410156, 1906.58093262, 759.551696777, 530.403991699, 573.449279785, 508.782989502, 277.241668701, 300.033294678, 448.305847168, 644.677429199, 225.660339355, 223.457962036, 193.002502441, 138.714645386, 65.9523696899, 77.2751312256, 3.80443167686, 0.738239705563, 0.120046660304, 0.00667320424691, 0.00101743394043], "dvar2": [0.00880183745176, 0.553386390209, 15.2483177185, 39.4491729736, 40.5748138428, 167.077972412, 292.580596924, 223.500839233, 591.050964355, 915.850463867, 3372.39624023, 2744.18212891, 1818.83776855, 4319.640625, 7558.93994141, 5158.16552734, 3386.04833984, 3037.00708008, 7106.96582031, 6994.27978516, 5615.15185547, 3942.21191406, 2412.70507813, 634.120300293, 1120.60961914, 524.171875, 160.903808594, 479.058654785, 3880.20092773, 238.666366577, 311.21472168, 103.426292419, 42.8330497742, 19.1475067139, 55.0240783691, 0.110593065619, 0.00370766525157, 9.16659046197e-05, 4.06431439615e-07, 4.84062612216e-09], "median": [0.0127274338156, 0.372511029243, 2.1837747097, 4.3595161438, 2.67217493057, 2.26603412628, 3.16192531586, 3.42005872726, 4.27161741257, 6.85795402527, 10.7568206787, 13.2618427277, 14.5313034058, 13.0291481018, 12.0124521255, 13.8920631409, 12.5634088516, 12.917678833, 25.6857185364, 27.7590084076, 22.4661712646, 31.756603241, 27.45586586, 14.7432155609, 14.9919490814, 9.97296714783, 4.01351165771, 3.06356191635, 4.11576604843, 2.2368555069, 1.98537755013, 0.768396735191, 0.518377840519, 0.485656559467, 0.28545486927, 0.0254761017859, 0.00260622357018, 0.000364651612472, 4.72829124192e-05, 3.58393081115e-05], "dmean2": [0.0465785823762, 0.564471065998, 2.88858890533, 4.80330657959, 3.87506723404, 6.63954877853, 8.41132354736, 7.33256816864, 9.64261817932, 14.4148387909, 26.7791481018, 23.6980628967, 20.5495204926, 30.1610603333, 30.8917007446, 26.2962226868, 26.0681095123, 27.9478130341, 44.2668685913, 43.1074523926, 35.7204475403, 39.7356376648, 33.0015678406, 14.6248311996, 17.2151203156, 13.9275426865, 6.12360239029, 8.79547405243, 20.9089641571, 5.99392986298, 7.49047374725, 2.71683478355, 1.75894522667, 1.62367749214, 2.47314524651, 0.125459209085, 0.021041624248, 0.00288198888302, 0.000185506200069, 2.60038013948e-05], "dmean": [0.033490229398, 0.338851958513, 1.69460141659, 2.83615088463, 2.28343033791, 3.99683332443, 5.32884979248, 4.67772293091, 6.03937911987, 9.02338314056, 16.8053817749, 14.9608573914, 13.1404714584, 19.5415611267, 19.6767597198, 16.9948253632, 16.7035961151, 17.7287883759, 28.1506252289, 27.8615646362, 24.0648651123, 25.5314807892, 21.5758266449, 9.60632705688, 11.531870842, 9.54537773132, 4.25770282745, 6.12853860855, 13.5333433151, 4.22833538055, 5.13349628448, 1.92693769932, 1.23398423195, 1.15639126301, 1.67658615112, 0.0895792990923, 0.0142492484301, 0.00187265570275, 0.000122596218716, 1.74544384208e-05], "var": [0.0109339673072, 0.49326762557, 22.7465553284, 32.4288787842, 24.9694156647, 96.7899017334, 229.21836853, 214.20072937, 609.069213867, 647.180908203, 2689.12304688, 1682.22180176, 1623.04125977, 3937.99560547, 5985.55908203, 5765.82666016, 3133.67675781, 3511.84008789, 7683.14501953, 6834.69580078, 9426.3046875, 4981.02490234, 3340.64233398, 731.735778809, 1255.18469238, 949.659973145, 183.801208496, 381.558807373, 1873.75598145, 201.145904541, 257.480438232, 70.9733963013, 22.9977970123, 13.6573734283, 31.2001514435, 0.0720741227269, 0.00176500575617, 3.58818906534e-05, 1.64212224263e-07, 2.34783348319e-09], "dvar": [0.00528442114592, 0.210082888603, 5.59477186203, 14.3026313782, 14.9809617996, 65.2856521606, 120.609687805, 98.564125061, 235.407043457, 386.26361084, 1406.11791992, 1117.77783203, 717.967163086, 1770.59558105, 2835.21435547, 2120.66040039, 1324.32556152, 1196.23596191, 2843.4296875, 2954.13452148, 2470.13305664, 1664.71435547, 1017.65148926, 273.684020996, 468.851135254, 253.449752808, 82.5809783936, 241.07484436, 1642.8404541, 122.425636292, 151.827133179, 49.8549194336, 18.2408065796, 8.74136352539, 24.9870147705, 0.0516027845442, 0.001572205103, 3.73520379071e-05, 1.67000720808e-07, 2.03931205256e-09], "mean": [0.0518314689398, 0.636740922928, 4.06903553009, 5.81511306763, 4.04227638245, 5.70637655258, 8.80742263794, 8.324634552, 11.2871780396, 14.9625720978, 27.1382064819, 24.9582290649, 27.1939983368, 35.9968757629, 36.2714233398, 33.2969284058, 31.1044311523, 36.4253959656, 57.9932327271, 55.078666687, 55.5150184631, 57.3574485779, 49.869594574, 23.5631008148, 26.4046936035, 23.0286331177, 8.5546131134, 9.22784423828, 16.8823566437, 6.57453918457, 7.47070550919, 2.70075535774, 1.8838313818, 1.74862718582, 2.03592467308, 0.120234124362, 0.0163302980363, 0.00201896415092, 0.000150953055709, 4.30249529018e-05]}, "spectral_contrast_coeffs": {"min": [-0.965945184231, -0.96036106348, -0.957780957222, -0.949263989925, -0.960845172405, -0.957771837711], "max": [-0.340557962656, -0.389516055584, -0.441393375397, -0.466946512461, -0.520275533199, -0.617550671101], "dvar2": [0.00445277476683, 0.00357213220559, 0.0023925085552, 0.00172306783497, 0.00101722939871, 0.000682055891957], "median": [-0.621485471725, -0.744742751122, -0.757026314735, -0.746780514717, -0.746924161911, -0.756166934967], "dmean2": [0.0840050727129, 0.0741386935115, 0.0599191188812, 0.0512281879783, 0.0381517224014, 0.0300247780979], "dmean": [0.0506629012525, 0.045980785042, 0.0370324105024, 0.0323061533272, 0.0251320265234, 0.0192138906568], "var": [0.00656581344083, 0.0056859231554, 0.00453420728445, 0.00413873931393, 0.00397556601092, 0.00168471003417], "dvar": [0.00166246958543, 0.00142135820352, 0.000958766788244, 0.000731362553779, 0.000485790835228, 0.000298683124129], "mean": [-0.623964905739, -0.740573108196, -0.751036167145, -0.741588890553, -0.742105007172, -0.755649447441]}, "dissonance": {"min": 0.333041459322, "max": 0.500000178814, "dvar2": 0.000503926887177, "median": 0.477114379406, "dmean2": 0.0222486034036, "dmean": 0.0133216790855, "var": 0.000368784036255, "dvar": 0.000181744908332, "mean": 0.472988605499}, "spectral_energyband_high": {"min": 8.06164085763e-21, "max": 0.0228091292083, "dvar2": 5.78553135711e-06, "median": 0.0005784756504, "dmean2": 0.00107462564483, "dmean": 0.000785374606494, "var": 5.46792625755e-06, "dvar": 3.02783155348e-06, "mean": 0.00134554493707}, "gfcc": {"mean": [-2.66440057755, 87.1850585938, -139.698410034, 40.1070365906, -52.8960266113, 19.8059806824, -40.2954063416, 15.0257911682, -21.8398990631, -4.12377786636, -18.5805053711, -7.72668170929, -9.95459747314], "icov": [[0.000153976041474, -0.0003237244091, 0.000414138368797, -0.000484050542582, 0.000604118220508, -0.000337946927175, 0.000280433770968, -0.000370372319594, 0.000395938317524, -0.000196626831894, 0.000415141403209, -0.000228444274398, 0.000153261746163], [-0.0003237244091, 0.00246119708754, -0.00138846132904, 0.0018862884026, -0.00238969177008, 0.00121191202197, -0.000549117859919, 0.000914738164283, -0.00182199897245, 0.00250429310836, -0.00212768302299, 0.00241208472289, -0.00042252719868], [0.000414138368797, -0.00138846132904, 0.00352217047475, -0.0025642151013, 0.00172451813705, -0.00198317808099, 0.000620196515229, -0.00161662464961, 0.00119386648294, -0.00142427999526, 0.00326837529428, -0.00270825554617, 0.00176076509524], [-0.000484050542582, 0.0018862884026, -0.0025642151013, 0.00655402615666, -0.00293171522208, 0.00110535044223, 0.000782603397965, 0.000144093035487, -0.00218583527021, 0.00274572405033, -0.00225994898938, 0.00230655143969, -0.00292746117339], [0.000604118220508, -0.00238969177008, 0.00172451813705, -0.00293171522208, 0.00849595014006, -0.00144072610419, -0.00152129633352, -0.00123762805015, -2.03190866159e-05, -0.000759392103646, 0.000223763752729, -0.00078395777382, -0.00107330793981], [-0.000337946927175, 0.00121191202197, -0.00198317808099, 0.00110535044223, -0.00144072610419, 0.00699262274429, -0.00322880642489, 0.00117900653277, 0.00137466809247, -0.000945142935961, 6.38109777356e-05, 0.000203873962164, 0.000116406597954], [0.000280433770968, -0.000549117859919, 0.000620196515229, 0.000782603397965, -0.00152129633352, -0.00322880642489, 0.0100453300402, -0.00223841425031, -0.000274218880804, 0.00155731593259, -0.00191785139032, 0.00153100071475, 0.00189334223978], [-0.000370372319594, 0.000914738164283, -0.00161662464961, 0.000144093035487, -0.00123762805015, 0.00117900653277, -0.00223841425031, 0.0107568008825, -0.00405608629808, -0.000709323154297, 0.000170926447026, 0.00175421056338, -0.00219729286619], [0.000395938317524, -0.00182199897245, 0.00119386648294, -0.00218583527021, -2.03190866159e-05, 0.00137466809247, -0.000274218880804, -0.00405608629808, 0.0158745255321, -0.00509749352932, 0.00311187282205, -0.00162937538698, 0.00112439726945], [-0.000196626831894, 0.00250429310836, -0.00142427999526, 0.00274572405033, -0.000759392103646, -0.000945142935961, 0.00155731593259, -0.000709323154297, -0.00509749352932, 0.0187601409853, -0.00563106266782, -0.00198698835447, 0.00319944438525], [0.000415141403209, -0.00212768302299, 0.00326837529428, -0.00225994898938, 0.000223763752729, 6.38109777356e-05, -0.00191785139032, 0.000170926447026, 0.00311187282205, -0.00563106266782, 0.0146408705041, -0.00359033606946, -0.000810689874925], [-0.000228444274398, 0.00241208472289, -0.00270825554617, 0.00230655143969, -0.00078395777382, 0.000203873962164, 0.00153100071475, 0.00175421056338, -0.00162937538698, -0.00198698835447, -0.00359033606946, 0.016493042931, -0.0050369692035], [0.000153261746163, -0.00042252719868, 0.00176076509524, -0.00292746117339, -0.00107330793981, 0.000116406597954, 0.00189334223978, -0.00219729286619, 0.00112439726945, 0.00319944438525, -0.000810689874925, -0.0050369692035, 0.0156674683094]], "cov": [[16039.9296875, -60.6549987793, -582.128723145, 469.660675049, -945.008422852, 100.047431946, -586.051269531, 135.542526245, -256.32989502, -87.2900238037, -310.582794189, -30.9373607635, 29.1903896332], [-60.6549987793, 1321.94885254, -161.289352417, -82.9697113037, 355.98336792, -144.94229126, 172.545043945, 7.54941749573, 80.8319778442, -150.225814819, 114.561500549, -187.761520386, 14.9792966843], [-582.128723145, -161.289352417, 763.33190918, 140.337036133, -71.5931777954, 157.995101929, -31.6054973602, 61.2738037109, 9.04766941071, 41.9427833557, -129.437194824, 76.9206848145, -43.067440033], [469.660675049, -82.9697113037, 140.337036133, 312.997009277, 26.4287548065, -6.129737854, -50.2008247375, 48.7260704041, 17.6056632996, -23.0279178619, -23.0069351196, 9.78927516937, 56.0319061279], [-945.008422852, 355.98336792, -71.5931777954, 26.4287548065, 320.971801758, -31.4357089996, 113.778015137, 20.2849979401, 48.8543663025, -40.5916862488, 71.8404312134, -51.373790741, 35.1299705505], [100.047431946, -144.94229126, 157.995101929, -6.129737854, -31.4357089996, 242.882827759, 43.2269515991, -1.50126934052, -31.8104877472, 30.2023296356, -32.1610565186, 25.1731758118, -30.6371765137], [-586.051269531, 172.545043945, -31.6054973602, -50.2008247375, 113.778015137, 43.2269515991, 186.739517212, 16.2466697693, 17.0058383942, -16.5843963623, 42.0287513733, -42.2197113037, -17.4891452789], [135.542526245, 7.54941749573, 61.2738037109, 48.7260704041, 20.2849979401, -1.50126934052, 16.2466697693, 129.018295288, 36.0126953125, 4.74318885803, -15.0868635178, -5.56326150894, 12.5053796768], [-256.32989502, 80.8319778442, 9.04766941071, 17.6056632996, 48.8543663025, -31.8104877472, 17.0058383942, 36.0126953125, 94.5432739258, 10.4597997665, 3.2776825428, -6.94838809967, 2.55358839035], [-87.2900238037, -150.225814819, 41.9427833557, -23.0279178619, -40.5916862488, 30.2023296356, -16.5843963623, 4.74318885803, 10.4597997665, 92.893661499, 7.56645202637, 37.4103393555, -19.8514709473], [-310.582794189, 114.561500549, -129.437194824, -23.0069351196, 71.8404312134, -32.1610565186, 42.0287513733, -15.0868635178, 3.2776825428, 7.56645202637, 126.209381104, -3.36823868752, 18.0083389282], [-30.9373607635, -187.761520386, 76.9206848145, 9.78927516937, -51.373790741, 25.1731758118, -42.2197113037, -5.56326150894, -6.94838809967, 37.4103393555, -3.36823868752, 108.878356934, 16.7273006439], [29.1903896332, 14.9792966843, -43.067440033, 56.0319061279, 35.1299705505, -30.6371765137, -17.4891452789, 12.5053796768, 2.55358839035, -19.8514709473, 18.0083389282, 16.7273006439, 95.9361953735]]}, "spectral_flux": {"min": 6.82658790607e-11, "max": 0.221853509545, "dvar2": 0.000667337386403, "median": 0.0781102329493, "dmean2": 0.0275710076094, "dmean": 0.0185279492289, "var": 0.00137170637026, "dvar": 0.000312983320327, "mean": 0.0789266973734}, "silence_rate_30dB": {"min": 1, "max": 1, "dvar2": 0, "median": 1, "dmean2": 0, "dmean": 0, "var": 0, "dvar": 0, "mean": 1}, "spectral_energyband_middle_high": {"min": 1.43884079073e-21, "max": 0.0495345555246, "dvar2": 2.30225159612e-05, "median": 0.00671596825123, "dmean2": 0.00345183257014, "dmean": 0.0024050467182, "var": 5.59353975405e-05, "dvar": 1.00128954728e-05, "mean": 0.00877736508846}, "barkbands_spread": {"min": 2.60180592537, "max": 94.6059036255, "dvar2": 109.203338623, "median": 28.8178691864, "dmean2": 9.32736778259, "dmean": 6.22341012955, "var": 191.645462036, "dvar": 54.6467628479, "mean": 30.2337665558}, "spectral_centroid": {"min": 260.092651367, "max": 11311.5898438, "dvar2": 177543.140625, "median": 1814.07470703, "dmean2": 377.577819824, "dmean": 257.768218994, "var": 413213.5625, "dvar": 90556.125, "mean": 1797.00219727}, "pitch_salience": {"min": 0.138031065464, "max": 0.835525035858, "dvar2": 0.00748638156801, "median": 0.537093639374, "dmean2": 0.100484348834, "dmean": 0.0631484463811, "var": 0.0115164946765, "dvar": 0.0032293566037, "mean": 0.535296499729}, "erbbands_skewness": {"min": -3.0871925354, "max": 3.13434267044, "dvar2": 0.18377879262, "median": -0.184241056442, "dmean2": 0.472342908382, "dmean": 0.311776697636, "var": 0.480173319578, "dvar": 0.080997608602, "mean": -0.266007751226}, "erbbands_crest": {"min": 1.93264985085, "max": 28.5451908112, "dvar2": 11.5629034042, "median": 7.58548736572, "dmean2": 3.66487383842, "dmean": 2.24966263771, "var": 12.3238487244, "dvar": 4.58851099014, "mean": 8.27860927582}, "melbands": {"min": [6.08026533385e-24, 1.93343457539e-24, 5.81133555151e-24, 3.87524251487e-24, 5.28183712357e-24, 9.45360022536e-24, 1.01621077588e-23, 1.12262156445e-23, 4.98170118711e-24, 3.77566302508e-24, 8.59913133638e-24, 5.65903885401e-24, 3.36113515762e-24, 9.83838054252e-24, 4.48433740257e-24, 7.80198660279e-24, 9.14509565799e-24, 7.10717448355e-24, 1.07555591403e-23, 1.35102148785e-23, 9.88715660115e-24, 5.07253694263e-24, 8.64175506881e-24, 9.30473349508e-24, 7.98064703174e-24, 9.78740592855e-24, 3.83343328132e-24, 1.0612443206e-23, 9.99634993879e-24, 9.66685378273e-24, 8.92939820954e-24, 1.26827715753e-23, 1.00808740182e-23, 8.3861665021e-24, 8.58480088917e-24, 1.03808005121e-23, 9.62804655936e-24, 1.23351947273e-23, 1.03592354215e-23, 9.80485395405e-24], "max": [0.00634721945971, 0.0133698014542, 0.00977882929146, 0.00662415800616, 0.00627906015143, 0.00507127353922, 0.00834882818162, 0.00772769656032, 0.00549241155386, 0.0032871584408, 0.00318005448207, 0.00383688695729, 0.00409534713253, 0.0062813423574, 0.0035476856865, 0.00166362221353, 0.0013933875598, 0.00267776264809, 0.00162362528499, 0.00112344848458, 0.00226379325613, 0.000822529837023, 0.000690694840159, 0.000565259892028, 0.000525427050889, 0.00049711036263, 0.000350203394191, 0.000174643733772, 0.00017702052719, 0.000164809782291, 0.000284942914732, 0.000463871576358, 0.000239923523623, 0.000122562443721, 0.000163788208738, 0.000143392986502, 0.000123828140204, 0.000112492103653, 6.11530558672e-05, 5.63434441574e-05], "dvar2": [6.3217726165e-07, 2.40019721787e-06, 9.74250951913e-07, 3.84118663987e-07, 3.33415073328e-07, 1.13870079588e-07, 1.16438549469e-07, 1.85566008781e-07, 2.07201878766e-07, 9.83036017033e-08, 4.91685661075e-08, 7.02482623183e-08, 1.26509817733e-07, 1.17478599293e-07, 3.76547291125e-08, 1.32281181564e-08, 1.51852237451e-08, 2.33374866099e-08, 2.47940512565e-08, 6.35167252128e-09, 9.74359704031e-09, 4.99446350943e-09, 3.36436345449e-09, 2.34308528135e-09, 4.93115659417e-10, 7.54441176198e-10, 6.90982771001e-10, 2.39248842959e-10, 6.95803623052e-11, 9.92649087928e-11, 1.96908947481e-10, 1.82518045122e-09, 2.24764110102e-10, 6.34596125648e-11, 1.96057836632e-10, 4.49439027661e-11, 4.08283892805e-11, 2.71723008677e-11, 1.12764025548e-11, 1.58521789445e-11], "median": [0.000225390685955, 0.00102536508348, 0.000760135939345, 0.000172752159415, 0.000121178192785, 7.65399163356e-05, 6.04845481575e-05, 8.05849413155e-05, 8.98895668797e-05, 8.6172905867e-05, 7.05551210558e-05, 5.14205494255e-05, 3.85509592888e-05, 3.00346764561e-05, 3.23870117427e-05, 1.87250225281e-05, 2.17510314542e-05, 3.55576630682e-05, 4.03527847084e-05, 2.35088300542e-05, 2.50505290751e-05, 3.14854478347e-05, 2.82294786302e-05, 1.75188324647e-05, 9.11504685064e-06, 1.01166824606e-05, 8.9236182248e-06, 5.73103898205e-06, 2.36122787101e-06, 1.2837358554e-06, 1.64566858984e-06, 2.50616812991e-06, 1.34111360239e-06, 1.08960182388e-06, 1.30163380163e-06, 5.05219645675e-07, 3.68657481431e-07, 3.41201769061e-07, 3.26467613831e-07, 3.43585924156e-07], "dmean2": [0.00048747897381, 0.00118906260468, 0.000759119342547, 0.000334468495566, 0.000303697015624, 0.000166318350239, 0.000140789095894, 0.000198396650376, 0.000212274069781, 0.000149924278958, 0.000106433792098, 0.000127691630041, 0.000111742832814, 9.64222781477e-05, 7.56151421228e-05, 4.99668894918e-05, 5.97932412347e-05, 7.85869560787e-05, 7.77001987444e-05, 4.1333722038e-05, 4.68270263809e-05, 4.39732502855e-05, 3.63055587513e-05, 3.03485030599e-05, 1.23534100567e-05, 1.2825254089e-05, 1.43528905028e-05, 9.36142987484e-06, 4.3732238737e-06, 4.05255423175e-06, 5.41767803952e-06, 1.43195693454e-05, 5.41150029676e-06, 3.03159004034e-06, 5.8814644035e-06, 1.90824835045e-06, 1.60511740432e-06, 1.36207972901e-06, 1.02943909042e-06, 1.44811485825e-06], "dmean": [0.000324862281559, 0.000695459078997, 0.000447794853244, 0.000201238799491, 0.000192303894437, 0.000106246421637, 8.80281222635e-05, 0.000124834405142, 0.000134312038426, 9.47969238041e-05, 6.80385128362e-05, 8.2549333456e-05, 7.11737739039e-05, 6.23691084911e-05, 4.78754227515e-05, 3.24514840031e-05, 3.78508339054e-05, 5.00706082676e-05, 4.88665536977e-05, 2.73570185527e-05, 3.1435280107e-05, 2.81605916825e-05, 2.3381833671e-05, 1.95230459212e-05, 7.8626899267e-06, 8.31161014503e-06, 9.54673851083e-06, 6.33177342024e-06, 2.95903259939e-06, 2.76793593912e-06, 3.70214843315e-06, 9.19720150705e-06, 3.63426875083e-06, 2.07877633329e-06, 3.95096367356e-06, 1.32770458094e-06, 1.12215514037e-06, 9.34050888191e-07, 7.12772475708e-07, 1.01063119473e-06], "var": [7.13600684321e-07, 3.25986479766e-06, 7.66511845995e-07, 2.28982642625e-07, 2.85260142618e-07, 1.08240477914e-07, 1.18669660765e-07, 1.36616250757e-07, 1.60230243296e-07, 6.30461798323e-08, 4.47686261396e-08, 6.57323155906e-08, 9.23732628166e-08, 1.13380544065e-07, 2.92290369686e-08, 1.23427037479e-08, 1.72006675569e-08, 2.49468605773e-08, 2.18302371735e-08, 7.30425808726e-09, 1.58544324336e-08, 5.44508127476e-09, 3.89257648337e-09, 2.80919265627e-09, 4.43982905995e-10, 6.45726139226e-10, 9.34613497705e-10, 4.13883399775e-10, 8.7874159338e-11, 7.46403494567e-11, 1.44514830658e-10, 8.92275198172e-10, 1.36320163491e-10, 4.83265372164e-11, 1.49415646522e-10, 3.24943266738e-11, 2.54415360307e-11, 1.34603023172e-11, 6.91729009142e-12, 1.07849128933e-11], "dvar": [3.35990137046e-07, 8.51779589084e-07, 3.4896513057e-07, 1.47421957308e-07, 1.37488569862e-07, 4.98856671527e-08, 4.66333425209e-08, 7.81850104659e-08, 8.45268601779e-08, 4.02025008839e-08, 1.93386693326e-08, 2.90676211989e-08, 4.72709409394e-08, 4.69769041445e-08, 1.42500402589e-08, 5.42127098768e-09, 5.9742748526e-09, 9.5326395666e-09, 9.52360856843e-09, 2.85660695098e-09, 4.35205960159e-09, 2.10106509968e-09, 1.46732648254e-09, 9.66232205357e-10, 2.08305456217e-10, 3.04863967404e-10, 3.03225139442e-10, 1.14615324176e-10, 3.49372059061e-11, 4.79295526878e-11, 9.62772708779e-11, 7.76053554752e-10, 1.02865868601e-10, 3.11926734442e-11, 9.1719860873e-11, 2.21556262919e-11, 1.90606367495e-11, 1.13794416598e-11, 4.81247680595e-12, 7.09966070309e-12], "mean": [0.00053863908397, 0.00167685246561, 0.000967477040831, 0.000316255289363, 0.000318487873301, 0.000190721664694, 0.000161050367751, 0.000200760958251, 0.000218804503675, 0.000158967726748, 0.000137949493364, 0.000148087332491, 0.000125950493384, 0.0001093550527, 8.35440296214e-05, 5.65028749406e-05, 7.08939187462e-05, 9.6040610515e-05, 9.03863692656e-05, 5.34242753929e-05, 6.75000774208e-05, 5.77424725634e-05, 4.97438813909e-05, 4.01394936489e-05, 1.59526189236e-05, 1.74030628841e-05, 2.0396155378e-05, 1.4249254491e-05, 5.75843705519e-06, 4.02893056162e-06, 5.38449603482e-06, 1.12581919893e-05, 4.78828724226e-06, 3.19413766192e-06, 5.56559780307e-06, 1.82336998478e-06, 1.49125844473e-06, 1.33083290166e-06, 1.17427077839e-06, 1.45840033383e-06]}, "barkbands_skewness": {"min": -2.33582997322, "max": 5.84116268158, "dvar2": 0.31241735816, "median": 0.618116736412, "dmean2": 0.583868265152, "dmean": 0.390059828758, "var": 0.89560097456, "dvar": 0.150239467621, "mean": 0.773768901825}, "spectral_entropy": {"min": 5.59845256805, "max": 9.79005718231, "dvar2": 0.0414052717388, "median": 7.6151881218, "dmean2": 0.203515276313, "dmean": 0.151272445917, "var": 0.159691050649, "dvar": 0.0232737604529, "mean": 7.62396383286}, "spectral_rolloff": {"min": 86.1328125, "max": 18927.6855469, "dvar2": 1883370.625, "median": 1937.98828125, "dmean2": 940.598083496, "dmean": 600.405395508, "var": 2170793.25, "dvar": 972058.125, "mean": 2216.94873047}, "barkbands": {"min": [2.21310320012e-23, 1.04045097266e-23, 3.58558580667e-24, 6.14954625399e-24, 2.06168434703e-23, 4.35180482619e-23, 5.75705198158e-23, 2.98433748173e-23, 2.79831587613e-23, 5.16448617531e-23, 2.3370867331e-23, 1.09138489719e-22, 6.35078593309e-23, 8.1335099736e-23, 1.25575233405e-22, 1.9681928124e-22, 1.041901041e-22, 2.12101751028e-22, 2.27412316886e-22, 3.3955812108e-22, 3.65619586278e-22, 5.94669755108e-22, 5.63475544343e-22, 9.10334680386e-22, 1.27545373757e-21, 1.55754565149e-21, 2.4096165043e-21], "max": [0.000892833340913, 0.022613864392, 0.0330292358994, 0.0245675053447, 0.029822319746, 0.033755518496, 0.0348606109619, 0.0521809123456, 0.0276720486581, 0.0189431011677, 0.0336434692144, 0.0431562326849, 0.027423646301, 0.0228726435453, 0.022548083216, 0.027701575309, 0.0124059692025, 0.00799267366529, 0.0140360798687, 0.0067834937945, 0.00743725663051, 0.0124176302925, 0.00761075131595, 0.00800385233015, 0.00720766186714, 0.000339439226082, 4.9224068789e-05], "dvar2": [9.9476658022e-09, 8.8341485025e-06, 1.58849125e-05, 5.97231337451e-06, 8.65921902005e-06, 3.82250800612e-06, 2.41285442826e-06, 8.38839241624e-06, 5.03787669004e-06, 2.62441812993e-06, 7.50504750613e-06, 5.83410292165e-06, 2.44351554102e-06, 2.326124104e-06, 3.56037617166e-06, 1.57006979862e-06, 1.37577160331e-06, 6.99810811966e-07, 3.90570818354e-07, 2.58822240085e-07, 1.56287001118e-07, 1.46301397308e-06, 2.82954147224e-07, 1.77475158125e-07, 4.66481708372e-07, 1.03541675234e-09, 1.67959448433e-11], "median": [7.28386248738e-06, 0.00121312576812, 0.00230727437884, 0.00120673771016, 0.000673336675391, 0.000401597033488, 0.000271304656053, 0.000414908747189, 0.000680481665768, 0.000340411934303, 0.000223779410589, 0.0002838401997, 0.000278523628367, 0.000257751700701, 0.000557574385311, 0.000311267096549, 0.000536409555934, 0.000360107893357, 0.000272519973805, 0.000207903358387, 6.41638180241e-05, 0.000100391058368, 7.0616195444e-05, 3.18853417411e-05, 4.58176109532e-05, 1.82603935173e-06, 1.51327071762e-07], "dmean2": [4.68639300379e-05, 0.00213192054071, 0.00296088750474, 0.00173288525548, 0.00166707031894, 0.000917682133149, 0.000677112897392, 0.00131036760285, 0.00110105890781, 0.000780646572821, 0.000814044498838, 0.00076723494567, 0.000700595846865, 0.00074818538269, 0.00101303344127, 0.000614547345322, 0.000748332298826, 0.00055938429432, 0.000306609319523, 0.000308750255499, 0.000164669967489, 0.000429223291576, 0.000224656847422, 0.000113022702863, 0.000240609326283, 1.16801156764e-05, 1.11581732654e-06], "dmean": [3.10715076921e-05, 0.00134636857547, 0.00173045659903, 0.0010155334603, 0.00102260138374, 0.00058739609085, 0.000422644312494, 0.000818317872472, 0.00069797062315, 0.000502107315697, 0.000519297260325, 0.000492291350383, 0.000446873455076, 0.000473700201837, 0.000640754878987, 0.00040275635547, 0.000483691983391, 0.000361653743312, 0.000200918409973, 0.00021062977612, 0.000114562135423, 0.000283509172732, 0.000155454079504, 7.96526219347e-05, 0.000166824858752, 7.91926049715e-06, 7.09907624241e-07], "var": [9.20484044542e-09, 8.98091821e-06, 1.98758389161e-05, 4.5309448069e-06, 6.30717977401e-06, 3.2962016121e-06, 2.32003321798e-06, 6.48899276712e-06, 3.35512072525e-06, 2.61237164523e-06, 5.72278258915e-06, 5.64200581721e-06, 2.05743208426e-06, 2.52818495028e-06, 3.40993597092e-06, 2.40773783844e-06, 1.62345406807e-06, 8.55211851558e-07, 3.74036517314e-07, 4.50497765314e-07, 1.40056741316e-07, 8.13376630049e-07, 2.40916591565e-07, 1.10814113441e-07, 2.84869969391e-07, 5.19597365134e-10, 6.0582689039e-12], "dvar": [4.75721328996e-09, 3.97562916987e-06, 5.79752168051e-06, 2.12545387512e-06, 3.42051021107e-06, 1.64493201282e-06, 9.89517161543e-07, 3.52485972144e-06, 2.04784578273e-06, 1.06614038486e-06, 2.8586323424e-06, 2.34029494095e-06, 9.41442067415e-07, 9.10701430712e-07, 1.40712211305e-06, 6.72884254982e-07, 5.95800088377e-07, 2.92465699658e-07, 1.63826001653e-07, 1.2296534635e-07, 8.12929101812e-08, 6.46801652238e-07, 1.40709374818e-07, 8.16377507817e-08, 2.13371492919e-07, 4.41720299227e-10, 6.72221523237e-12], "mean": [4.76707646158e-05, 0.00235147564672, 0.0038871159777, 0.00187713815831, 0.00157053244766, 0.00101910287049, 0.00072800257476, 0.00125843589194, 0.00121208152268, 0.000917389988899, 0.000875668658409, 0.000868326460477, 0.000768726982642, 0.000881572021171, 0.00121386605315, 0.000861189619172, 0.00100318714976, 0.000759197690058, 0.000450177292805, 0.000491620332468, 0.000182352625416, 0.000373675982701, 0.000233810671489, 0.000116171126137, 0.000220597736188, 9.43608029047e-06, 7.55194207613e-07]}, "melbands_flatness_db": {"min": 0.00413123192266, "max": 0.4083314538, "dvar2": 0.000900481652934, "median": 0.155003815889, "dmean2": 0.0326108559966, "dmean": 0.0230510495603, "var": 0.00364080257714, "dvar": 0.000499301007949, "mean": 0.163769602776}, "melbands_skewness": {"min": -1.50500607491, "max": 10.1146268845, "dvar2": 0.553198099136, "median": 1.63218188286, "dmean2": 0.774625718594, "dmean": 0.512837171555, "var": 1.83844053745, "dvar": 0.257214218378, "mean": 1.89549791813}, "silence_rate_60dB": {"min": 0, "max": 1, "dvar2": 0.0126119414344, "median": 0, "dmean2": 0.0107711134478, "dmean": 0.0053848978132, "var": 0.0606474690139, "dvar": 0.00535574508831, "mean": 0.0648556053638}, "spectral_energyband_low": {"min": 3.31171885947e-23, "max": 0.0446580462158, "dvar2": 3.1803137972e-05, "median": 0.00593165867031, "dmean2": 0.00464446330443, "dmean": 0.0028159825597, "var": 4.10491520597e-05, "dvar": 1.18153975563e-05, "mean": 0.00749412737787}, "spectral_energyband_middle_low": {"min": 2.65447428447e-22, "max": 0.0529863648117, "dvar2": 3.14013523166e-05, "median": 0.00650391448289, "dmean2": 0.00451250234619, "dmean": 0.00283069396392, "var": 3.41714876413e-05, "dvar": 1.28257925098e-05, "mean": 0.0078589618206}, "melbands_kurtosis": {"min": -1.78820061684, "max": 128.603851318, "dvar2": 58.5869140625, "median": 2.44570922852, "dmean2": 4.83740949631, "dmean": 3.13076996803, "var": 89.5800094604, "dvar": 25.6557674408, "mean": 5.89068126678}, "spectral_decrease": {"min": -1.57943471635e-08, "max": 3.45153097478e-29, "dvar2": 4.25866080157e-18, "median": -5.86739767883e-09, "dmean2": 2.02491334811e-09, "dmean": 1.27897847868e-09, "var": 8.07418771411e-18, "dvar": 1.72044685559e-18, "mean": -5.70816105494e-09}, "erbbands_kurtosis": {"min": -1.62775278091, "max": 18.5908699036, "dvar2": 2.18817400932, "median": 0.0865621864796, "dmean2": 1.19188165665, "dmean": 0.767804324627, "var": 2.88472819328, "dvar": 0.947333574295, "mean": 0.556495606899}, "melbands_crest": {"min": 1.67301607132, "max": 33.0641288757, "dvar2": 17.8641471863, "median": 12.9639568329, "dmean2": 4.96515464783, "dmean": 3.07010149956, "var": 35.5251541138, "dvar": 7.67345333099, "mean": 13.9710407257}, "mfcc": {"mean": [-631.40838623, 109.648475647, -19.4639644623, 21.2608203888, 9.37204837799, 3.4280257225, -0.976881325245, 9.66804695129, 3.95487356186, 3.25202965736, 1.26700520515, -5.86099624634, 0.38876748085], "icov": [[0.000108306056063, -8.11057543615e-06, -1.08592507786e-06, -0.000116260533105, 0.000116552808322, 1.01267733044e-06, 0.000100374621979, -0.000141202617669, -3.2790703699e-06, 8.29690616229e-05, 5.12439219165e-05, 0.000173019521753, 9.94986767182e-05], [-8.11057543615e-06, 0.000953666458372, 0.0003473777615, -0.000110962057079, -0.000454527791589, 0.000108472166175, -0.000335992284818, -0.000894206867088, 6.81850069668e-05, -0.000286666880129, -0.000322960520862, -0.000141967146192, 0.000127962426632], [-1.08592507786e-06, 0.0003473777615, 0.0021644004155, -0.000246071111178, 0.000121130367916, -0.00122408673633, 0.00067414768273, -0.000758709269576, -0.000922603358049, 0.000986236496828, -0.000251078454312, -0.000508373894263, 2.16679527512e-05], [-0.000116260533105, -0.000110962057079, -0.000246071111178, 0.00563026731834, -0.00301994057372, 0.0012941834284, 0.000441922893515, -0.000601032515988, -0.000411559536587, -0.000607591704465, 0.00143739639316, -0.00044897510088, -0.00139027135447], [0.000116552808322, -0.000454527791589, 0.000121130367916, -0.00301994057372, 0.00868087168783, -0.00105882051867, -0.000467762845801, 0.00090616493253, -0.00107655534521, -0.000698595133144, 0.00170267745852, 3.23144558934e-05, -0.00103414757177], [1.01267733044e-06, 0.000108472166175, -0.00122408673633, 0.0012941834284, -0.00105882051867, 0.00746499141678, -0.00202062306926, -0.00145180383697, 0.000341295643011, 0.00150743499398, -0.00196618121117, 0.000674418464769, 0.00107508385554], [0.000100374621979, -0.000335992284818, 0.00067414768273, 0.000441922893515, -0.000467762845801, -0.00202062306926, 0.00873488467187, -0.00305648706853, 0.00163756217808, -0.00339400628582, 0.00150711799506, 7.25851496099e-05, 0.000448219070677], [-0.000141202617669, -0.000894206867088, -0.000758709269576, -0.000601032515988, 0.00090616493253, -0.00145180383697, -0.00305648706853, 0.0151371061802, -0.0040670200251, -0.00106037082151, 0.000359708152246, 0.000835675920825, -0.00400943262503], [-3.2790703699e-06, 6.81850069668e-05, -0.000922603358049, -0.000411559536587, -0.00107655534521, 0.000341295643011, 0.00163756217808, -0.0040670200251, 0.0108078736812, -0.00277289748192, 0.00191233574878, -0.000212971644942, -0.000381143327104], [8.29690616229e-05, -0.000286666880129, 0.000986236496828, -0.000607591704465, -0.000698595133144, 0.00150743499398, -0.00339400628582, -0.00106037082151, -0.00277289748192, 0.015079411678, -0.00483989855275, -0.000272347941063, 0.00260740634985], [5.12439219165e-05, -0.000322960520862, -0.000251078454312, 0.00143739639316, 0.00170267745852, -0.00196618121117, 0.00150711799506, 0.000359708152246, 0.00191233574878, -0.00483989855275, 0.0129314968362, -0.000796161708422, -0.00224379636347], [0.000173019521753, -0.000141967146192, -0.000508373894263, -0.00044897510088, 3.23144558934e-05, 0.000674418464769, 7.25851496099e-05, 0.000835675920825, -0.000212971644942, -0.000272347941063, -0.000796161708422, 0.014169649221, -0.00356475054286], [9.94986767182e-05, 0.000127962426632, 2.16679527512e-05, -0.00139027135447, -0.00103414757177, 0.00107508385554, 0.000448219070677, -0.00400943262503, -0.000381143327104, 0.00260740634985, -0.00224379636347, -0.00356475054286, 0.0150904739276]], "cov": [[10169.9501953, -22.711725235, 111.5235672, 198.298965454, -78.5315704346, -42.8272132874, -149.141540527, 80.98802948, 55.3498191833, -99.5243377686, -105.076377869, -136.598251343, -54.4340629578], [-22.711725235, 1404.60400391, -271.061004639, 99.0157623291, 115.319450378, -27.5268039703, 139.422149658, 111.396484375, 29.1379375458, 103.857261658, 19.0503540039, 10.3482780457, 21.1387081146], [111.5235672, -271.061004639, 655.338867188, 8.31212902069, -11.7004461288, 102.176124573, -65.9826431274, 31.4930553436, 60.1199302673, -63.7144699097, 0.423995614052, 18.2086601257, 20.5259304047], [198.298965454, 99.0157623291, 8.31212902069, 291.446929932, 114.904884338, -55.5931396484, -9.18292331696, 31.0565433502, 50.539150238, 9.52147388458, -49.5882148743, 17.271905899, 41.3890838623], [-78.5315704346, 115.319450378, -11.7004461288, 114.904884338, 175.017425537, -6.98555421829, 18.3717632294, 19.4661235809, 35.2193107605, 14.8100976944, -31.7349300385, 8.83348560333, 22.9593372345], [-42.8272132874, -27.5268039703, 102.176124573, -55.5931396484, -6.98555421829, 185.818695068, 38.2567863464, 22.025970459, -4.81078481674, -8.55589771271, 26.8135986328, -9.58748722076, -10.6748170853], [-149.141540527, 139.422149658, -65.9826431274, -9.18292331696, 18.3717632294, 38.2567863464, 170.002288818, 40.4948539734, -5.76412773132, 46.3994445801, 3.21696567535, -4.97670412064, -5.56689882278], [80.98802948, 111.396484375, 31.4930553436, 31.0565433502, 19.4661235809, 22.025970459, 40.4948539734, 105.327140808, 44.1497573853, 19.1249046326, -1.98446929455, 2.16755771637, 25.9116764069], [55.3498191833, 29.1379375458, 60.1199302673, 50.539150238, 35.2193107605, -4.81078481674, -5.76412773132, 44.1497573853, 129.043823242, 16.9228210449, -19.1474990845, 6.58014202118, 17.6582050323], [-99.5243377686, 103.857261658, -63.7144699097, 9.52147388458, 14.8100976944, -8.55589771271, 46.3994445801, 19.1249046326, 16.9228210449, 99.0133209229, 24.9818840027, 1.17602169514, -6.61634063721], [-105.076377869, 19.0503540039, 0.423995614052, -49.5882148743, -31.7349300385, 26.8135986328, 3.21696567535, -1.98446929455, -19.1474990845, 24.9818840027, 104.803398132, 5.74990558624, 3.39562535286], [-136.598251343, 10.3482780457, 18.2086601257, 17.271905899, 8.83348560333, -9.58748722076, -4.97670412064, 2.16755771637, 6.58014202118, 1.17602169514, 5.74990558624, 80.4130477905, 24.2036628723], [-54.4340629578, 21.1387081146, 20.5259304047, 41.3890838623, 22.9593372345, -10.6748170853, -5.56689882278, 25.9116764069, 17.6582050323, -6.61634063721, 3.39562535286, 24.2036628723, 87.4257049561]]}, "spectral_energy": {"min": 1.06316425532e-20, "max": 0.0649968981743, "dvar2": 7.06609862391e-05, "median": 0.0249013658613, "dmean2": 0.00826975703239, "dmean": 0.0053401584737, "var": 0.000144268269651, "dvar": 2.97404330922e-05, "mean": 0.024179186672}, "melbands_spread": {"min": 2.49334168434, "max": 219.098907471, "dvar2": 243.394012451, "median": 34.908164978, "dmean2": 13.262421608, "dmean": 8.86394691467, "var": 445.965118408, "dvar": 124.480140686, "mean": 37.2265853882}, "erbbands_flatness_db": {"min": 0.0369915887713, "max": 0.432050645351, "dvar2": 0.00040439638542, "median": 0.16365878284, "dmean2": 0.0220811720937, "dmean": 0.0152478329837, "var": 0.00198836857453, "dvar": 0.000205127929803, "mean": 0.165084525943}, "spectral_contrast_valleys": {"min": [-27.5022792816, -27.6597824097, -27.8024597168, -27.7441444397, -27.3095684052, -27.3243179321], "max": [-5.68513345718, -4.88230133057, -5.47275590897, -5.72734117508, -5.48485374451, -7.20980930328], "dvar2": [0.342990636826, 0.255769819021, 0.185482680798, 0.165444493294, 0.155399799347, 0.238841295242], "median": [-7.4255771637, -6.74073028564, -7.10667943954, -7.39582490921, -7.32487678528, -10.0064888], "dmean2": [0.708022654057, 0.570837914944, 0.474109441042, 0.422964572906, 0.382513701916, 0.440546065569], "dmean": [0.428275316954, 0.354818284512, 0.301682472229, 0.27923694253, 0.277782946825, 0.350603580475], "var": [1.75595355034, 1.74369907379, 1.62768101692, 1.50286626816, 1.61580085754, 1.8958003521], "dvar": [0.137772396207, 0.108121067286, 0.0873562470078, 0.08263194561, 0.086686655879, 0.143923476338], "mean": [-7.6604180336, -6.96538305283, -7.331346035, -7.59417295456, -7.55103302002, -10.2031602859]}, "barkbands_flatness_db": {"min": 0.0302974171937, "max": 0.338796794415, "dvar2": 0.000556008308195, "median": 0.109397552907, "dmean2": 0.0254156086594, "dmean": 0.0171153452247, "var": 0.00185743765905, "dvar": 0.000276895647403, "mean": 0.116453588009}, "zerocrossingrate": {"min": 0.0068359375, "max": 0.51708984375, "dvar2": 0.000259618187556, "median": 0.07177734375, "dmean2": 0.0139641268179, "dmean": 0.0127754481509, "var": 0.00135008851066, "dvar": 0.000235471117776, "mean": 0.0767233148217}, "spectral_skewness": {"min": -0.0399663373828, "max": 3.82009077072, "dvar2": 0.107381992042, "median": 1.45883536339, "dmean2": 0.325604707003, "dmean": 0.204973056912, "var": 0.124323554337, "dvar": 0.042001478374, "mean": 1.46937310696}, "hfc": {"min"