{"lowlevel": {"spectral_complexity": {"min": 0, "max": 56, "dvar2": 27.4526195526, "median": 23, "dmean2": 5.4113907814, "dmean": 3.77905416489, "var": 93.0246658325, "dvar": 15.9109592438, "mean": 23.0661048889}, "silence_rate_20dB": {"min": 1, "max": 1, "dvar2": 0, "median": 1, "dmean2": 0, "dmean": 0, "var": 0, "dvar": 0, "mean": 1}, "average_loudness": 0.943484246731, "erbbands_spread": {"min": 3.71127223969, "max": 125.960586548, "dvar2": 108.822280884, "median": 31.5090408325, "dmean2": 9.95449829102, "dmean": 6.62637901306, "var": 226.323059082, "dvar": 49.8746643066, "mean": 33.7487220764}, "spectral_kurtosis": {"min": -1.2520070076, "max": 39.4692077637, "dvar2": 11.5574131012, "median": 4.02854633331, "dmean2": 2.64111399651, "dmean": 1.5981708765, "var": 9.19976043701, "dvar": 4.0224814415, "mean": 4.49802494049}, "barkbands_kurtosis": {"min": -1.89436006546, "max": 35.8761444092, "dvar2": 8.25606822968, "median": -0.313490271568, "dmean2": 1.79103267193, "dmean": 1.14351260662, "var": 9.85627269745, "dvar": 3.63618922234, "mean": 0.741970300674}, "spectral_strongpeak": {"min": 0, "max": 11.1324796677, "dvar2": 3.74720406532, "median": 0.452665925026, "dmean2": 1.18916094303, "dmean": 0.685153245926, "var": 2.43142700195, "dvar": 1.44860649109, "mean": 1.13264119625}, "spectral_spread": {"min": 1222415.5, "max": 42602628, "dvar2": 964039933952, "median": 3897826, "dmean2": 750929.8125, "dmean": 541839.5625, "var": 15097021857800.0, "dvar": 559691530240, "mean": 4536273}, "spectral_rms": {"min": 3.13804277702e-12, "max": 0.00798286404461, "dvar2": 5.68299242332e-07, "median": 0.00490606576204, "dmean2": 0.000797630636953, "dmean": 0.000523581402376, "var": 2.32101524489e-06, "dvar": 2.59813560888e-07, "mean": 0.00460534403101}, "dynamic_complexity": 3.00849795341, "erbbands": {"min": [6.18240893712e-23, 3.74974290167e-22, 2.47242528141e-21, 9.33346497676e-21, 1.24339552091e-20, 1.95732016342e-20, 5.93271900652e-20, 6.02276343231e-20, 1.04525831538e-19, 1.47045700295e-19, 3.16906282655e-19, 4.30965622784e-19, 4.40170617888e-19, 6.70724155977e-19, 1.23384193703e-18, 1.21498987049e-18, 1.3259075528e-18, 1.97383533488e-18, 2.57376027504e-18, 2.09966997877e-18, 3.38668401615e-18, 4.92710504098e-18, 5.37165340887e-18, 4.89307813931e-18, 6.46017387774e-18, 7.81595516176e-18, 8.38421252615e-18, 1.09466385656e-17, 1.18909090754e-17, 9.26224820276e-18, 1.02817143933e-17, 1.02426954567e-17, 9.6056464438e-18, 8.1048901769e-18, 6.94719631572e-18, 4.25179602967e-18, 2.13095911941e-18, 9.59176614633e-19, 2.23901635947e-19, 2.85112096547e-20], "max": [0.759314656258, 4.99798059464, 36.7675056458, 64.7783737183, 84.7774124146, 119.762916565, 207.208724976, 207.606460571, 636.029724121, 480.058624268, 798.183532715, 624.293457031, 598.854248047, 932.78326416, 984.482849121, 1506.06555176, 905.086975098, 683.962402344, 1126.39624023, 1236.17456055, 1872.71337891, 853.718811035, 498.466156006, 623.078796387, 596.014282227, 249.005477905, 254.719497681, 561.485229492, 679.56048584, 245.166061401, 233.5806427, 232.210296631, 107.096832275, 72.3671112061, 76.0037231445, 4.39303779602, 0.583453416824, 0.1334605515, 0.00728207407519, 0.000742358854041], "dvar2": [0.00868653412908, 0.525693416595, 14.4827022552, 39.2563743591, 39.6968612671, 173.085891724, 297.978240967, 235.99230957, 770.525512695, 867.03503418, 3283.00512695, 2881.94750977, 1845.86682129, 4133.98242188, 7341.75341797, 5219.24902344, 3518.69897461, 3203.62060547, 6694.13671875, 7082.76318359, 5423.35693359, 4148.83691406, 2380.73217773, 630.344238281, 1108.73010254, 507.375030518, 146.756912231, 553.589599609, 3943.1015625, 248.13041687, 320.422851563, 112.977630615, 35.9420585632, 18.7685813904, 55.0528411865, 0.119422256947, 0.00359603622928, 9.16494027479e-05, 2.71706170452e-07, 2.53886112134e-09], "median": [0.0127526540309, 0.376507937908, 2.1749022007, 4.37688922882, 2.65914583206, 2.27270078659, 3.12225675583, 3.3956246376, 4.31092834473, 6.79951477051, 10.7259874344, 13.2380142212, 14.4391231537, 12.9954891205, 12.037853241, 13.8129043579, 12.5901575089, 12.7169418335, 25.3368263245, 27.565700531, 22.2757873535, 31.7229366302, 27.1379070282, 14.5019683838, 14.8951644897, 9.70095729828, 3.94334745407, 3.00369787216, 4.02805137634, 2.18309211731, 1.95408940315, 0.751830339432, 0.509655892849, 0.476115316153, 0.281003296375, 0.0246672965586, 0.00251689879224, 0.000325869012158, 3.3337615605e-05, 3.43426690961e-05], "dmean2": [0.0468400791287, 0.556779265404, 2.86027288437, 4.81172895432, 3.83391165733, 6.74022483826, 8.48971939087, 7.4513220787, 9.73945713043, 14.3810186386, 26.6682395935, 23.637304306, 20.7401390076, 30.1712722778, 30.7346668243, 26.3362731934, 26.3483486176, 28.2094478607, 43.6938095093, 42.7481002808, 35.4232635498, 39.9858398438, 32.7962646484, 14.5452184677, 17.0599155426, 13.6605978012, 5.97063398361, 8.84337234497, 20.8552055359, 5.94903802872, 7.43543243408, 2.69207620621, 1.70139610767, 1.59672021866, 2.43873167038, 0.126165047288, 0.0208455342799, 0.00279246759601, 0.000140988631756, 1.98744546651e-05], "dmean": [0.0334278903902, 0.337376534939, 1.67894482613, 2.83304429054, 2.26651906967, 4.04107236862, 5.37098121643, 4.73898267746, 6.1322016716, 9.02348136902, 16.8601951599, 14.9850788116, 13.3078012466, 19.2727184296, 19.5540523529, 17.0140419006, 16.743894577, 17.8586921692, 27.918138504, 27.7142238617, 23.8855113983, 25.7076759338, 21.3874549866, 9.55422592163, 11.4543218613, 9.43450450897, 4.19629621506, 6.13928222656, 13.4595098495, 4.18155145645, 5.06913709641, 1.89189565182, 1.19637584686, 1.12327718735, 1.64984071255, 0.0884339883924, 0.0139177283272, 0.00181269063614, 9.02508181753e-05, 1.3241439774e-05], "var": [0.0110787022859, 0.494132965803, 22.6798858643, 32.5507965088, 24.5194797516, 96.9230194092, 231.320617676, 217.283691406, 622.216552734, 637.299377441, 2713.70483398, 1713.43261719, 1633.35290527, 3887.9753418, 6048.63476563, 5734.59033203, 3145.38549805, 3518.80126953, 7575.96337891, 6862.31347656, 9328.28222656, 5036.23974609, 3331.05664063, 727.432861328, 1248.72741699, 939.597412109, 174.053024292, 395.128143311, 1841.01245117, 198.114700317, 252.884262085, 68.7064971924, 21.2626609802, 13.2037220001, 30.1160106659, 0.070632353425, 0.00166880909819, 3.34598043992e-05, 9.92736133298e-08, 1.27006460904e-09], "dvar": [0.00532504636794, 0.201285049319, 5.43071556091, 14.4044542313, 14.7312994003, 66.9417114258, 123.107826233, 103.509155273, 287.589599609, 370.253723145, 1383.44055176, 1159.62109375, 725.809020996, 1697.83679199, 2815.39770508, 2148.32128906, 1353.85339355, 1237.3939209, 2701.7644043, 3005.80493164, 2412.66210938, 1726.74133301, 1010.07043457, 270.406005859, 468.435180664, 247.610656738, 75.6868972778, 267.055847168, 1645.4152832, 124.289772034, 152.930755615, 51.6176223755, 15.7616872787, 8.51990604401, 24.5386657715, 0.0536024644971, 0.00151297287084, 3.64661282219e-05, 1.08699985901e-07, 1.04481867602e-09], "mean": [0.05197237432, 0.636849939823, 4.06310224533, 5.8083691597, 4.03282403946, 5.7095990181, 8.84137153625, 8.3197517395, 11.2416563034, 14.9200496674, 27.1984901428, 24.9925842285, 27.1751899719, 35.8857574463, 36.262008667, 33.1581344604, 31.0093994141, 36.2619476318, 57.6850242615, 54.8275566101, 55.1764259338, 57.1944160461, 49.6689834595, 23.4292926788, 26.2287979126, 22.8265094757, 8.41568470001, 9.10935020447, 16.6361064911, 6.46227455139, 7.37380027771, 2.64427876472, 1.84085655212, 1.71273624897, 2.00075817108, 0.117464631796, 0.0158131122589, 0.00189063057769, 0.000108529580757, 3.83740334655e-05]}, "spectral_contrast_coeffs": {"min": [-0.980463445187, -0.976754963398, -0.9808126688, -0.982574939728, -0.975555300713, -0.965733170509], "max": [-0.35040140152, -0.379961818457, -0.438419699669, -0.477343410254, -0.517595231533, -0.614103972912], "dvar2": [0.00472536217421, 0.00365008763038, 0.00242259376682, 0.00174744694959, 0.00101136509329, 0.000703406985849], "median": [-0.620623886585, -0.744025349617, -0.755678534508, -0.747039556503, -0.746076405048, -0.755657494068], "dmean2": [0.0852444469929, 0.0764597579837, 0.0601757988334, 0.0514440201223, 0.0387816727161, 0.0300326067954], "dmean": [0.0511655062437, 0.046750087291, 0.0370876565576, 0.0324523970485, 0.0253504365683, 0.0191913992167], "var": [0.00707785366103, 0.00592911150306, 0.0047360341996, 0.0043181492947, 0.00415112171322, 0.00191236438695], "dvar": [0.00174276810139, 0.00147183530498, 0.000968446605839, 0.000728487793822, 0.00049189128913, 0.000307044538204], "mean": [-0.624992370605, -0.741219162941, -0.751471936703, -0.742289721966, -0.742089092731, -0.755516648293]}, "dissonance": {"min": 0.00376579561271, "max": 0.5, "dvar2": 0.000655387877487, "median": 0.47727021575, "dmean2": 0.0226354282349, "dmean": 0.0134564451873, "var": 0.000390338507714, "dvar": 0.00023201793374, "mean": 0.472986280918}, "spectral_energyband_high": {"min": 7.15972803103e-21, "max": 0.0254163276404, "dvar2": 5.9032831814e-06, "median": 0.000568795599975, "dmean2": 0.00106913631316, "dmean": 0.000775266089477, "var": 5.32956573807e-06, "dvar": 3.01622912957e-06, "mean": 0.00132416037377}, "gfcc": {"mean": [-8.78645610809, 88.5999908447, -140.066131592, 40.5239181519, -53.3905410767, 20.1081199646, -40.7917785645, 15.3469276428, -22.1483650208, -3.90644025803, -18.7108383179, -7.68501615524, -9.90485668182], "icov": [[0.000145114201587, -0.000260142813204, 0.000358658347977, -0.000452015839983, 0.000518315238878, -0.000302459928207, 0.000212025232031, -0.000365558313206, 0.000358790101018, -0.000128853382193, 0.00032397249015, -0.000207939534448, 0.000153004133608], [-0.000260142813204, 0.00191847712267, -0.000583772896789, 0.00107190769631, -0.00177406717557, 0.000513987790328, -0.000199065805646, 0.000328766618622, -0.00119531759992, 0.00187563791405, -0.00134254689328, 0.00168217485771, 0.00014567602193], [0.000358658347977, -0.000583772896789, 0.00241404864937, -0.00150642753579, 0.000908899179194, -0.00110547686927, 8.83756802068e-05, -0.000895577424672, 0.00035095520434, -0.000545310147572, 0.00214195577428, -0.0017383818049, 0.000947033171542], [-0.000452015839983, 0.00107190769631, -0.00150642753579, 0.00561401853338, -0.00214589782991, 0.000317282479955, 0.00132566434331, -0.000484343036078, -0.00140607065987, 0.00182413705625, -0.00112102914136, 0.00136131222825, -0.00219197385013], [0.000518315238878, -0.00177406717557, 0.000908899179194, -0.00214589782991, 0.00778252864257, -0.000777386361733, -0.00193634920288, -0.000695056107361, -0.000663932587486, -9.50434114202e-05, -0.000629205082078, -7.11788743502e-05, -0.00157911435235], [-0.000302459928207, 0.000513987790328, -0.00110547686927, 0.000317282479955, -0.000777386361733, 0.00633808458224, -0.00275362492539, 0.000687237712555, 0.00201287702657, -0.00166063115466, 0.00100606831256, -0.000542540568858, 0.000723269593436], [0.000212025232031, -0.000199065805646, 8.83756802068e-05, 0.00132566434331, -0.00193634920288, -0.00275362492539, 0.00974163226783, -0.00182570470497, -0.000702250457834, 0.00191587640438, -0.00243066088296, 0.00198858929798, 0.00149179727305], [-0.000365558313206, 0.000328766618622, -0.000895577424672, -0.000484343036078, -0.000695056107361, 0.000687237712555, -0.00182570470497, 0.0103708952665, -0.00348286819644, -0.00138780870475, 0.0010022566421, 0.00108903669752, -0.00162091769744], [0.000358790101018, -0.00119531759992, 0.00035095520434, -0.00140607065987, -0.000663932587486, 0.00201287702657, -0.000702250457834, -0.00348286819644, 0.0151604404673, -0.00427880510688, 0.00217731227167, -0.000772686966229, 0.00047947501298], [-0.000128853382193, 0.00187563791405, -0.000545310147572, 0.00182413705625, -9.50434114202e-05, -0.00166063115466, 0.00191587640438, -0.00138780870475, -0.00427880510688, 0.0179302114993, -0.00467267073691, -0.00294297980145, 0.00387216638774], [0.00032397249015, -0.00134254689328, 0.00214195577428, -0.00112102914136, -0.000629205082078, 0.00100606831256, -0.00243066088296, 0.0010022566421, 0.00217731227167, -0.00467267073691, 0.0134612116963, -0.00250910711475, -0.00164118385874], [-0.000207939534448, 0.00168217485771, -0.0017383818049, 0.00136131222825, -7.11788743502e-05, -0.000542540568858, 0.00198858929798, 0.00108903669752, -0.000772686966229, -0.00294297980145, -0.00250910711475, 0.0155011033639, -0.00420815963298], [0.000153004133608, 0.00014567602193, 0.000947033171542, -0.00219197385013, -0.00157911435235, 0.000723269593436, 0.00149179727305, -0.00162091769744, 0.00047947501298, 0.00387216638774, -0.00164118385874, -0.00420815963298, 0.0149127123877]], "cov": [[24147.7050781, 204.125213623, -1569.48681641, 959.132507324, -1332.82324219, 461.199829102, -831.753173828, 361.622619629, -451.285675049, -50.9155158997, -456.936096191, 7.58952236176, -70.5045776367], [204.125213623, 1303.60070801, -206.938369751, -49.8811607361, 340.897338867, -114.219528198, 168.258071899, 21.4334926605, 73.2100524902, -148.387863159, 110.854858398, -185.843429565, 14.0498132706], [-1569.48681641, -206.938369751, 896.663330078, 83.0009460449, -20.4701595306, 116.869995117, 2.00845909119, 37.7485771179, 32.7720565796, 41.3854522705, -111.032188416, 78.47290802, -32.4270095825], [959.132507324, -49.8811607361, 83.0009460449, 330.193237305, 2.97181177139, 3.82018589973, -67.8330459595, 55.9091873169, 8.25029850006, -23.086807251, -31.8375091553, 8.36360645294, 51.4874153137], [-1332.82324219, 340.897338867, -20.4701595306, 2.97181177139, 345.627441406, -50.3696861267, 130.417709351, 8.91102790833, 60.5493164063, -44.697883606, 81.792388916, -55.8001098633, 41.9599494934], [461.199829102, -114.219528198, 116.869995117, 3.82018589973, -50.3696861267, 247.652603149, 28.2193641663, 2.13612008095, -39.0866889954, 29.9607448578, -39.7223701477, 23.9504013062, -34.5479164124], [-831.753173828, 168.258071899, 2.00845909119, -67.8330459595, 130.417709351, 28.2193641663, 198.004562378, 7.87542581558, 25.001865387, -19.853105545, 48.9619789124, -45.6950340271, -12.8730735779], [361.622619629, 21.4334926605, 37.7485771179, 55.9091873169, 8.91102790833, 2.13612008095, 7.87542581558, 131.561386108, 31.612455368, 4.66929721832, -19.450881958, -6.22611665726, 10.1267805099], [-451.285675049, 73.2100524902, 32.7720565796, 8.25029850006, 60.5493164063, -39.0866889954, 25.001865387, 31.612455368, 99.5319824219, 8.99713897705, 7.68281888962, -8.22005748749, 5.27844333649], [-50.9155158997, -148.387863159, 41.3854522705, -23.086807251, -44.697883606, 29.9607448578, -19.853105545, 4.66929721832, 8.99713897705, 93.9959030151, 5.48268604279, 38.6511459351, -20.927986145], [-456.936096191, 110.854858398, -111.032188416, -31.8375091553, 81.792388916, -39.7223701477, 48.9619789124, -19.450881958, 7.68281888962, 5.48268604279, 130.581619263, -5.56972360611, 20.6806678772], [7.58952236176, -185.843429565, 78.47290802, 8.36360645294, -55.8001098633, 23.9504013062, -45.6950340271, -6.22611665726, -8.22005748749, 38.6511459351, -5.56972360611, 109.94934845, 15.4490690231], [-70.5045776367, 14.0498132706, -32.4270095825, 51.4874153137, 41.9599494934, -34.5479164124, -12.8730735779, 10.1267805099, 5.27844333649, -20.927986145, 20.6806678772, 15.4490690231, 97.6773147583]]}, "spectral_flux": {"min": 6.2126380429e-11, "max": 0.214546650648, "dvar2": 0.000653832918033, "median": 0.0778447315097, "dmean2": 0.027451466769, "dmean": 0.0184515696019, "var": 0.00138219620567, "dvar": 0.00030980037991, "mean": 0.0786996856332}, "silence_rate_30dB": {"min": 1, "max": 1, "dvar2": 0, "median": 1, "dmean2": 0, "dmean": 0, "var": 0, "dvar": 0, "mean": 1}, "spectral_energyband_middle_high": {"min": 1.14564090747e-21, "max": 0.0503572039306, "dvar2": 2.27542350331e-05, "median": 0.00663367751986, "dmean2": 0.00345763098449, "dmean": 0.0023856877815, "var": 5.5983022321e-05, "dvar": 1.00415500128e-05, "mean": 0.00874208658934}, "barkbands_spread": {"min": 2.67879009247, "max": 105.093475342, "dvar2": 110.243637085, "median": 28.5076904297, "dmean2": 9.29238414764, "dmean": 6.19281959534, "var": 183.878646851, "dvar": 54.8758468628, "mean": 29.8402442932}, "spectral_centroid": {"min": 110.401054382, "max": 11865.6152344, "dvar2": 197520.65625, "median": 1805.6418457, "dmean2": 378.521270752, "dmean": 259.435546875, "var": 1243429.875, "dvar": 101523.875, "mean": 1872.58349609}, "pitch_salience": {"min": 0.132788330317, "max": 0.877227127552, "dvar2": 0.00758150126785, "median": 0.538684725761, "dmean2": 0.0993820130825, "dmean": 0.0631830394268, "var": 0.0120518486947, "dvar": 0.00320439576171, "mean": 0.539476692677}, "erbbands_skewness": {"min": -3.0442841053, "max": 2.93168544769, "dvar2": 0.184783369303, "median": -0.187325060368, "dmean2": 0.473358541727, "dmean": 0.311340600252, "var": 0.480685055256, "dvar": 0.0818233564496, "mean": -0.263884305954}, "erbbands_crest": {"min": 2.38744330406, "max": 28.3024730682, "dvar2": 11.7371606827, "median": 7.53534507751, "dmean2": 3.6990032196, "dmean": 2.27811098099, "var": 12.3714122772, "dvar": 4.59463167191, "mean": 8.27764225006}, "melbands": {"min": [8.19004167878e-25, 1.54513455809e-24, 2.03920386227e-24, 1.46813680336e-24, 1.5434974745e-24, 1.26199956022e-24, 1.77910537777e-24, 1.8856913329e-24, 2.59000883162e-24, 2.54158283002e-24, 2.12562120786e-24, 2.53751033559e-24, 3.06612543654e-24, 2.84722560724e-24, 3.1144382366e-24, 2.35106325786e-24, 3.38591682852e-24, 3.21189036574e-24, 3.47200206367e-24, 2.64380046789e-24, 2.41905853194e-24, 3.47338138696e-24, 3.76592650936e-24, 3.92668137348e-24, 1.69428172843e-24, 4.39390554384e-24, 4.96003196691e-24, 4.17951721006e-24, 5.5632865229e-24, 5.00653926157e-24, 5.68112301505e-24, 5.28382544748e-24, 6.44346478322e-24, 4.98889678186e-24, 5.604851604e-24, 5.85405710269e-24, 5.07804831934e-24, 6.63411353135e-24, 6.15822175179e-24, 5.61499635524e-24], "max": [0.00611722236499, 0.0137132033706, 0.00928345695138, 0.00673588551581, 0.00569739704952, 0.00530599756166, 0.0091127352789, 0.0082554044202, 0.00525016663596, 0.00376307079569, 0.00311593478546, 0.00344485207461, 0.00414590770379, 0.00638995273039, 0.00312954839319, 0.00167535757646, 0.0014915461652, 0.00234947656281, 0.00172054441646, 0.00116579746827, 0.00224845204502, 0.000915649230592, 0.000739063601941, 0.000531227386091, 0.000570824136958, 0.000597468111664, 0.000329805450747, 0.000186637145816, 0.000146300633787, 0.000173088861629, 0.000359414058039, 0.000487126526423, 0.000270624877885, 0.000123623860418, 0.000141104348586, 0.000149827304995, 0.000145751153468, 8.20459026727e-05, 6.00304811087e-05, 6.26963810646e-05], "dvar2": [6.16187264768e-07, 2.26544716497e-06, 9.63511411101e-07, 3.97035563537e-07, 3.54088001586e-07, 1.18708619823e-07, 1.46535100498e-07, 1.7628661908e-07, 2.00016785357e-07, 1.00845667816e-07, 4.95609242535e-08, 6.80609986148e-08, 1.19732931125e-07, 1.21015958143e-07, 3.72159902895e-08, 1.45673277885e-08, 1.61032822632e-08, 2.20464091427e-08, 2.46922784441e-08, 6.40460973145e-09, 9.61281543255e-09, 5.36084865388e-09, 3.38929972976e-09, 2.25595120362e-09, 4.8328879787e-10, 7.96750776466e-10, 6.58618048988e-10, 2.39314762451e-10, 6.75216688117e-11, 9.0023002941e-11, 2.3271291838e-10, 1.84748516485e-09, 2.34754077288e-10, 6.35233116109e-11, 1.98029120879e-10, 4.92944053632e-11, 4.22123412613e-11, 2.15140075893e-11, 1.03799729229e-11, 1.58997641442e-11], "median": [0.000226773379836, 0.00104507664219, 0.000756797962822, 0.000172424173797, 0.000121466131532, 7.60843249736e-05, 6.0336325987e-05, 7.90758640505e-05, 9.02450410649e-05, 8.63310997374e-05, 6.97864816175e-05, 5.06678334204e-05, 3.83390579373e-05, 3.01847467199e-05, 3.23394779116e-05, 1.87727855518e-05, 2.1294792532e-05, 3.54758230969e-05, 3.95738861698e-05, 2.29878060054e-05, 2.49566364801e-05, 3.08878697979e-05, 2.78354673355e-05, 1.73959197127e-05, 9.04745866137e-06, 9.89986256172e-06, 8.73441695148e-06, 5.4867068684e-06, 2.30334717344e-06, 1.25137626128e-06, 1.61548450706e-06, 2.44802663474e-06, 1.31709452944e-06, 1.05660785721e-06, 1.30573630486e-06, 4.90057573188e-07, 3.6225196709e-07, 3.35113242045e-07, 3.18383939657e-07, 3.31219695227e-07], "dmean2": [0.000487370300107, 0.00117220345419, 0.000756293302402, 0.000337002857123, 0.000309054827085, 0.000168848782778, 0.000141942597111, 0.000198251742404, 0.00021181901684, 0.000149159794091, 0.000107924679469, 0.000127764491481, 0.000110613545985, 9.71662884695e-05, 7.63825810282e-05, 5.04319796164e-05, 6.04862361797e-05, 7.82104689279e-05, 7.66680605011e-05, 4.14514361182e-05, 4.64845979877e-05, 4.4247139158e-05, 3.61851343769e-05, 2.97687201964e-05, 1.22564406411e-05, 1.26598624774e-05, 1.40987276609e-05, 9.24285632209e-06, 4.31300668424e-06, 3.94770540879e-06, 5.47353329239e-06, 1.42766784847e-05, 5.38096628588e-06, 2.98103918794e-06, 5.83425389777e-06, 1.92456673176e-06, 1.58083025781e-06, 1.30873741e-06, 1.00031491002e-06, 1.42418343785e-06], "dmean": [0.000324982655002, 0.0006869257777, 0.000445959856734, 0.000202292358153, 0.000194429419935, 0.000107572392153, 8.92302996363e-05, 0.000124905593111, 0.00013464652875, 9.47701846599e-05, 6.89403386787e-05, 8.15855819383e-05, 7.04004341969e-05, 6.24470267212e-05, 4.79345217173e-05, 3.25238252117e-05, 3.8172591303e-05, 4.98866138514e-05, 4.86894314236e-05, 2.75361271633e-05, 3.12794836645e-05, 2.83300760202e-05, 2.34558519878e-05, 1.91759409063e-05, 7.84260191722e-06, 8.26550149213e-06, 9.41303369473e-06, 6.28703037364e-06, 2.9311754588e-06, 2.6949282983e-06, 3.71693226953e-06, 9.13954681891e-06, 3.58083411811e-06, 2.04895627576e-06, 3.89960950997e-06, 1.31626165967e-06, 1.09507573143e-06, 9.03412342268e-07, 6.91810726039e-07, 9.8122518466e-07], "var": [7.23442212802e-07, 3.25136829815e-06, 7.67127119161e-07, 2.29502518323e-07, 2.89753160132e-07, 1.09449345587e-07, 1.21000965692e-07, 1.3512891428e-07, 1.61762827133e-07, 6.37979979956e-08, 4.49592789664e-08, 6.49853362233e-08, 9.30126091703e-08, 1.12991514811e-07, 2.91888966331e-08, 1.23679111397e-08, 1.72360952178e-08, 2.43806947964e-08, 2.19759339615e-08, 7.28392146598e-09, 1.57520609889e-08, 5.54290346955e-09, 3.90319687682e-09, 2.77942047155e-09, 4.39801223218e-10, 6.53274156992e-10, 9.1717677897e-10, 4.12298306607e-10, 8.41052227862e-11, 7.12954070781e-11, 1.51970616646e-10, 8.74518790717e-10, 1.34532995855e-10, 4.71921945966e-11, 1.47085676971e-10, 3.23166181315e-11, 2.40583542671e-11, 1.21870170205e-11, 6.58955442295e-12, 1.05368569772e-11], "dvar": [3.35157977815e-07, 8.20306695459e-07, 3.4927970205e-07, 1.51616632138e-07, 1.44979665606e-07, 5.18664258209e-08, 5.55547536862e-08, 7.5246177289e-08, 8.25996551157e-08, 4.08655012052e-08, 1.94591383007e-08, 2.81389116452e-08, 4.60170497263e-08, 4.80008992554e-08, 1.40633007462e-08, 5.73794611824e-09, 6.20862072864e-09, 9.02577390605e-09, 9.56791001983e-09, 2.86194712373e-09, 4.32730562494e-09, 2.22103957448e-09, 1.46692336056e-09, 9.39377131637e-10, 2.03185177017e-10, 3.19593962406e-10, 2.92521978862e-10, 1.1463380245e-10, 3.32117285062e-11, 4.45767901758e-11, 1.09015629857e-10, 7.74249275803e-10, 1.05178560306e-10, 3.09160266831e-11, 9.14448725076e-11, 2.33165448754e-11, 1.89321544553e-11, 9.39098104835e-12, 4.45347187947e-12, 7.0659107905e-12], "mean": [0.000539704284165, 0.00167490984313, 0.000965803978033, 0.000316136225592, 0.000319487444358, 0.000190612685401, 0.000160388357472, 0.000200468537514, 0.000219337351155, 0.000159122937475, 0.000137812108733, 0.000147601400386, 0.000125946637127, 0.000108928448753, 8.33270896692e-05, 5.63013891224e-05, 7.06001737854e-05, 9.54778515734e-05, 9.00274390006e-05, 5.30937759322e-05, 6.71229354339e-05, 5.75878293603e-05, 4.96026150358e-05, 3.99429154641e-05, 1.58590955834e-05, 1.73037260538e-05, 2.02329556487e-05, 1.41221498779e-05, 5.67080223846e-06, 3.95012239096e-06, 5.32355716132e-06, 1.10973805931e-05, 4.70674785902e-06, 3.13540431307e-06, 5.50269578525e-06, 1.78751440671e-06, 1.45619253544e-06, 1.29965815177e-06, 1.14617068903e-06, 1.43040460898e-06]}, "barkbands_skewness": {"min": -2.42988228798, "max": 5.56744813919, "dvar2": 0.307635694742, "median": 0.596857368946, "dmean2": 0.581403791904, "dmean": 0.387835592031, "var": 0.951382875443, "dvar": 0.149195238948, "mean": 0.738046228886}, "spectral_entropy": {"min": 5.62141704559, "max": 9.82667160034, "dvar2": 0.0444280020893, "median": 7.60621786118, "dmean2": 0.205536201596, "dmean": 0.151820421219, "var": 0.196999713778, "dvar": 0.0247010868043, "mean": 7.63049316406}, "spectral_rolloff": {"min": 129.19921875, "max": 19552.1484375, "dvar2": 1964220.875, "median": 1959.52148438, "dmean2": 928.038085938, "dmean": 596.08001709, "var": 4881882, "dvar": 988446.75, "mean": 2379.47387695}, "barkbands": {"min": [8.62424156785e-26, 2.20295817278e-24, 5.45498302036e-25, 4.22354550934e-25, 6.40631890092e-24, 6.47106071541e-24, 8.60249977244e-24, 4.85280565393e-24, 2.14293859799e-23, 1.38759591932e-23, 1.39663310985e-23, 1.81215659866e-23, 2.01315725291e-23, 3.09968062122e-23, 4.55794427815e-23, 4.58163377113e-23, 7.57754731333e-23, 9.75062434221e-23, 1.38390651153e-22, 1.59055651426e-22, 2.39992490001e-22, 3.30830365973e-22, 3.63730384316e-22, 5.38454391042e-22, 9.1311237954e-22, 1.24156245555e-21, 1.87688593653e-21], "max": [0.0009177592583, 0.0223364047706, 0.0341229587793, 0.0240930523723, 0.0297268349677, 0.0353285335004, 0.0381733179092, 0.0531949363649, 0.0271179042757, 0.0200604572892, 0.0325403884053, 0.041844535619, 0.0244927648455, 0.0213978085667, 0.0225909743458, 0.027154808864, 0.0140411099419, 0.00757915200666, 0.0148080550134, 0.00616000359878, 0.00889279972762, 0.0126395998523, 0.00826402660459, 0.00753182405606, 0.00711428327486, 0.000401473371312, 4.53706743428e-05], "dvar2": [9.60641166614e-09, 8.45711838338e-06, 1.55156012625e-05, 5.81853146286e-06, 9.38652101468e-06, 3.80121923627e-06, 2.93781045002e-06, 8.13475708128e-06, 5.09841311214e-06, 2.62369326265e-06, 7.06201217326e-06, 5.93399090576e-06, 2.50088351095e-06, 2.36250457419e-06, 3.49870151695e-06, 1.48464380345e-06, 1.445947305e-06, 6.93490278536e-07, 3.96038416284e-07, 2.49808749686e-07, 1.67918642546e-07, 1.48862386595e-06, 2.92076919095e-07, 1.67815002783e-07, 4.64423948188e-07, 1.05102893055e-09, 1.01080532833e-11], "median": [7.49385071686e-06, 0.00121958309319, 0.0022814902477, 0.00120211974718, 0.000677596020978, 0.000403777521569, 0.000270398915745, 0.00041255200631, 0.000682084239088, 0.000338163808919, 0.000223320981604, 0.000282846332993, 0.00028017826844, 0.000255374005064, 0.000549422984477, 0.000307557405904, 0.000532544218004, 0.000350528862327, 0.000269125914201, 0.00020246776694, 6.24394524493e-05, 9.7286356322e-05, 6.87997089699e-05, 3.11715120915e-05, 4.53488610219e-05, 1.74863203029e-06, 6.86652299464e-08], "dmean2": [4.65133234684e-05, 0.00212438567542, 0.00292068975978, 0.00172369298525, 0.00169411953539, 0.000923406740185, 0.00067990354728, 0.0013011750998, 0.00110026379116, 0.00078850868158, 0.000805176619906, 0.000770799757447, 0.000707880593836, 0.00075437373016, 0.00100300135091, 0.000611733295955, 0.000750400999095, 0.000553894613404, 0.000301551248413, 0.000303581968183, 0.000164071156178, 0.000427452701842, 0.000222522838158, 0.000110284308903, 0.000237306128838, 1.16538403745e-05, 7.75837918354e-07], "dmean": [3.09410352202e-05, 0.00134815496858, 0.00171541678719, 0.0010106083937, 0.00103178748395, 0.000594244804233, 0.000427337567089, 0.000816925021354, 0.000699316326063, 0.000504160183482, 0.000510876532644, 0.000493703235406, 0.00045002650586, 0.000475423177704, 0.000639014760964, 0.000400346179958, 0.00048501897254, 0.000357883254765, 0.000200267459149, 0.000208340978133, 0.000114203015983, 0.000281833548797, 0.0001528015855, 7.7895099821e-05, 0.000163444274222, 7.78072626417e-06, 4.73622264963e-07], "var": [9.19781761866e-09, 9.06568857317e-06, 1.98406924028e-05, 4.50727566204e-06, 6.39897598376e-06, 3.311668479e-06, 2.35888819589e-06, 6.50261108603e-06, 3.38385393661e-06, 2.60279898612e-06, 5.72022008782e-06, 5.61558817935e-06, 2.05714309232e-06, 2.51177834798e-06, 3.42257271768e-06, 2.37869994635e-06, 1.64642199252e-06, 8.52706818932e-07, 3.74255165525e-07, 4.42912494236e-07, 1.3919506614e-07, 7.99462100076e-07, 2.36737903947e-07, 1.04377384957e-07, 2.75241177405e-07, 4.9963982951e-10, 3.17624897737e-12], "dvar": [4.6544554877e-09, 3.88677881347e-06, 5.726884865e-06, 2.08477717933e-06, 3.6615845147e-06, 1.6506820657e-06, 1.14584042876e-06, 3.45850094163e-06, 2.0578022486e-06, 1.06116920051e-06, 2.74725357485e-06, 2.36973983192e-06, 9.52067409798e-07, 9.19190597415e-07, 1.39742235206e-06, 6.45353566142e-07, 6.18004776243e-07, 2.90822214311e-07, 1.65170348509e-07, 1.18854195819e-07, 8.44847818371e-08, 6.4791549903e-07, 1.42225943023e-07, 7.67015819747e-08, 2.09387593486e-07, 4.40834646565e-10, 3.8968381473e-12], "mean": [4.7786415962e-05, 0.00235347962007, 0.00388244702481, 0.00187268911395, 0.00157274329104, 0.00102004990913, 0.000724851211999, 0.00125978211872, 0.00121340760961, 0.000914983625989, 0.0008754148148, 0.000864989415277, 0.000766265904531, 0.000876713718753, 0.00120819837321, 0.000855942664202, 0.00100030505564, 0.000756162742618, 0.00044769293163, 0.000487023789901, 0.000179483380634, 0.00036797588109, 0.000230436606216, 0.000113590554975, 0.000216535379877, 9.13899293664e-06, 4.56323164144e-07]}, "melbands_flatness_db": {"min": 0.00290929875337, "max": 0.402508348227, "dvar2": 0.000919758633245, "median": 0.154214069247, "dmean2": 0.0324490368366, "dmean": 0.022959344089, "var": 0.00389409181662, "dvar": 0.000506500829943, "mean": 0.162357419729}, "melbands_skewness": {"min": -1.5849468708, "max": 9.53482723236, "dvar2": 0.553952515125, "median": 1.59663271904, "dmean2": 0.764107465744, "dmean": 0.507489383221, "var": 1.7111467123, "dvar": 0.256176203489, "mean": 1.83681643009}, "silence_rate_60dB": {"min": 0, "max": 1, "dvar2": 0.012593944557, "median": 0, "dmean2": 0.0107553163543, "dmean": 0.00537700112909, "var": 0.0622630007565, "dvar": 0.00534801185131, "mean": 0.0667155459523}, "spectral_energyband_low": {"min": 1.55280753202e-23, "max": 0.0503866039217, "dvar2": 3.03544275084e-05, "median": 0.00593041814864, "dmean2": 0.00459544034675, "dmean": 0.00277636223473, "var": 4.11592736782e-05, "dvar": 1.16091796372e-05, "mean": 0.00749058835208}, "spectral_energyband_middle_low": {"min": 1.84872191089e-22, "max": 0.0539056733251, "dvar2": 3.23088643199e-05, "median": 0.0064909402281, "dmean2": 0.00452019879594, "dmean": 0.00284809991717, "var": 3.4601886e-05, "dvar": 1.32006098283e-05, "mean": 0.00785701535642}, "melbands_kurtosis": {"min": -1.75430464745, "max": 111.901069641, "dvar2": 56.1521453857, "median": 2.3431186676, "dmean2": 4.67943286896, "dmean": 3.04752373695, "var": 79.2456588745, "dvar": 24.5644226074, "mean": 5.50586462021}, "spectral_decrease": {"min": -1.58039394904e-08, "max": 2.38724336988e-28, "dvar2": 4.24178383553e-18, "median": -5.82071812971e-09, "dmean2": 2.012930711e-09, "dmean": 1.2729740595e-09, "var": 8.20605353864e-18, "dvar": 1.75247456513e-18, "mean": -5.69752645063e-09}, "erbbands_kurtosis": {"min": -1.61445057392, "max": 19.9041023254, "dvar2": 2.17429590225, "median": 0.080937936902, "dmean2": 1.20118200779, "dmean": 0.770503044128, "var": 2.92029666901, "dvar": 0.948388278484, "mean": 0.556119203568}, "melbands_crest": {"min": 1.51943325996, "max": 31.0820465088, "dvar2": 18.214641571, "median": 12.8189601898, "dmean2": 4.99041414261, "dmean": 3.08056688309, "var": 34.0268135071, "dvar": 7.80328607559, "mean": 13.6871337891}, "mfcc": {"mean": [-632.668334961, 109.849060059, -19.5409030914, 21.2749881744, 9.35955142975, 3.39288806915, -0.981768190861, 9.68046379089, 3.92729783058, 3.21529531479, 1.26922655106, -5.88492250443, 0.356627911329], "icov": [[0.000104645740066, -1.44343412103e-05, -4.77773710372e-07, -0.00012087731011, 0.00011415231711, -4.91366154165e-06, 0.000101230405562, -0.00013798942382, -3.09276902044e-06, 8.23155496619e-05, 4.35840411228e-05, 0.000169835460838, 9.91985652945e-05], [-1.44343412103e-05, 0.000946219661273, 0.000350828689989, -0.000112503767014, -0.000459470087662, 9.5011346275e-05, -0.000336736760801, -0.000887592323124, 5.22991358594e-05, -0.000283106608549, -0.00033781392267, -0.000155369591084, 0.000119020754937], [-4.77773710372e-07, 0.000350828689989, 0.00216819252819, -0.000238384876866, 0.000131906665047, -0.00122047332115, 0.000679290038534, -0.000767569930758, -0.000922533625271, 0.000999624957331, -0.000254735612543, -0.000515909632668, 1.37611696118e-05], [-0.00012087731011, -0.000112503767014, -0.000238384876866, 0.00563008338213, -0.00301698222756, 0.00129706482403, 0.000439964729594, -0.00061167916283, -0.000424043857493, -0.000634524971247, 0.00143235502765, -0.000448367820354, -0.00139914138708], [0.00011415231711, -0.000459470087662, 0.000131906665047, -0.00301698222756, 0.00862912554294, -0.00105952471495, -0.00045894520008, 0.000911835872103, -0.00107661506627, -0.000642769795377, 0.00163745728787, 4.41272786702e-05, -0.00100532383658], [-4.91366154165e-06, 9.5011346275e-05, -0.00122047332115, 0.00129706482403, -0.00105952471495, 0.00741294817999, -0.00198377016932, -0.00145846605301, 0.000344812578987, 0.00146825169213, -0.00191341957543, 0.00067074643448, 0.00107557757292], [0.000101230405562, -0.000336736760801, 0.000679290038534, 0.000439964729594, -0.00045894520008, -0.00198377016932, 0.00868212711066, -0.00302843539976, 0.0016271781642, -0.00336551456712, 0.00147313822526, 7.07971630618e-05, 0.000453995075077], [-0.00013798942382, -0.000887592323124, -0.000767569930758, -0.00061167916283, 0.000911835872103, -0.00145846605301, -0.00302843539976, 0.0150660863146, -0.0040227919817, -0.0011034331983, 0.000373608636437, 0.00088829244487, -0.00398909021169], [-3.09276902044e-06, 5.22991358594e-05, -0.000922533625271, -0.000424043857493, -0.00107661506627, 0.000344812578987, 0.0016271781642, -0.0040227919817, 0.0107835568488, -0.00275899027474, 0.00189534982201, -0.000195681292098, -0.000373630813556], [8.23155496619e-05, -0.000283106608549, 0.000999624957331, -0.000634524971247, -0.000642769795377, 0.00146825169213, -0.00336551456712, -0.0011034331983, -0.00275899027474, 0.0150736216456, -0.00478485273197, -0.00027305376716, 0.00262354360893], [4.35840411228e-05, -0.00033781392267, -0.000254735612543, 0.00143235502765, 0.00163745728787, -0.00191341957543, 0.00147313822526, 0.000373608636437, 0.00189534982201, -0.00478485273197, 0.0128066726029, -0.000743877550121, -0.00221607973799], [0.000169835460838, -0.000155369591084, -0.000515909632668, -0.000448367820354, 4.41272786702e-05, 0.00067074643448, 7.07971630618e-05, 0.00088829244487, -0.000195681292098, -0.00027305376716, -0.000743877550121, 0.0141192963347, -0.00353260943666], [9.91985652945e-05, 0.000119020754937, 1.37611696118e-05, -0.00139914138708, -0.00100532383658, 0.00107557757292, 0.000453995075077, -0.00398909021169, -0.000373630813556, 0.00262354360893, -0.00221607973799, -0.00353260943666, 0.015035841614]], "cov": [[10546.2939453, 72.8663787842, 100.911941528, 221.612991333, -67.4187850952, -36.7511177063, -145.404754639, 92.5134124756, 60.4954681396, -92.7508010864, -100.19720459, -137.711181641, -52.0056190491], [72.8663787842, 1425.90942383, -274.641723633, 104.450874329, 118.351135254, -25.6019268036, 141.07258606, 114.602645874, 32.0489311218, 105.200263977, 20.6358509064, 10.0808668137, 21.9429988861], [100.911941528, -274.641723633, 656.050292969, 6.12194395065, -13.3243274689, 102.151565552, -67.4282226563, 31.0595226288, 59.3659858704, -64.5502319336, 0.319643765688, 18.2557792664, 20.6300067902], [221.612991333, 104.450874329, 6.12194395065, 292.804840088, 115.456710815, -55.73097229, -8.99744129181, 31.8234081268, 51.1277923584, 10.1514749527, -49.1868209839, 17.0650157928, 41.6320838928], [-67.4187850952, 118.351135254, -13.3243274689, 115.456710815, 175.772674561, -6.82451534271, 18.249256134, 19.5671482086, 35.329158783, 14.7199840546, -31.263967514, 8.59313678741, 22.8652534485], [-36.7511177063, -25.6019268036, 102.151565552, -55.73097229, -6.82451534271, 186.62121582, 38.1230430603, 22.3815422058, -4.77207040787, -8.45531749725, 26.517080307, -9.88275051117, -10.9105005264], [-145.404754639, 141.07258606, -67.4282226563, -8.99744129181, 18.249256134, 38.1230430603, 170.884979248, 40.6604957581, -5.81519508362, 46.6608695984, 3.38699913025, -5.18648529053, -5.81765699387], [92.5134124756, 114.602645874, 31.0595226288, 31.8234081268, 19.5671482086, 22.3815422058, 40.6604957581, 106.042556763, 44.2752914429, 19.4628753662, -1.87469422817, 1.65142846107, 25.8444423676], [60.4954681396, 32.0489311218, 59.3659858704, 51.1277923584, 35.329158783, -4.77207040787, -5.81519508362, 44.2752914429, 129.198989868, 17.0411968231, -19.0983505249, 6.28911209106, 17.5759105682], [-92.7508010864, 105.200263977, -64.5502319336, 10.1514749527, 14.7199840546, -8.45531749725, 46.6608695984, 19.4628753662, 17.0411968231, 99.0732574463, 24.9506416321, 0.886845350266, -6.85102748871], [-100.19720459, 20.6358509064, 0.319643765688, -49.1868209839, -31.263967514, 26.517080307, 3.38699913025, -1.87469422817, -19.0983505249, 24.9506416321, 105.129005432, 5.3950920105, 3.26753854752], [-137.711181641, 10.0808668137, 18.2557792664, 17.0650157928, 8.59313678741, -9.88275051117, -5.18648529053, 1.65142846107, 6.28911209106, 0.886845350266, 5.3950920105, 80.5594711304, 24.0000648499], [-52.0056190491, 21.9429988861, 20.6300067902, 41.6320838928, 22.8652534485, -10.9105005264, -5.81765699387, 25.8444423676, 17.5759105682, -6.85102748871, 3.26753854752, 24.0000648499, 87.6263809204]]}, "spectral_energy": {"min": 1.00934945179e-20, "max": 0.0653192773461, "dvar2": 7.08253865014e-05, "median": 0.0246712192893, "dmean2": 0.00823820568621, "dmean": 0.00531779229641, "var": 0.000146399324876, "dvar": 3.0416642403e-05, "mean": 0.0241185370833}, "melbands_spread": {"min": 2.66180944443, "max": 219.876525879, "dvar2": 244.91229248, "median": 35.3102798462, "dmean2": 13.3966522217, "dmean": 8.90235233307, "var": 531.678588867, "dvar": 124.653205872, "mean": 38.2775192261}, "erbbands_flatness_db": {"min": 0.0482784248888, "max": 0.431035429239, "dvar2": 0.000407233310398, "median": 0.164598971605, "dmean2": 0.0220931414515, "dmean": 0.0152617748827, "var": 0.00190284778364, "dvar": 0.000205832155189, "mean": 0.166749253869}, "spectral_contrast_valleys": {"min": [-27.9836616516, -28.1260166168, -27.695104599, -27.7332134247, -27.5120544434, -27.4249477386], "max": [-5.72102546692, -4.77680873871, -5.54675340652, -5.75790071487, -5.46030187607, -7.20427846909], "dvar2": [0.339315950871, 0.254125982523, 0.179346621037, 0.168430969119, 0.157947316766, 0.240313410759], "median": [-7.44034957886, -6.74367523193, -7.11247348785, -7.40113353729, -7.33906650543, -10.022851944], "dmean2": [0.714688003063, 0.584294140339, 0.472779393196, 0.429125696421, 0.389022737741, 0.44529774785], "dmean": [0.434103012085, 0.362751215696, 0.301846414804, 0.28252863884, 0.282349556684, 0.352486908436], "var": [5.23909664154, 5.33403587341, 5.09367847443, 4.90431308746, 5.10506248474, 4.56433200836], "dvar": [0.138045936823, 0.112348675728, 0.0871113687754, 0.0868301466107, 0.0902425274253, 0.14686357975], "mean": [-7.80156135559, -7.10314846039, -7.46987199783, -7.73261213303, -7.70165538788, -10.3511419296]}, "barkbands_flatness_db": {"min": 0.0129601592198, "max": 0.337849318981, "dvar2": 0.000564349640626, "median": 0.111574396491, "dmean2": 0.0256467163563, "dmean": 0.0173068922013, "var": 0.0019252630882, "dvar": 0.000281310873106, "mean": 0.118825353682}, "zerocrossingrate": {"min": 0.0068359375, "max": 0.51953125, "dvar2": 0.000272760022199, "median": 0.07177734375, "dmean2": 0.0140093509108, "dmean": 0.0127202542499, "var": 0.00327114481479, "dvar": 0.000235729457927, "mean": 0.0808539837599}, "spectral_skewness": {"min": -0.106152586639, "max": 3.83398985863, "dvar2": 0.110543072224, "median": 1.46280622482, "dmean2": 0.324660867453, "dmean": 0.204205602407, "var": 0.141697302461, "dvar": 0.0431298464537, "mean": 1.45948266983}, "hfc": {"m