{"lowlevel": {"spectral_complexity": {"min": 0, "max": 60, "dvar2": 28.0976581573, "median": 21, "dmean2": 5.36349391937, "dmean": 3.83401679993, "var": 98.0066299438, "dvar": 17.5590629578, "mean": 20.992401123}, "silence_rate_20dB": {"min": 1, "max": 1, "dvar2": 0, "median": 1, "dmean2": 0, "dmean": 0, "var": 0, "dvar": 0, "mean": 1}, "average_loudness": 0.945374846458, "erbbands_spread": {"min": 2.80485606194, "max": 78.7554092407, "dvar2": 55.6799659729, "median": 20.8340148926, "dmean2": 7.82155418396, "dmean": 5.18893432617, "var": 120.453308105, "dvar": 25.059053421, "mean": 23.0707321167}, "spectral_kurtosis": {"min": -1.26459145546, "max": 132.779724121, "dvar2": 137.139022827, "median": 18.7649974823, "dmean2": 8.39937591553, "dmean": 5.37692403793, "var": 147.263809204, "dvar": 52.6546096802, "mean": 21.1783561707}, "barkbands_kurtosis": {"min": -1.62913870811, "max": 93.5996017456, "dvar2": 39.9058952332, "median": 2.36519527435, "dmean2": 3.72685623169, "dmean": 2.31955528259, "var": 30.443195343, "dvar": 15.3133974075, "mean": 3.76363229752}, "spectral_strongpeak": {"min": 0, "max": 181.171310425, "dvar2": 1074.60583496, "median": 0.434317022562, "dmean2": 12.1084003448, "dmean": 6.57835292816, "var": 320.897644043, "dvar": 409.097625732, "mean": 5.08753156662}, "spectral_spread": {"min": 1378557.875, "max": 51729328, "dvar2": 1175988600830.0, "median": 3243409, "dmean2": 680798.375, "dmean": 426877.03125, "var": 25820045246500.0, "dvar": 488432992256, "mean": 3952964}, "spectral_rms": {"min": 3.12693620996e-12, "max": 0.0113963950425, "dvar2": 1.22850838125e-06, "median": 0.00575100397691, "dmean2": 0.00120120972861, "dmean": 0.00079972029198, "var": 4.13912721342e-06, "dvar": 5.43083217508e-07, "mean": 0.00551648391411}, "dynamic_complexity": 2.9971601963, "erbbands": {"min": [7.48880803456e-23, 2.88635748631e-22, 1.07379988757e-21, 1.46598861206e-21, 1.14865547189e-20, 1.56167515279e-20, 2.34397992465e-20, 3.84916542707e-20, 9.07082188446e-20, 1.27716479783e-19, 2.40078445295e-19, 3.61810247497e-19, 4.76652539925e-19, 5.23378731957e-19, 8.98978442157e-19, 1.04876079196e-18, 1.71251646826e-18, 1.86549142504e-18, 2.1604290831e-18, 1.89481497775e-18, 3.71735753103e-18, 5.14122363768e-18, 4.73322424516e-18, 5.92446689763e-18, 7.59203654276e-18, 7.5281641374e-18, 8.49003705064e-18, 9.83719911267e-18, 9.54929972765e-18, 9.12263831334e-18, 1.06934435432e-17, 1.0000202497e-17, 8.4297306209e-18, 8.18791264062e-18, 6.10774820109e-18, 4.08082110578e-18, 2.03255026912e-18, 9.36889473798e-19, 2.49361350472e-19, 2.61127138425e-20], "max": [1.80123913288, 16.0733222961, 44.3083343506, 88.6938476562, 110.389663696, 289.074249268, 847.159912109, 626.497680664, 635.580627441, 1301.95959473, 2123.28979492, 1365.44677734, 1132.04663086, 1347.52758789, 1244.91943359, 1621.06994629, 1178.17346191, 583.917114258, 637.190979004, 586.984313965, 404.13684082, 764.719421387, 1199.69384766, 365.192657471, 479.921142578, 368.658782959, 265.443847656, 149.553161621, 275.62399292, 12.6570558548, 5.59331321716, 1.12824428082, 0.70762604475, 0.476604670286, 0.294871032238, 0.162528157234, 0.111105173826, 0.741132438183, 0.473920673132, 0.113116025925], "dvar2": [0.0597819201648, 2.83119606972, 13.6312274933, 47.4329147339, 70.3375091553, 341.649261475, 1539.34692383, 1315.82836914, 1953.52001953, 8593.6796875, 6460.53271484, 4741.92480469, 10326.3710938, 13431.9697266, 8826.66992188, 9545.29882812, 9137.58691406, 3294.41650391, 2013.69238281, 2622.49414062, 609.351745605, 1173.95361328, 11470.9121094, 626.151428223, 1209.38586426, 309.226593018, 120.404403687, 167.750076294, 408.854858398, 1.36217916012, 0.258868336678, 0.0201935917139, 0.00635846611112, 0.00291332532652, 0.00115431449376, 0.00037535073352, 0.000178773669177, 0.00360566959716, 0.000889191986062, 5.86189271417e-05], "median": [0.0997727662325, 0.845828533173, 1.32129001617, 1.53647768497, 2.15927505493, 4.20439195633, 7.10259485245, 9.52874279022, 10.8371963501, 10.317943573, 13.5611343384, 13.9564676285, 18.6182575226, 29.800195694, 25.9642658234, 28.3232746124, 34.5493240356, 23.0107135773, 20.9243507385, 15.1064043045, 7.52432441711, 4.89472579956, 6.58570575714, 4.02675008774, 3.81959533691, 1.73541367054, 1.39660692215, 1.50121939182, 0.971830070019, 0.173478484154, 0.061290178448, 0.0269133672118, 0.0128531837836, 0.0087338462472, 0.00597585039213, 0.00400616507977, 0.00395266432315, 0.00830150675029, 0.00981841702014, 0.0119723603129], "dmean2": [0.192367449403, 1.3990445137, 2.54672455788, 3.72849106789, 4.86129236221, 9.69175624847, 19.1351070404, 18.6252498627, 23.8533344269, 30.3823261261, 33.4195976257, 32.7489929199, 50.0202789307, 61.2463378906, 50.595664978, 51.0338096619, 56.2697868347, 36.1926193237, 25.7645359039, 29.2997493744, 13.2900028229, 13.2206354141, 34.1436424255, 10.3147354126, 14.1282444, 5.43749713898, 4.06143569946, 5.19882011414, 6.52631998062, 0.542885124683, 0.234543204308, 0.0888302698731, 0.0507964976132, 0.0343286581337, 0.0220015142113, 0.0129979457706, 0.00903037656099, 0.0236266609281, 0.0147063694894, 0.00585730094463], "dmean": [0.111568205059, 0.809026420116, 1.48117411137, 2.29354810715, 2.98052954674, 5.87760782242, 11.9451255798, 11.5129013062, 15.0748529434, 19.4119510651, 21.2429161072, 20.6652832031, 31.2521781921, 38.1382598877, 31.8522872925, 32.9245567322, 35.0888137817, 22.9540538788, 16.8076019287, 18.9251594543, 8.69595432281, 9.06585693359, 21.812379837, 7.30949544907, 9.48451423645, 3.85632491112, 2.87020301819, 3.6434044838, 4.46391582489, 0.386651694775, 0.154975771904, 0.0547152236104, 0.0302513930947, 0.0204880516976, 0.0131987007335, 0.0078402031213, 0.00579563947394, 0.0168329048902, 0.0113596413285, 0.00438623363152], "var": [0.0343401767313, 1.92129552364, 6.77498960495, 27.3120632172, 49.5800819397, 207.682922363, 1244.38793945, 820.921081543, 1938.7166748, 5638.39453125, 6456.64697266, 4309.04736328, 9484.74511719, 9973.11035156, 7369.08691406, 9931.92089844, 6782.62988281, 2944.23046875, 2119.09936523, 2520.59594727, 564.617248535, 797.449707031, 4981.75488281, 573.98614502, 848.128479004, 245.265014648, 102.269691467, 128.580154419, 229.55329895, 1.1385717392, 0.142840325832, 0.00975623633713, 0.00264481711201, 0.00121243624017, 0.000492870633025, 0.000168639526237, 0.00011471954349, 0.0026581864804, 0.00115069292951, 0.000115337068564], "dvar": [0.0209248457104, 0.985131204128, 5.14313650131, 19.5129203796, 28.6378440857, 133.338912964, 680.57409668, 519.687133789, 869.981201172, 3386.19458008, 2851.86743164, 2015.47717285, 4279.0078125, 5131.02587891, 3626.08642578, 4075.73754883, 3541.3203125, 1309.18640137, 849.481201172, 1084.56677246, 264.691955566, 543.140808105, 4647.64111328, 324.196228027, 547.871643066, 155.2371521, 60.3733139038, 78.3126678467, 182.02935791, 0.680581092834, 0.112217590213, 0.00827194936574, 0.00253101834096, 0.00115703814663, 0.00045914540533, 0.000150468840729, 7.84100193414e-05, 0.00170644884929, 0.000510411569849, 3.39908474416e-05], "mean": [0.162852600217, 1.27181243896, 2.10235691071, 3.19103813171, 4.49904584885, 8.71828651428, 17.3393268585, 18.2277050018, 25.4700946808, 31.1253509521, 35.8932037354, 34.2217445374, 52.7969779968, 64.837310791, 55.3925209045, 61.3105049133, 63.0493049622, 42.950630188, 34.9679603577, 34.641834259, 15.6853265762, 13.5736551285, 26.950630188, 11.5916786194, 13.5737762451, 5.6194601059, 4.4762096405, 5.41559123993, 5.7453083992, 0.557641029358, 0.191044062376, 0.0622233636677, 0.0308005772531, 0.0208747461438, 0.0137628642842, 0.00854540430009, 0.00769275333732, 0.0254564192146, 0.0212440919131, 0.014453000389]}, "spectral_contrast_coeffs": {"min": [-0.978651165962, -0.989342451096, -0.98030847311, -0.972824215889, -0.969895660877, -0.965053737164], "max": [-0.345051109791, -0.466821938753, -0.564367175102, -0.614779114723, -0.615168511868, -0.410244345665], "dvar2": [0.00508560566232, 0.00396307231858, 0.0026457416825, 0.00146707054228, 0.00108351826202, 0.00420277472585], "median": [-0.695922613144, -0.770252346992, -0.783883094788, -0.784280359745, -0.809409856796, -0.725771784782], "dmean2": [0.0892568901181, 0.0787699818611, 0.0652192309499, 0.048353459686, 0.038604747504, 0.0751281678677], "dmean": [0.0532921627164, 0.0478086285293, 0.0397920273244, 0.029746633023, 0.024142742157, 0.0491852127016], "var": [0.00685530574992, 0.00512976991013, 0.004255306907, 0.00276737287641, 0.00246474635787, 0.00921701919287], "dvar": [0.00185169652104, 0.00145577068906, 0.00101239455398, 0.000559536507353, 0.000460002978798, 0.00185213622171], "mean": [-0.693438947201, -0.765196025372, -0.779499173164, -0.784560978413, -0.810533225536, -0.723929941654]}, "dissonance": {"min": 0.266768634319, "max": 0.500000119209, "dvar2": 0.00129234592896, "median": 0.471214771271, "dmean2": 0.0377085246146, "dmean": 0.0223026331514, "var": 0.000859536870848, "dvar": 0.000470543949632, "mean": 0.463378041983}, "spectral_energyband_high": {"min": 6.98032758112e-21, "max": 0.0113639868796, "dvar2": 8.0424308635e-07, "median": 0.000219249530346, "dmean2": 0.000398485193728, "dmean": 0.000299131090287, "var": 8.1086039927e-07, "dvar": 4.21732011091e-07, "mean": 0.00051930511836}, "gfcc": {"mean": [-33.8892173767, 111.286376953, -107.483879089, -13.0875282288, -12.1566591263, -18.7707023621, 8.49425125122, -21.194152832, -2.14278507233, -3.49980783463, -3.75754857063, -1.83704185486, -2.36108708382], "icov": [[8.76878984855e-05, -0.000333324831445, 0.00053212500643, -0.000444263481768, 0.000334593059961, -0.000282615917968, 0.000200966314878, -5.41509871255e-05, 8.5102430603e-05, -3.13681266562e-05, -2.30439545703e-05, -1.79148901225e-05, 8.53043165989e-05], [-0.000333324831445, 0.00309132155962, -0.00220567337237, 0.00238321651705, -0.00124692474492, 0.0016080676578, -0.00162035739049, 0.0014552953653, -0.000947183347307, 0.000608888862189, -0.0019599290099, 0.00199713604525, -0.00197935826145], [0.00053212500643, -0.00220567337237, 0.0060987630859, -0.00436624558643, 0.00308908964507, -0.0036634276621, 0.00265840929933, -0.00140856800135, -0.000169679813553, 0.000300888146739, -0.00128470431082, 4.461242861e-05, 0.000115167786134], [-0.000444263481768, 0.00238321651705, -0.00436624558643, 0.00907135382295, -0.0057578147389, 0.00478563830256, -0.00206109508872, -0.00157117517665, 0.0030686352402, -0.00272901635617, 0.00360338226892, -0.00622727908194, 0.00407924549654], [0.000334593059961, -0.00124692474492, 0.00308908964507, -0.0057578147389, 0.0107179153711, -0.00574491778389, -0.0019533871673, 0.00429989024997, -0.00296478578821, 0.00323144509457, -0.00511275790632, 0.0056978603825, -0.00427241344005], [-0.000282615917968, 0.0016080676578, -0.0036634276621, 0.00478563830256, -0.00574491778389, 0.0100259575993, -0.000133752866532, -0.00347257568501, 0.00537942303345, -0.00338574871421, 0.00122921902221, -0.000843974063173, 0.00030634237919], [0.000200966314878, -0.00162035739049, 0.00265840929933, -0.00206109508872, -0.0019533871673, -0.000133752866532, 0.00964528881013, -0.00187655945774, -0.00314296525903, 0.00180796952918, 0.00230169692077, -0.00336696533486, 0.00285880733281], [-5.41509871255e-05, 0.0014552953653, -0.00140856800135, -0.00157117517665, 0.00429989024997, -0.00347257568501, -0.00187655945774, 0.0111361918971, -0.0057075759396, 0.00199308199808, -0.00423254678026, 0.00653714127839, -0.00353484111838], [8.5102430603e-05, -0.000947183347307, -0.000169679813553, 0.0030686352402, -0.00296478578821, 0.00537942303345, -0.00314296525903, -0.0057075759396, 0.0186771415174, -0.010458458215, 0.00469183083624, -0.00416769180447, 0.00511013995856], [-3.13681266562e-05, 0.000608888862189, 0.000300888146739, -0.00272901635617, 0.00323144509457, -0.00338574871421, 0.00180796952918, 0.00199308199808, -0.010458458215, 0.0240959208459, -0.0125797912478, 0.00638089841232, -0.00639124820009], [-2.30439545703e-05, -0.0019599290099, -0.00128470431082, 0.00360338226892, -0.00511275790632, 0.00122921902221, 0.00230169692077, -0.00423254678026, 0.00469183083624, -0.0125797912478, 0.0290136355907, -0.0149361472577, 0.00396838365123], [-1.79148901225e-05, 0.00199713604525, 4.461242861e-05, -0.00622727908194, 0.0056978603825, -0.000843974063173, -0.00336696533486, 0.00653714127839, -0.00416769180447, 0.00638089841232, -0.0149361472577, 0.0240942724049, -0.00802217330784], [8.53043165989e-05, -0.00197935826145, 0.000115167786134, 0.00407924549654, -0.00427241344005, 0.00030634237919, 0.00285880733281, -0.00353484111838, 0.00511013995856, -0.00639124820009, 0.00396838365123, -0.00802217330784, 0.0197844859213]], "cov": [[35733.9140625, 2501.85205078, -3010.9777832, 140.671936035, -22.074640274, -859.62310791, 463.808776855, -783.793762207, -22.8271846771, -153.800750732, -90.4504928589, 55.4921531677, -116.908851624], [2501.85205078, 917.206726074, -130.483551025, -259.1378479, 46.3409843445, -24.9699897766, 18.059129715, -84.3137435913, 32.212928772, 27.9466514587, 43.177028656, -72.2148666382, 90.6512527466], [-3010.9777832, -130.483551025, 691.290283203, 48.4758262634, -58.2916145325, 217.832702637, -164.123916626, 164.101791382, -36.9569892883, 57.2908592224, 56.4606170654, 0.508329093456, 39.9175224304], [140.671936035, -259.1378479, 48.4758262634, 453.58291626, 76.2000808716, -118.722244263, 120.32434845, -34.9450378418, 1.19671308994, -35.0288238525, -11.4222974777, 115.947944641, -87.9920578003], [-22.074640274, 46.3409843445, -58.2916145325, 76.2000808716, 227.668945312, 42.7353630066, 70.3768920898, -59.0599327087, -4.54205036163, -9.94692420959, 11.1796741486, 2.91393446922, 14.0399780273], [-859.62310791, -24.9699897766, 217.832702637, -118.722244263, 42.7353630066, 308.448913574, -113.106941223, 93.823135376, -61.6188011169, 42.5414657593, 32.8349266052, -50.2579841614, 64.6719741821], [463.808776855, 18.059129715, -164.123916626, 120.32434845, 70.3768920898, -113.106941223, 234.257995605, -40.6374855042, 57.6532554626, -36.7709770203, -25.6050167084, 39.2957839966, -53.9082794189], [-783.793762207, -84.3137435913, 164.101791382, -34.9450378418, -59.0599327087, 93.823135376, -40.6374855042, 196.996994019, 27.8623466492, 35.4141998291, 12.9587020874, -36.3480186462, 14.9625654221], [-22.8271846771, 32.212928772, -36.9569892883, 1.19671308994, -4.54205036163, -61.6188011169, 57.6532554626, 27.8623466492, 111.164489746, 27.3595924377, -0.609835326672, 2.43012309074, -18.8564968109], [-153.800750732, 27.9466514587, 57.2908592224, -35.0288238525, -9.94692420959, 42.5414657593, -36.7709770203, 35.4141998291, 27.3595924377, 84.1024475098, 37.6152572632, -7.10950517654, 28.8563117981], [-90.4504928589, 43.177028656, 56.4606170654, -11.4222974777, 11.1796741486, 32.8349266052, -25.6050167084, 12.9587020874, -0.609835326672, 37.6152572632, 73.290184021, 27.9296779633, 23.5902347565], [55.4921531677, -72.2148666382, 0.508329093456, 115.947944641, 2.91393446922, -50.2579841614, 39.2957839966, -36.3480186462, 2.43012309074, -7.10950517654, 27.9296779633, 107.686599731, -7.00050449371], [-116.908851624, 90.6512527466, 39.9175224304, -87.9920578003, 14.0399780273, 64.6719741821, -53.9082794189, 14.9625654221, -18.8564968109, 28.8563117981, 23.5902347565, -7.00050449371, 97.143661499]]}, "spectral_flux": {"min": 6.33330887734e-11, "max": 0.260458558798, "dvar2": 0.000894492084626, "median": 0.103146120906, "dmean2": 0.0320968069136, "dmean": 0.0210079159588, "var": 0.00194361538161, "dvar": 0.000392221321817, "mean": 0.102172508836}, "silence_rate_30dB": {"min": 0, "max": 1, "dvar2": 0.00385190034285, "median": 1, "dmean2": 0.00289540365338, "dmean": 0.00144752708729, "var": 0.000963985628914, "dvar": 0.00144536874723, "mean": 0.99903512001}, "spectral_energyband_middle_high": {"min": 1.19579903147e-21, "max": 0.0736218094826, "dvar2": 4.04395759688e-05, "median": 0.0064493813552, "dmean2": 0.00483172480017, "dmean": 0.00331354304217, "var": 6.96135684848e-05, "dvar": 1.80113220267e-05, "mean": 0.00901412777603}, "barkbands_spread": {"min": 1.66048192978, "max": 77.8738708496, "dvar2": 66.2681655884, "median": 22.218454361, "dmean2": 8.42962741852, "dmean": 5.55579137802, "var": 122.344390869, "dvar": 33.005279541, "mean": 23.8938045502}, "spectral_centroid": {"min": 251.316101074, "max": 11638.7226562, "dvar2": 174075.171875, "median": 1050.41357422, "dmean2": 323.622009277, "dmean": 225.218612671, "var": 2019736.125, "dvar": 93381.015625, "mean": 1336.046875}, "pitch_salience": {"min": 0.146362558007, "max": 0.822175741196, "dvar2": 0.0104317236692, "median": 0.573310017586, "dmean2": 0.119448319077, "dmean": 0.0722755789757, "var": 0.0117874043062, "dvar": 0.00392858171836, "mean": 0.567975223064}, "erbbands_skewness": {"min": -2.76780629158, "max": 3.86510038376, "dvar2": 0.214782729745, "median": 0.0840217545629, "dmean2": 0.536595106125, "dmean": 0.348670452833, "var": 0.474288076162, "dvar": 0.0940705612302, "mean": 0.0881213620305}, "erbbands_crest": {"min": 2.28534722328, "max": 29.3140354156, "dvar2": 15.1872463226, "median": 8.10105419159, "dmean2": 4.27771854401, "dmean": 2.61326956749, "var": 14.5112218857, "dvar": 5.97845697403, "mean": 8.89713573456}, "melbands": {"min": [5.21248964329e-25, 9.06262044757e-25, 6.75884782325e-25, 1.00070526119e-24, 1.08095095348e-24, 6.57668209087e-25, 1.38140391342e-24, 1.41513738066e-24, 1.31061626895e-24, 2.51950044391e-24, 2.40121903421e-24, 1.73642386128e-24, 2.00637087975e-24, 1.40953005874e-24, 2.45749025752e-24, 3.70224807936e-24, 3.3528765728e-24, 2.57570599455e-24, 2.81059642883e-24, 2.15232868545e-24, 2.43384454632e-24, 4.1777186072e-24, 4.12320437434e-24, 4.11633536801e-24, 3.62411022341e-24, 4.33235072741e-24, 2.85481208256e-24, 4.83814427958e-24, 4.83162986622e-24, 3.71692404765e-24, 5.02892161204e-24, 5.14060380583e-24, 4.91902579376e-24, 4.73096569269e-24, 5.41929100871e-24, 5.4521845363e-24, 5.72229445456e-24, 5.60380794102e-24, 5.76530788427e-24, 5.78426855056e-24], "max": [0.0189666803926, 0.0165124833584, 0.0170649457723, 0.0112981023267, 0.0300742443651, 0.0127153685316, 0.00949218031019, 0.0120515972376, 0.0141842365265, 0.00740711623803, 0.00588163826615, 0.0056507633999, 0.00580321578309, 0.00890041142702, 0.00280479039066, 0.00192709185649, 0.00099930097349, 0.00100458832458, 0.00125129113439, 0.000854959595017, 0.00043101439951, 0.000752679537982, 0.000894658034667, 0.00105032476131, 0.000291934178676, 0.000404492748203, 0.00034567451803, 0.000235398532823, 0.000186047051102, 0.00010932006262, 0.000135168709676, 0.00024424403091, 1.84223390534e-05, 5.16619229529e-06, 3.12313181894e-06, 2.11669112105e-06, 6.03390617471e-07, 5.0163890819e-07, 4.4101315666e-07, 3.88209429047e-07], "dvar2": [4.08981213695e-06, 3.39269877259e-06, 1.27383032122e-06, 5.35730521278e-07, 1.83096983619e-06, 5.71612247313e-07, 4.61965299792e-07, 9.77709987637e-07, 3.54115485379e-07, 1.78733600364e-07, 2.86065869659e-07, 2.35072391774e-07, 1.34011969521e-07, 1.10232548423e-07, 6.89190002845e-08, 4.04053679404e-08, 1.0213481616e-08, 5.26587529137e-09, 8.9420790772e-09, 3.83941367588e-09, 6.77807310279e-10, 1.18792986559e-09, 5.83689541145e-09, 5.83447601343e-09, 3.35408867347e-10, 1.21697085742e-09, 2.43556813606e-10, 1.3691010825e-10, 6.94128435286e-11, 2.67452900105e-11, 1.28281982259e-10, 3.34471894625e-10, 1.39413740968e-12, 1.4228218213e-13, 9.57982337121e-14, 3.60994057997e-14, 4.88975095088e-15, 3.23392393526e-15, 2.47249298468e-15, 1.94180757323e-15], "median": [0.00107813777868, 0.000963361060712, 0.000307997746859, 0.00023303492344, 0.000254851998761, 0.000206243057619, 0.000165606339579, 0.000114253933134, 0.000112392946903, 8.0814192188e-05, 9.0972345788e-05, 0.000117175550258, 9.23817860894e-05, 6.26095279586e-05, 7.99311965238e-05, 6.52711969451e-05, 3.66800704796e-05, 3.02658827422e-05, 2.56230960076e-05, 1.48193794303e-05, 5.98892938797e-06, 3.94803964809e-06, 5.82756138101e-06, 5.03154024045e-06, 2.4524199489e-06, 3.34884066433e-06, 1.53645066803e-06, 9.34970614708e-07, 8.10614210423e-07, 7.15305759513e-07, 8.03237412583e-07, 6.87875683525e-07, 1.40862795206e-07, 5.26926982047e-08, 3.4374160407e-08, 2.20865725709e-08, 1.20770549117e-08, 8.42840996995e-09, 7.59291651775e-09, 7.12430026084e-09], "dmean2": [0.00169242965057, 0.00143672898412, 0.000646913365927, 0.000426363607403, 0.000664609426167, 0.000405112688895, 0.000366759049939, 0.000351742288331, 0.000273137207842, 0.000203281655558, 0.000263001769781, 0.000257099891314, 0.000197813860723, 0.000156431662617, 0.000150342966663, 0.000126955332235, 6.41708975309e-05, 4.19850985054e-05, 4.96175962326e-05, 3.39108446497e-05, 1.31531096486e-05, 1.31651586344e-05, 2.61407876678e-05, 2.53536600212e-05, 7.10935546522e-06, 1.42833023347e-05, 5.16766476721e-06, 3.57459043698e-06, 2.91460719382e-06, 2.17137107938e-06, 4.1030129978e-06, 5.7296651903e-06, 4.98960673667e-07, 1.8991246975e-07, 1.44945715874e-07, 8.73148522373e-08, 4.50945663033e-08, 3.6094363054e-08, 3.14452464067e-08, 2.80743268632e-08], "dmean": [0.00098566536326, 0.000837061787024, 0.000401956494898, 0.000260959379375, 0.000413565547206, 0.00025196975912, 0.000232217877056, 0.000223567069042, 0.000173687454662, 0.000128137791762, 0.000164069453604, 0.000159588511451, 0.000124423022498, 0.000100320052297, 9.4081638963e-05, 7.89089681348e-05, 4.03390658903e-05, 2.68642579613e-05, 3.17631856888e-05, 2.17622819036e-05, 8.51434833748e-06, 8.74027773534e-06, 1.70926468854e-05, 1.62968171935e-05, 4.89340982313e-06, 9.32882085181e-06, 3.55825864062e-06, 2.45929095399e-06, 1.99724217964e-06, 1.4777533579e-06, 2.81284701487e-06, 3.86896545024e-06, 3.39844177688e-07, 1.27691677676e-07, 9.47636635829e-08, 5.43281899468e-08, 2.69226401173e-08, 2.14479793925e-08, 1.87230302373e-08, 1.67668297024e-08], "var": [2.82853716271e-06, 2.00043973564e-06, 8.74160434705e-07, 3.36526852607e-07, 1.40894042033e-06, 3.90755616309e-07, 4.37173753198e-07, 6.96474899087e-07, 3.56480370556e-07, 1.518946533e-07, 2.56475857441e-07, 1.71555427642e-07, 1.02480306907e-07, 1.21708438883e-07, 5.17890867968e-08, 3.15345864976e-08, 8.67003269178e-09, 5.01797048358e-09, 7.61016494266e-09, 3.46066153512e-09, 5.42354328115e-10, 7.19018122819e-10, 3.01066527264e-09, 2.6261566255e-09, 2.7546878667e-10, 8.09513955868e-10, 1.70615868655e-10, 1.00228485234e-10, 4.93910572164e-11, 2.39340023495e-11, 8.0551558479e-11, 1.78949355334e-10, 9.0206737479e-13, 1.00701815864e-13, 5.26649240168e-14, 1.50152480239e-14, 2.09555654689e-15, 1.33019896333e-15, 1.01958816993e-15, 8.09467141923e-16], "dvar": [1.44387536238e-06, 1.22424773963e-06, 5.35605977348e-07, 2.07737841151e-07, 7.89789396549e-07, 2.2946089473e-07, 2.01539805289e-07, 3.83270815973e-07, 1.56040584898e-07, 7.48963984165e-08, 1.18081814549e-07, 8.92623930326e-08, 5.57293304837e-08, 4.87047913111e-08, 2.7403297409e-08, 1.57268083001e-08, 4.04753386363e-09, 2.16597495495e-09, 3.65556629411e-09, 1.62046931429e-09, 2.914521402e-10, 5.26243826293e-10, 2.4872208737e-09, 2.39234898558e-09, 1.68002514678e-10, 5.3910798048e-10, 1.15163753533e-10, 6.67707833468e-11, 3.27013277568e-11, 1.29073375252e-11, 5.71854126552e-11, 1.46980413951e-10, 6.40495143901e-13, 6.66585859318e-14, 4.16256757524e-14, 1.45289477741e-14, 1.95724009001e-15, 1.28526778301e-15, 9.8187307504e-16, 7.70984529305e-16], "mean": [0.0016057624016, 0.00135972141288, 0.000609667040408, 0.000413333502365, 0.000612931267824, 0.000401412049541, 0.000393354683183, 0.000356229429599, 0.000290923868306, 0.000204161144211, 0.000267994881142, 0.000265565846348, 0.000200878552278, 0.000168916536495, 0.00015877916303, 0.000132704430143, 7.10793101462e-05, 5.21144429513e-05, 5.58076390007e-05, 3.70903726434e-05, 1.37780925797e-05, 1.21763914649e-05, 2.21946720558e-05, 2.00367339858e-05, 7.3819642239e-06, 1.29740719785e-05, 4.99671750731e-06, 3.39015673489e-06, 2.86196859633e-06, 2.35837183027e-06, 3.83094720746e-06, 4.79632217321e-06, 4.6162841727e-07, 1.67012686347e-07, 1.13548132674e-07, 6.13922424009e-08, 2.82763537029e-08, 2.13066861932e-08, 1.87992021949e-08, 1.70510574549e-08]}, "barkbands_skewness": {"min": -2.11084604263, "max": 8.26133918762, "dvar2": 0.534389913082, "median": 1.19014978409, "dmean2": 0.735417187214, "dmean": 0.473124623299, "var": 1.02513349056, "dvar": 0.219942346215, "mean": 1.27473247051}, "spectral_entropy": {"min": 5.76895999908, "max": 9.82468509674, "dvar2": 0.0524627268314, "median": 7.40321874619, "dmean2": 0.241105496883, "dmean": 0.160720705986, "var": 0.212902009487, "dvar": 0.0233447887003, "mean": 7.41812133789}, "spectral_rolloff": {"min": 21.533203125, "max": 22050, "dvar2": 134184048, "median": 20973.3398438, "dmean2": 8815.1953125, "dmean": 4595.61279297, "var": 81779008, "dvar": 56276780, "mean": 14766.4003906}, "barkbands": {"min": [1.27928981354e-25, 1.8711070697e-24, 6.52410056723e-25, 3.05566800055e-25, 6.00806799494e-24, 2.09499131663e-24, 5.58144176221e-24, 6.75794891625e-24, 1.62247862276e-23, 1.2276117723e-23, 1.28317432241e-23, 2.4364319312e-23, 3.24675711056e-23, 2.34043923418e-23, 3.8096645867e-23, 3.99034781279e-23, 6.3394572594e-23, 8.59794520512e-23, 1.18635049731e-22, 1.54270850315e-22, 2.12594101207e-22, 2.66067208061e-22, 3.75235182245e-22, 5.94214310997e-22, 7.96697108666e-22, 1.19558829833e-21, 1.77151229495e-21], "max": [0.0200942866504, 0.069239102304, 0.0466809533536, 0.0498603656888, 0.103710852563, 0.057522572577, 0.0534168258309, 0.0907864421606, 0.0669768601656, 0.054833188653, 0.0391160696745, 0.0637622326612, 0.0218670368195, 0.0104785952717, 0.0125787789002, 0.00824766792357, 0.0142515301704, 0.0192776247859, 0.00875788833946, 0.00762746483088, 0.00468625174835, 0.00680957874283, 0.000185157521628, 4.55684130429e-05, 4.19810130552e-05, 5.09997153131e-05, 0.003857701784], "dvar2": [5.47299987375e-06, 5.1183753385e-05, 1.36131529871e-05, 8.75531532074e-06, 2.72385605058e-05, 1.40011279655e-05, 1.77078400156e-05, 1.87688638107e-05, 8.83159464138e-06, 1.43047036545e-05, 9.03927048057e-06, 7.23939501768e-06, 5.06470496475e-06, 8.22916092602e-07, 1.25108442717e-06, 4.52282137076e-07, 3.43352098753e-07, 2.56609996541e-06, 3.82736089932e-07, 1.41132673548e-07, 4.57520989983e-08, 2.89923463015e-07, 2.90725638008e-10, 2.60555049758e-11, 2.3004863639e-11, 4.24887139361e-11, 9.95799851466e-08], "median": [0.00036727549741, 0.0039225933142, 0.000870597781613, 0.000500689726323, 0.00137086212635, 0.00103488180321, 0.000640060927253, 0.000492218299769, 0.000611501338426, 0.000649394583888, 0.000681831385009, 0.000588362338021, 0.00080234312918, 0.000305138673866, 0.000384053011658, 0.000156906156917, 6.93497786415e-05, 0.000113444664748, 8.29947457532e-05, 3.28905771312e-05, 3.05757203023e-05, 2.37769399973e-05, 2.19637968257e-06, 9.0348453341e-07, 8.00635916676e-07, 1.82523501735e-06, 0.000257676845649], "dmean2": [0.00138580880594, 0.00609182193875, 0.00224348390475, 0.00148946442641, 0.00277110212483, 0.00204848940484, 0.00186331965961, 0.00165682379156, 0.00148310035001, 0.00195396807976, 0.00162368651945, 0.0013501214562, 0.00143688719254, 0.000552763405722, 0.000631380360574, 0.000358846533345, 0.000219933819608, 0.000531270692591, 0.000260169239482, 0.000114301001304, 8.68413844728e-05, 0.000173090476892, 8.47604314913e-06, 3.31428168465e-06, 3.07801178678e-06, 4.54575274489e-06, 0.000212886792724], "dmean": [0.000821240479127, 0.00353433284909, 0.00131730828434, 0.00092893873807, 0.00171506544575, 0.00129885517526, 0.00118127919268, 0.00104198581539, 0.000937190081459, 0.00120547588449, 0.00101784185972, 0.000868913310114, 0.000896206358448, 0.00034465000499, 0.000407433108194, 0.000229495009989, 0.000147414000821, 0.00034515792504, 0.000176893023308, 8.1412770669e-05, 6.07902584306e-05, 0.000117963842058, 5.64402944292e-06, 1.97958752324e-06, 1.84182522389e-06, 2.86733279609e-06, 0.000157448099344], "var": [2.97937367577e-06, 3.56779673893e-05, 5.99634540777e-06, 5.85298175793e-06, 1.8556645955e-05, 1.11645113066e-05, 1.32972863867e-05, 1.70437360794e-05, 8.09893754194e-06, 1.17536783364e-05, 6.97425139151e-06, 8.10071196611e-06, 4.09257700085e-06, 6.32605065221e-07, 1.18908315017e-06, 3.76628548793e-07, 2.10752034491e-07, 1.22204983199e-06, 2.92072314778e-07, 1.1298509861e-07, 4.12935676763e-08, 1.6128709035e-07, 1.83078552318e-10, 1.11621788201e-11, 9.68674793156e-12, 2.53687817281e-11, 1.63528696362e-07], "dvar": [2.27957275456e-06, 1.78827212949e-05, 5.26347776031e-06, 3.68396717931e-06, 1.10544478957e-05, 5.91706930209e-06, 7.31718728275e-06, 7.75482294557e-06, 3.77921219297e-06, 5.67085908187e-06, 3.77100082005e-06, 3.19916716762e-06, 1.97484882847e-06, 3.31619389726e-07, 5.23624407833e-07, 1.89260930483e-07, 1.53130187641e-07, 1.06609502382e-06, 1.78838249099e-07, 7.13889676263e-08, 2.25919194463e-08, 1.28272631628e-07, 1.31309615958e-10, 1.04263628981e-11, 9.13912695522e-12, 1.82052758285e-11, 5.72636089657e-08], "mean": [0.000951441004872, 0.0057319928892, 0.00161385803949, 0.00126414897386, 0.00269178929739, 0.00205469341017, 0.00184764713049, 0.00160958594643, 0.00149935705122, 0.00193165626843, 0.00155520054977, 0.00149939849507, 0.001531022368, 0.000579858082347, 0.000753350381274, 0.000378764380002, 0.000208341967664, 0.000439491297584, 0.00026481813984, 0.000114993192255, 9.86817976809e-05, 0.000149984523887, 7.0661094469e-06, 2.08148071579e-06, 1.89187665001e-06, 3.63203662346e-06, 0.000382053171052]}, "melbands_flatness_db": {"min": 0.00317500880919, "max": 0.466513812542, "dvar2": 0.00156104238704, "median": 0.235255628824, "dmean2": 0.0462224967778, "dmean": 0.0298656430095, "var": 0.00377528602257, "dvar": 0.000670849345624, "mean": 0.234442785382}, "melbands_skewness": {"min": -1.62050187588, "max": 8.84718990326, "dvar2": 0.702698945999, "median": 1.32856786251, "dmean2": 0.8799290061, "dmean": 0.558247208595, "var": 1.24485075474, "dvar": 0.278379440308, "mean": 1.49637031555}, "silence_rate_60dB": {"min": 0, "max": 1, "dvar2": 0.00935183931142, "median": 0, "dmean2": 0.0077210762538, "dmean": 0.00386007246561, "var": 0.0613092817366, "dvar": 0.00384552497417, "mean": 0.0656133145094}, "spectral_energyband_low": {"min": 1.44309417727e-23, "max": 0.0774416700006, "dvar2": 7.75426451582e-05, "median": 0.00663243094459, "dmean2": 0.00767896650359, "dmean": 0.00455067958683, "var": 5.80417836318e-05, "dvar": 2.80474687315e-05, "mean": 0.00856632459909}, "spectral_energyband_middle_low": {"min": 1.3976100983e-22, "max": 0.126215621829, "dvar2": 8.71146185091e-05, "median": 0.00859716441482, "dmean2": 0.00680674007162, "dmean": 0.00445422809571, "var": 0.000115408882266, "dvar": 3.69607623725e-05, "mean": 0.0115626025945}, "melbands_kurtosis": {"min": -1.81081926823, "max": 99.8161315918, "dvar2": 61.1157150269, "median": 1.96872282028, "dmean2": 4.74149656296, "dmean": 2.94365239143, "var": 53.1773223877, "dvar": 24.2830963135, "mean": 4.0268573761}, "spectral_decrease": {"min": -3.34261827106e-08, "max": 7.8435640205e-09, "dvar2": 1.08073570669e-17, "median": -4.96278795836e-09, "dmean2": 3.08760261802e-09, "dmean": 1.96930560747e-09, "var": 1.46681274502e-17, "dvar": 4.32675265524e-18, "mean": -5.46476774943e-09}, "erbbands_kurtosis": {"min": -1.6606836319, "max": 23.6330471039, "dvar2": 3.37265324593, "median": 0.39332652092, "dmean2": 1.5938898325, "dmean": 1.00768256187, "var": 4.06255197525, "dvar": 1.39595270157, "mean": 0.997507870197}, "melbands_crest": {"min": 1.60667097569, "max": 33.6528930664, "dvar2": 23.5486106873, "median": 11.5367250443, "dmean2": 5.63453960419, "dmean": 3.38516712189, "var": 24.5541095734, "dvar": 8.69524288177, "mean": 12.3075199127}, "mfcc": {"mean": [-680.516540527, 175.065719604, -34.4687843323, 23.2392520905, -11.227763176, 17.7527999878, 4.86476802826, 1.13544094563, 3.94639277458, -2.26892209053, 7.3510632515, -0.725603878498, -0.973047852516], "icov": [[0.000190223101526, -0.000257110077655, 0.000228800650802, -0.000259156251559, 9.08034489839e-05, -6.79694203427e-05, 3.77429678338e-05, -9.26251814235e-05, 0.000214134328417, -5.65392401768e-05, 0.000111906738312, -0.000244771479629, 0.000183571726666], [-0.000257110077655, 0.00106277014129, -0.00016690697521, 0.00047345837811, 0.000102443780634, -0.000258730782662, -0.000427344406489, 0.000947695574723, -0.000746147008613, 4.02496407332e-05, -0.000652722723316, 0.000741063151509, -0.000629277317785], [0.000228800650802, -0.00016690697521, 0.00266297440976, 7.80742775532e-05, -0.00151555729099, 0.00151507928967, -3.85056555388e-05, -0.000558210769668, 0.00114449090324, -0.00024917916744, -0.000361419719411, -0.000159203758813, -0.000380568730179], [-0.000259156251559, 0.00047345837811, 7.80742775532e-05, 0.00325875473209, 0.000639828387648, -0.00120182393584, 0.00122152210679, -0.00178502488416, -0.000203814561246, 0.00156809983309, -0.00136717048008, -8.67804337759e-05, -0.000722016324289], [9.08034489839e-05, 0.000102443780634, -0.00151555729099, 0.000639828387648, 0.00779713736847, -0.00231479271315, -0.00282026082277, 0.00113025482278, 0.000775664870162, -0.00140812131576, 0.00153204915114, -0.0013557956554, -0.000324583699694], [-6.79694203427e-05, -0.000258730782662, 0.00151507928967, -0.00120182393584, -0.00231479271315, 0.0097234826535, -0.00367330294102, 0.000641187943984, 0.000437603244791, 0.00250393641181, -0.000666762702167, 0.00181330274791, -0.00209074979648], [3.77429678338e-05, -0.000427344406489, -3.85056555388e-05, 0.00122152210679, -0.00282026082277, -0.00367330294102, 0.01291074045, -0.00363150355406, -0.00231537455693, 0.000708743522409, 0.00221411860548, -0.0022460706532, 0.000541050161701], [-9.26251814235e-05, 0.000947695574723, -0.000558210769668, -0.00178502488416, 0.00113025482278, 0.000641187943984, -0.00363150355406, 0.0123683698475, -0.00274823326617, 0.00110782380216, -0.00334739033133, 0.00134647067171, -0.000331525574438], [0.000214134328417, -0.000746147008613, 0.00114449090324, -0.000203814561246, 0.000775664870162, 0.000437603244791, -0.00231537455693, -0.00274823326617, 0.0171676911414, -0.0071908175014, 0.00105266459286, -0.00352274836041, 0.00323276990093], [-5.65392401768e-05, 4.02496407332e-05, -0.00024917916744, 0.00156809983309, -0.00140812131576, 0.00250393641181, 0.000708743522409, 0.00110782380216, -0.0071908175014, 0.0144606605172, -0.0042275628075, 0.00222767982632, -0.00272007985041], [0.000111906738312, -0.000652722723316, -0.000361419719411, -0.00136717048008, 0.00153204915114, -0.000666762702167, 0.00221411860548, -0.00334739033133, 0.00105266459286, -0.0042275628075, 0.0157669819891, -0.00558936409652, 0.00407306896523], [-0.000244771479629, 0.000741063151509, -0.000159203758813, -8.67804337759e-05, -0.0013557956554, 0.00181330274791, -0.0022460706532, 0.00134647067171, -0.00352274836041, 0.00222767982632, -0.00558936409652, 0.0255264937878, -0.013509455137], [0.000183571726666, -0.000629277317785, -0.000380568730179, -0.000722016324289, -0.000324583699694, -0.00209074979648, 0.000541050161701, -0.000331525574438, 0.00323276990093, -0.00272007985041, 0.00407306896523, -0.013509455137, 0.021662639454]], "cov": [[11871.1650391, 2290.32202148, -1414.44592285, 1082.1920166, -494.173828125, 411.447662354, -47.7065658569, 60.4523735046, -11.4205226898, -202.473587036, 112.723869324, 3.68710327148, -31.0375556946], [2290.32202148, 1728.24194336, -187.037643433, -115.296867371, -12.3261594772, 97.6122817993, 57.0889434814, -113.836524963, 54.4655838013, 36.7798156738, 12.2643594742, -9.97013664246, 17.7013092041], [-1414.44592285, -187.037643433, 657.148864746, -212.112289429, 156.682937622, -110.653884888, 16.0737266541, -14.2871789932, -19.3772068024, 53.1534690857, -11.0116872787, 16.6095790863, 24.0705127716], [1082.1920166, -115.296867371, -212.112289429, 623.317199707, -138.884567261, 83.1662979126, -50.493473053, 110.408401489, -23.6554470062, -95.3465042114, 63.9255638123, 9.40237522125, -1.17245328426], [-494.173828125, -12.3261594772, 156.682937622, -138.884567261, 233.769363403, 35.0231437683, 73.6587142944, -31.6624584198, -3.53465437889, 20.7999019623, -38.7416687012, 18.4799938202, 28.4600639343], [411.447662354, 97.6122817993, -110.653884888, 83.1662979126, 35.0231437683, 180.082550049, 56.5512695312, 5.16108179092, -11.7871160507, -47.2003669739, -11.8978176117, 3.29149413109, 16.8706912994], [-47.7065658569, 57.0889434814, 16.0737266541, -50.493473053, 73.6587142944, 56.5512695312, 129.015762329, 13.8830738068, 16.8866004944, -2.01174259186, -21.740655899, 13.4342012405, 13.906952858], [60.4523735046, -113.836524963, -14.2871789932, 110.408401489, -31.6624584198, 5.16108179092, 13.8830738068, 124.070579529, 14.8738908768, -11.1588563919, 30.5494441986, 3.26354861259, -6.14404344559], [-11.4205226898, 54.4655838013, -19.3772068024, -23.6554470062, -3.53465437889, -11.7871160507, 16.8866004944, 14.8738908768, 88.3132400513, 46.7422332764, 11.0724229813, 6.83556461334, -5.96362781525], [-202.473587036, 36.7798156738, 53.1534690857, -95.3465042114, 20.7999019623, -47.2003669739, -2.01174259186, -11.1588563919, 46.7422332764, 119.523406982, 19.2809295654, 3.60862970352, 2.83347249031], [112.723869324, 12.2643594742, -11.0116872787, 63.9255638123, -38.7416687012, -11.8978176117, -21.740655899, 30.5494441986, 11.0724229813, 19.2809295654, 91.9859924316, 11.500957489, -8.73451900482], [3.68710327148, -9.97013664246, 16.6095790863, 9.40237522125, 18.4799938202, 3.29149413109, 13.4342012405, 3.26354861259, 6.83556461334, 3.60862970352, 11.500957489, 64.7941665649, 38.2714195251], [-31.0375556946, 17.7013092041, 24.0705127716, -1.17245328426, 28.4600639343, 16.8706912994, 13.906952858, -6.14404344559, -5.96362781525, 2.83347249031, -8.73451900482, 38.2714195251, 75.6919784546]]}, "spectral_energy": {"min": 1.00221736161e-20, "max": 0.133124768734, "dvar2": 0.000239211789449, "median": 0.0339008979499, "dmean2": 0.0151630751789, "dmean": 0.0100029269233, "var": 0.000423380930442, "dvar": 0.000104966973595, "mean": 0.0354349799454}, "melbands_spread": {"min": 1.48314619064, "max": 164.036819458, "dvar2": 113.412506104, "median": 21.5496959686, "dmean2": 9.51718425751, "dmean": 6.31098127365, "var": 383.177947998, "dvar": 54.8190422058, "mean": 25.7795562744}, "erbbands_flatness_db": {"min": 0.0354692228138, "max": 0.390977859497, "dvar2": 0.000816533982288, "median": 0.173639193177, "dmean2": 0.0339400358498, "dmean": 0.0219073593616, "var": 0.00183787173592, "dvar": 0.00033502856968, "mean": 0.1767911762}, "spectral_contrast_valleys": {"min": [-28.2132701874, -28.3288402557, -27.7938575745, -27.7254161835, -27.551908493, -27.4112911224], "max": [-5.50014734268, -4.75346946716, -5.06665658951, -5.54029750824, -5.25366258621, -9.17610359192], "dvar2": [0.309285610914, 0.214963421226, 0.16300855577, 0.139219239354, 0.237640500069, 0.818744599819], "median": [-6.82003259659, -6.22054767609, -6.56402301788, -7.03968667984, -7.69601535797, -11.2619962692], "dmean2": [0.672730624676, 0.560618937016, 0.468260586262, 0.412423700094, 0.461864978075, 1.05790007114], "dmean": [0.395798206329, 0.347630739212, 0.299977570772, 0.276575118303, 0.342246770859, 0.659595251083], "var": [8.70375061035, 9.08350372314, 8.74736213684, 8.52147388458, 8.28102207184, 5.74130487442], "dvar": [0.119668915868, 0.0970210134983, 0.0805490985513, 0.0773816406727, 0.130831629038, 0.306659042835], "mean": [-7.42270374298, -6.78036165237, -7.10977363586, -7.60860204697, -8.19469356537, -11.6887454987]}, "barkbands_flatness_db": {"min": 0.0458083003759, "max": 0.311168402433, "dvar2": 0.000920331745874, "median": 0.132056966424, "dmean2": 0.0354313850403, "dmean": 0.0226104445755, "var": 0.00154115713667, "dvar": 0.000383470585803, "mean": 0.134347453713}, "zerocrossingrate": {"min": 0, "max": 0.65576171875, "dvar2": 0.0014114085352, "median": 0.27734375, "dmean2": 0.0424165539443, "dmean": 0.0332894735038, "var": 0.00543013215065, "dvar": 0.000864337547682, "mean": 0.286755144596}, "spectral_skewness": {"min": -0.0802041292191, "max": 9.63350391388, "dvar2": 0.530682265759, "median": 2.87819647789, "dmean2": 0.612327158451, "dmean": 0.41396972537, "var": 1.13438546658, "