{"lowlevel": {"spectral_complexity": {"min": 0, "max": 49, "dvar2": 24.1189937592, "median": 16, "dmean2": 4.89468383789, "dmean": 3.39375710487, "var": 64.1507110596, "dvar": 13.2138309479, "mean": 16.8963394165}, "silence_rate_20dB": {"min": 1, "max": 1, "dvar2": 0, "median": 1, "dmean2": 0, "dmean": 0, "var": 0, "dvar": 0, "mean": 1}, "average_loudness": 0.908877313137, "erbbands_spread": {"min": 2.09557580948, "max": 146.992523193, "dvar2": 256.174865723, "median": 23.892868042, "dmean2": 12.5397281647, "dmean": 8.04160308838, "var": 363.992340088, "dvar": 107.305503845, "mean": 28.9735469818}, "spectral_kurtosis": {"min": -1.26748359203, "max": 39.1298904419, "dvar2": 21.5865421295, "median": 4.65975856781, "dmean2": 4.74387407303, "dmean": 2.67991876602, "var": 16.3369407654, "dvar": 7.22046852112, "mean": 5.618039608}, "barkbands_kurtosis": {"min": -1.918846488, "max": 77.5824432373, "dvar2": 38.5908355713, "median": -0.648638546467, "dmean2": 2.99395108223, "dmean": 1.79495716095, "var": 22.8565177917, "dvar": 14.1897497177, "mean": 0.948244094849}, "spectral_strongpeak": {"min": 0, "max": 19.5492782593, "dvar2": 5.52282476425, "median": 0.381023049355, "dmean2": 1.42251038551, "dmean": 0.826955080032, "var": 4.23858642578, "dvar": 2.23608756065, "mean": 1.35172021389}, "spectral_spread": {"min": 1241053.625, "max": 43038976, "dvar2": 586892771328, "median": 2717497.25, "dmean2": 446548.4375, "dmean": 295227.40625, "var": 8333247905790.0, "dvar": 360009236480, "mean": 3042652.5}, "spectral_rms": {"min": 3.13181902287e-12, "max": 0.014005756937, "dvar2": 1.96391943064e-06, "median": 0.00343024171889, "dmean2": 0.00101775093935, "dmean": 0.000655684329104, "var": 2.11538190342e-06, "dvar": 8.02408806067e-07, "mean": 0.00350808305666}, "dynamic_complexity": 2.94185519218, "erbbands": {"min": [6.81562379921e-23, 1.05859701069e-21, 2.76441115191e-21, 1.74958635416e-21, 5.72587587044e-21, 2.41902847066e-20, 8.75842743261e-20, 5.02410020084e-20, 7.40943285532e-20, 1.62479029369e-19, 3.0205324663e-19, 3.47260941853e-19, 8.01617371204e-19, 1.11282841194e-18, 8.79821249363e-19, 1.43796653756e-18, 1.28400630528e-18, 1.95590640189e-18, 1.62707274349e-18, 4.14387377515e-18, 3.47866712065e-18, 4.44135770192e-18, 5.99530581811e-18, 5.91774895029e-18, 7.48378672472e-18, 8.78879648992e-18, 1.05148908177e-17, 9.46726988067e-18, 1.12810056488e-17, 1.26674372832e-17, 1.05934448518e-17, 9.90918533266e-18, 9.6027240147e-18, 8.24140723802e-18, 7.31360341267e-18, 4.31535162485e-18, 2.463752905e-18, 9.08927046781e-19, 2.49780472549e-19, 3.14891018651e-20], "max": [0.243938580155, 4.5101275444, 49.5009002686, 205.635742188, 150.748397827, 115.113357544, 138.092208862, 2165.97607422, 2273.11694336, 2647.74682617, 358.394744873, 577.484924316, 143.562988281, 167.968475342, 276.949676514, 487.939880371, 562.410522461, 928.734313965, 1140.9732666, 1395.23962402, 1537.59533691, 791.671691895, 2035.54309082, 1337.4699707, 1151.84301758, 520.382385254, 197.198196411, 102.733657837, 137.345932007, 36.9184761047, 32.9845428467, 9.99812030792, 6.76423120499, 1.08847761154, 0.351921528578, 0.187790453434, 0.030334752053, 0.00800202880055, 0.000841609609779, 0.000228359393077], "dvar2": [0.000713021960109, 0.267959684134, 31.4354705811, 375.47354126, 216.05380249, 146.383590698, 173.515228271, 1517.29003906, 2156.57739258, 2631.9453125, 157.268707275, 306.878204346, 51.6119880676, 114.151092529, 385.222595215, 398.690185547, 632.830627441, 889.210144043, 3858.9921875, 5117.48144531, 6901.66894531, 4877.81933594, 5083.16162109, 2071.15722656, 2340.84375, 600.510742188, 40.5582351685, 33.2767982483, 87.8451461792, 5.14667224884, 7.4699177742, 0.264637351036, 0.0657043382525, 0.00531824678183, 0.00053314230172, 5.22766495124e-05, 2.68488633992e-06, 1.61380071972e-07, 1.83991111236e-09, 3.13128190044e-10], "median": [0.00601570727304, 0.135834753513, 1.13855361938, 2.79055023193, 2.16100811958, 1.08320212364, 1.24719250202, 1.22220110893, 0.685431241989, 0.524365603924, 0.869474947453, 1.18824887276, 1.35300898552, 1.74656391144, 1.77499127388, 2.2871325016, 3.12819886208, 5.75999069214, 15.7363147736, 22.8116893768, 25.5099334717, 24.9972076416, 33.1386070251, 24.5793457031, 21.5451450348, 8.97846031189, 2.77420139313, 2.22928953171, 2.10781764984, 0.807664036751, 0.439587444067, 0.185490339994, 0.0946204662323, 0.0384724661708, 0.00810636207461, 0.00109263136983, 0.000238183274632, 6.13464944763e-05, 1.75364311872e-05, 1.63362456078e-05], "dmean2": [0.0167656540871, 0.310228228569, 2.71011686325, 7.70311450958, 6.24020004272, 4.73414611816, 4.51509523392, 7.94152927399, 8.05062675476, 4.20760440826, 3.63741660118, 3.92764830589, 2.92815375328, 4.46894788742, 6.85694980621, 6.8317322731, 8.52541637421, 12.8885526657, 26.0890426636, 34.616027832, 41.3339920044, 36.5285491943, 37.2022247314, 21.3220825195, 21.6985721588, 14.3523626328, 3.86977958679, 3.23568224907, 3.55608391762, 1.11389267445, 1.01340699196, 0.238954007626, 0.117815613747, 0.0441940799356, 0.0122221615165, 0.00254545733333, 0.000632435549051, 0.000174051776412, 2.0158566258e-05, 1.07580699478e-05], "dmean": [0.0109498901293, 0.175906479359, 1.53605282307, 4.4749212265, 3.65265917778, 2.70808291435, 2.85113167763, 5.07958126068, 5.05048084259, 2.65084123611, 2.28938555717, 2.46913146973, 1.85074186325, 2.8578813076, 4.41258239746, 4.45033788681, 5.55839967728, 8.391705513, 17.5277290344, 23.8590393066, 27.2655448914, 24.233789444, 25.749835968, 14.7212486267, 15.2663145065, 10.070145607, 2.64421582222, 2.19491767883, 2.27916502953, 0.739659488201, 0.646131336689, 0.157421037555, 0.0783493518829, 0.0292327683419, 0.00795295089483, 0.00162483751774, 0.000401489349315, 0.000109956468805, 1.28482579385e-05, 6.83891948938e-06], "var": [0.000731687585358, 0.136096224189, 14.9618797302, 121.392852783, 66.8326721191, 41.741897583, 77.7633132935, 1935.76953125, 1694.76013184, 1323.70898438, 124.09223175, 153.861938477, 39.0808906555, 85.2981719971, 325.880523682, 395.143127441, 617.885864258, 905.195678711, 5109.72705078, 7837.43847656, 12768.1474609, 6531.3359375, 7718.55908203, 3361.24829102, 3189.09667969, 1509.40075684, 221.72064209, 61.6086921692, 48.3150405884, 4.65307664871, 3.65267825127, 0.207849025726, 0.0581107884645, 0.00538419838995, 0.00043758971151, 2.45441169682e-05, 1.50172434132e-06, 1.2520143855e-07, 1.48490797436e-09, 2.40991004929e-10], "dvar": [0.000352793984348, 0.0900540873408, 10.579668045, 132.930419922, 78.2387695313, 53.7307510376, 71.7216491699, 903.918212891, 1151.63818359, 1202.05297852, 71.8180770874, 118.470596313, 21.0724773407, 46.0305862427, 158.074234009, 168.703125, 272.802947998, 402.359527588, 1739.47143555, 2637.1340332, 2928.71948242, 2166.01660156, 2422.00854492, 1003.93548584, 1195.61120605, 316.382904053, 19.9396648407, 15.2472791672, 34.3170433044, 2.31983423233, 3.08034515381, 0.117225252092, 0.0283030606806, 0.00230824155733, 0.000220311281737, 1.96800392587e-05, 1.04325363282e-06, 6.46694005013e-08, 7.18736903327e-10, 1.25544671881e-10], "mean": [0.0163528546691, 0.271629780531, 2.64182829857, 6.11087942123, 4.62186574936, 2.88609910011, 3.64316821098, 6.09773683548, 4.88705301285, 2.9440164566, 3.42645740509, 3.65181493759, 3.1798915863, 4.84138774872, 7.16798496246, 7.53398561478, 9.90640735626, 15.9896202087, 38.004940033, 50.0631980896, 66.0852508545, 54.8075523376, 62.3833007813, 39.4794197083, 37.8742866516, 26.1907463074, 8.07555198669, 5.32900524139, 4.34740924835, 1.49999284744, 1.01010000706, 0.316038906574, 0.166133016348, 0.0638281852007, 0.0163584183902, 0.00306172738783, 0.000741134397686, 0.000213405670365, 3.27782145177e-05, 1.99460901058e-05]}, "spectral_contrast_coeffs": {"min": [-0.999413430691, -0.998851954937, -0.999095499516, -0.99897313118, -0.99674731493, -0.967485964298], "max": [-0.36266168952, -0.289549142122, -0.436591714621, -0.497579395771, -0.496832370758, -0.572569072247], "dvar2": [0.00572217721492, 0.00344289420173, 0.00191554846242, 0.00176473066676, 0.00123405095655, 0.000790086924098], "median": [-0.623329877853, -0.76177418232, -0.791820406914, -0.724561095238, -0.70941388607, -0.719458580017], "dmean2": [0.0892526432872, 0.0723059177399, 0.054876524955, 0.0517888888717, 0.0418922454119, 0.0304054059088], "dmean": [0.0537244789302, 0.0440471172333, 0.0338252522051, 0.0331779159606, 0.0282139983028, 0.0200114455074], "var": [0.0070426100865, 0.00463270256296, 0.00349585805088, 0.004390116781, 0.00446011358872, 0.00240587675944], "dvar": [0.00208822451532, 0.00134982611053, 0.000777716457378, 0.000789191166405, 0.000606594141573, 0.000368946988601], "mean": [-0.627007365227, -0.755547523499, -0.784186542034, -0.723170399666, -0.711269438267, -0.722542524338]}, "dissonance": {"min": 0.119249165058, "max": 0.500000059605, "dvar2": 0.000293925055303, "median": 0.489861011505, "dmean2": 0.0128192044795, "dmean": 0.00755686545745, "var": 0.000223605282372, "dvar": 0.000111848690722, "mean": 0.486453533173}, "spectral_energyband_high": {"min": 7.20024695634e-21, "max": 0.00668349582702, "dvar2": 1.74233960593e-07, "median": 0.000245870091021, "dmean2": 0.000256964849541, "dmean": 0.000178880582098, "var": 4.36478899246e-07, "dvar": 8.12103024828e-08, "mean": 0.000494353822432}, "gfcc": {"mean": [-55.1210136414, 93.0848846436, -156.404846191, 71.2372131348, -28.6232299805, 1.35294401646, -36.2763519287, 0.460938721895, -18.8077411652, -14.4824476242, -14.7251691818, -11.8952407837, -8.32384967804], "icov": [[0.000607468362432, -0.00119299755897, 0.00154846103396, -0.00168760609813, 0.00113261304796, -0.00103614979889, 0.00158697890583, -0.00124693405814, 0.0019645774737, -0.00161558529362, 0.00139529420994, -0.000838179606944, 0.000723880482838], [-0.00119299755897, 0.00457792263478, -0.00329977995716, 0.00361063191667, -0.00295880809426, 0.00399600854144, -0.00391795998439, 0.00479816831648, -0.00526982313022, 0.00628097867593, -0.00482716457918, 0.00349859730341, -0.00147852371447], [0.00154846103396, -0.00329977995716, 0.00631442340091, -0.00534844351932, 0.00280357850716, -0.00141308351886, 0.00252451142296, -0.00172344094608, 0.00370714999735, -0.00356190558523, 0.00302018038929, -0.00249230419286, 0.00234921183437], [-0.00168760609813, 0.00361063191667, -0.00534844351932, 0.00863692071289, -0.00358975934796, 0.00182021933142, -0.00340250320733, 0.00290664029308, -0.00504887243733, 0.00472042802721, -0.0017390671419, 0.00213341461495, -0.00254793069325], [0.00113261304796, -0.00295880809426, 0.00280357850716, -0.00358975934796, 0.00555111002177, -0.00239777704701, 0.00281874462962, -0.00516972644255, 0.00475920923054, -0.00277251377702, 0.0028629663866, -0.000824564951472, 0.000606789952144], [-0.00103614979889, 0.00399600854144, -0.00141308351886, 0.00182021933142, -0.00239777704701, 0.0128161180764, -0.00956321600825, 0.0078902291134, -0.00588281918317, 0.00643775705248, -0.00562016479671, 0.00252143596299, -0.00114682666026], [0.00158697890583, -0.00391795998439, 0.00252451142296, -0.00340250320733, 0.00281874462962, -0.00956321600825, 0.0164230391383, -0.00750509370118, 0.00852561369538, -0.00875059701502, 0.00600520987064, -0.00306831393391, 0.00310905044898], [-0.00124693405814, 0.00479816831648, -0.00172344094608, 0.00290664029308, -0.00516972644255, 0.0078902291134, -0.00750509370118, 0.0161410439759, -0.0104253124446, 0.00680069159716, -0.00772753031924, 0.00655447365716, -0.00302826380357], [0.0019645774737, -0.00526982313022, 0.00370714999735, -0.00504887243733, 0.00475920923054, -0.00588281918317, 0.00852561369538, -0.0104253124446, 0.0176438465714, -0.00949977338314, 0.00896412413567, -0.00754392845556, 0.00454966491088], [-0.00161558529362, 0.00628097867593, -0.00356190558523, 0.00472042802721, -0.00277251377702, 0.00643775705248, -0.00875059701502, 0.00680069159716, -0.00949977338314, 0.0215962119401, -0.0101906508207, 0.00520203821361, -0.00397653318942], [0.00139529420994, -0.00482716457918, 0.00302018038929, -0.0017390671419, 0.0028629663866, -0.00562016479671, 0.00600520987064, -0.00772753031924, 0.00896412413567, -0.0101906508207, 0.0166138987988, -0.00593530572951, 0.00400228472427], [-0.000838179606944, 0.00349859730341, -0.00249230419286, 0.00213341461495, -0.000824564951472, 0.00252143596299, -0.00306831393391, 0.00655447365716, -0.00754392845556, 0.00520203821361, -0.00593530572951, 0.0165702644736, -0.00808123033494], [0.000723880482838, -0.00147852371447, 0.00234921183437, -0.00254793069325, 0.000606789952144, -0.00114682666026, 0.00310905044898, -0.00302826380357, 0.00454966491088, -0.00397653318942, 0.00400228472427, -0.00808123033494, 0.0156247681007]], "cov": [[9263.31445313, 283.901245117, -1181.68237305, 522.436401367, -428.153564453, 40.1493377686, -317.705047607, -130.237609863, -311.461181641, -57.2714233398, -172.503417969, -50.7780609131, 12.1568279266], [283.901245117, 988.749023438, 185.341400146, -67.5527954102, 167.086242676, -140.999282837, -55.6621704102, -39.0864868164, -5.36275720596, -135.874252319, 48.9507522583, -98.4602279663, -68.2920684814], [-1181.68237305, 185.341400146, 604.596557617, 131.719238281, -1.80125296116, -30.3867607117, 20.6263980865, -57.6730537415, 52.7297515869, -32.8408203125, -22.9162063599, 22.1108436584, -20.9867897034], [522.436401367, -67.5527954102, 131.719238281, 347.826904297, 33.6571998596, 19.2779598236, -8.81745433807, -7.9393248558, 15.0735721588, -26.4094085693, -75.1683654785, 15.2565107346, 22.6780147552], [-428.153564453, 167.086242676, -1.80125296116, 33.6571998596, 445.669525146, -41.3206787109, 15.6750850677, 117.486763, -18.9953346252, -36.500743866, 9.41484069824, -71.6985473633, -2.53608965874], [40.1493377686, -140.999282837, -30.3867607117, 19.2779598236, -41.3206787109, 188.193237305, 82.6503753662, -51.0125007629, -18.444229126, 12.4231090546, 4.85151481628, 18.1315402985, -1.73774051666], [-317.705047607, -55.6621704102, 20.6263980865, -8.81745433807, 15.6750850677, 82.6503753662, 144.674545288, 9.22435474396, -20.9164905548, 26.4900054932, 10.3016424179, -8.05642414093, -10.6028089523], [-130.237609863, -39.0864868164, -57.6730537415, -7.9393248558, 117.486763, -51.0125007629, 9.22435474396, 172.043991089, 41.1229057312, 9.52180862427, 19.1899681091, -36.2695083618, -0.311734586954], [-311.461181641, -5.36275720596, 52.7297515869, 15.0735721588, -18.9953346252, -18.444229126, -20.9164905548, 41.1229057312, 145.679733276, 13.1041126251, -20.288236618, 28.4098682404, 0.774476706982], [-57.2714233398, -135.874252319, -32.8408203125, -26.4094085693, -36.500743866, 12.4231090546, 26.4900054932, 9.52180862427, 13.1041126251, 100.149284363, 30.1278896332, 11.5051622391, 9.236577034], [-172.503417969, 48.9507522583, -22.9162063599, -75.1683654785, 9.41484069824, 4.85151481628, 10.3016424179, 19.1899681091, -20.288236618, 30.1278896332, 123.004257202, 0.674116253853, -12.1120662689], [-50.7780609131, -98.4602279663, 22.1108436584, 15.2565107346, -71.6985473633, 18.1315402985, -8.05642414093, -36.2695083618, 28.4098682404, 11.5051622391, 0.674116253853, 118.871650696, 46.851978302], [12.1568279266, -68.2920684814, -20.9867897034, 22.6780147552, -2.53608965874, -1.73774051666, -10.6028089523, -0.311734586954, 0.774476706982, 9.236577034, -12.1120662689, 46.851978302, 95.3091278076]]}, "spectral_flux": {"min": 6.31756591485e-11, "max": 0.326100468636, "dvar2": 0.00143716565799, "median": 0.055368244648, "dmean2": 0.032475117594, "dmean": 0.020721020177, "var": 0.00157094653696, "dvar": 0.000686627987307, "mean": 0.065111912787}, "silence_rate_30dB": {"min": 0, "max": 1, "dvar2": 0.00275424658321, "median": 1, "dmean2": 0.00200601806864, "dmean": 0.00100288330577, "var": 0.000751501065679, "dvar": 0.00100187642965, "mean": 0.999247908592}, "spectral_energyband_middle_high": {"min": 1.23060382705e-21, "max": 0.0524113029242, "dvar2": 1.30683911266e-05, "median": 0.00407643988729, "dmean2": 0.00237071327865, "dmean": 0.0017518827226, "var": 3.66109234164e-05, "dvar": 6.91748437021e-06, "mean": 0.0061879302375}, "barkbands_spread": {"min": 1.29839003086, "max": 83.1327514648, "dvar2": 131.502532959, "median": 34.3601760864, "dmean2": 11.2546434402, "dmean": 7.01448345184, "var": 166.764816284, "dvar": 53.4130363464, "mean": 33.012676239}, "spectral_centroid": {"min": 281.099609375, "max": 11519.7021484, "dvar2": 296228.90625, "median": 2411.18359375, "dmean2": 446.932952881, "dmean": 289.541656494, "var": 819277.4375, "dvar": 133106.859375, "mean": 2335.73852539}, "pitch_salience": {"min": 0.0936953276396, "max": 0.996087431908, "dvar2": 0.0110380128026, "median": 0.520674228668, "dmean2": 0.11537244916, "dmean": 0.0710382089019, "var": 0.0142153231427, "dvar": 0.00421648193151, "mean": 0.51941293478}, "erbbands_skewness": {"min": -4.69408416748, "max": 3.84681940079, "dvar2": 0.402224868536, "median": -1.34539830685, "dmean2": 0.623261988163, "dmean": 0.408338278532, "var": 0.789890348911, "dvar": 0.170078158379, "mean": -1.3380202055}, "erbbands_crest": {"min": 2.69033312798, "max": 29.7435722351, "dvar2": 11.131064415, "median": 9.07262039185, "dmean2": 3.62341094017, "dmean": 2.26206541061, "var": 13.9486303329, "dvar": 4.43811988831, "mean": 9.75028896332}, "melbands": {"min": [9.39283071996e-25, 2.56294597219e-24, 2.59895303517e-25, 1.58669599071e-24, 2.60153645603e-24, 1.2740074037e-24, 1.17883557562e-24, 1.87596250857e-24, 2.81390530589e-24, 2.34721361664e-24, 3.66747075193e-24, 3.95039768774e-24, 2.10220328024e-24, 2.84310735888e-24, 1.87811984593e-24, 2.33126600458e-24, 3.16313955066e-24, 2.14082038813e-24, 4.17484439249e-24, 4.24182262765e-24, 3.83843584275e-24, 3.4336235862e-24, 5.17238425069e-24, 4.99270066914e-24, 4.07130600425e-24, 4.83388916386e-24, 6.01958930846e-24, 4.86490717465e-24, 5.90864509404e-24, 4.57075435373e-24, 5.53545472131e-24, 4.93135174541e-24, 6.89452046047e-24, 6.4140887864e-24, 5.20347404783e-24, 6.79730439795e-24, 5.47695871303e-24, 6.43894303251e-24, 5.9325531015e-24, 5.98365551094e-24], "max": [0.00249762320891, 0.0187969598919, 0.029015334323, 0.0104928398505, 0.00431068520993, 0.043499249965, 0.0313416942954, 0.024414787069, 0.0028226103168, 0.00311487098224, 0.000682940357365, 0.000800511217676, 0.00121986307204, 0.00197899271734, 0.00175362708978, 0.00115057325456, 0.00216941069812, 0.00206490047276, 0.00157765182666, 0.00172446784563, 0.00246200175025, 0.000956728181336, 0.00114997522905, 0.00149686518125, 0.00130358885508, 0.00145699235145, 0.000545149727259, 0.000328000634909, 0.000181560390047, 6.38018973405e-05, 6.10974457231e-05, 9.51790425461e-05, 3.51321759808e-05, 2.40956123889e-05, 2.98055874737e-05, 1.07691257654e-05, 4.53031088909e-06, 6.46438138574e-06, 1.91397862181e-06, 7.87282090187e-07], "dvar2": [8.91311060514e-08, 4.55317695014e-06, 8.97615973372e-06, 1.00702345662e-06, 1.63934046782e-07, 6.69105133966e-07, 4.57090322925e-07, 2.18655642925e-07, 1.09583178087e-08, 9.52622514205e-09, 1.39674771749e-09, 1.92776106189e-09, 6.71974920152e-09, 6.21138074308e-09, 4.36873515142e-09, 2.90214763332e-09, 4.34602753785e-09, 1.15466658457e-08, 1.01388080154e-08, 8.08798716889e-09, 1.36927322814e-08, 6.51601661517e-09, 4.60928939461e-09, 6.07698957822e-09, 1.60207536126e-09, 2.80454459656e-09, 6.91716850465e-10, 2.48017106852e-10, 3.07064443317e-11, 1.00493884048e-11, 1.53940280662e-11, 4.36143378357e-11, 5.38005837797e-12, 1.43563709098e-12, 5.5241145859e-12, 2.50647105068e-13, 7.99014649474e-14, 4.96962056739e-14, 1.28909190383e-14, 2.71151911789e-15], "median": [8.58821003931e-05, 0.000467467063572, 0.000509415694978, 0.000115046634164, 4.54630935565e-05, 2.85388668999e-05, 9.8950768006e-06, 5.39326902071e-06, 8.04085175332e-06, 7.22937329556e-06, 6.55407620798e-06, 7.04198009771e-06, 5.07430877406e-06, 5.49805918126e-06, 5.28852888237e-06, 6.11918903815e-06, 9.89160616882e-06, 2.21451009565e-05, 2.60537544818e-05, 2.55223440035e-05, 2.8833241231e-05, 2.41649722739e-05, 2.0712690457e-05, 3.06049332721e-05, 1.42788467201e-05, 1.50742889673e-05, 1.14438316814e-05, 4.31056150774e-06, 1.46720344674e-06, 1.00415832094e-06, 1.15399404876e-06, 1.26532836475e-06, 5.32878857484e-07, 3.38194809046e-07, 2.56697205714e-07, 1.2850676967e-07, 8.82386643752e-08, 6.48435189987e-08, 4.70790340046e-08, 2.42811051265e-08], "dmean2": [0.000201385933906, 0.00106384779792, 0.00122417951934, 0.000396723742597, 0.000148966268171, 0.0001785383065, 0.000114979709906, 4.19756652263e-05, 3.1747691537e-05, 2.34425151575e-05, 1.51888607434e-05, 1.84061591426e-05, 2.50890534517e-05, 2.3927368602e-05, 1.74286433321e-05, 1.98148718482e-05, 2.72987290373e-05, 4.53450120403e-05, 4.84360098199e-05, 4.27780105383e-05, 5.45103976037e-05, 4.12898771174e-05, 3.34566502715e-05, 4.18761264882e-05, 1.69381164596e-05, 1.7531316189e-05, 1.55246762006e-05, 9.06809509615e-06, 3.07093046104e-06, 1.82625842626e-06, 2.0906716145e-06, 2.53318762589e-06, 9.61093064689e-07, 5.87223496495e-07, 8.06543766885e-07, 2.13041289499e-07, 1.32093632033e-07, 9.53550411964e-08, 6.25933438414e-08, 3.24594857659e-08], "dmean": [0.000121491502796, 0.000601724488661, 0.000717092421837, 0.000227284239372, 9.35587158892e-05, 0.000115192684461, 7.1961156209e-05, 2.64641803369e-05, 2.00724261958e-05, 1.47011096487e-05, 9.55317136686e-06, 1.17414983833e-05, 1.60268209584e-05, 1.54891895363e-05, 1.12976176752e-05, 1.27669291032e-05, 1.76245775947e-05, 3.01384279737e-05, 3.27836132783e-05, 2.92577115033e-05, 3.56590244337e-05, 2.68715702987e-05, 2.26372521865e-05, 2.84723591903e-05, 1.16026058095e-05, 1.20018548841e-05, 1.06815077743e-05, 6.28755196885e-06, 2.04053890229e-06, 1.24281223179e-06, 1.39950054745e-06, 1.6134681573e-06, 6.20513617378e-07, 3.84708386036e-07, 5.0719944511e-07, 1.38820681173e-07, 8.51639612165e-08, 6.24626110834e-08, 4.08785112427e-08, 2.11160884334e-08], "var": [6.2568346948e-08, 2.16511421058e-06, 3.00909869111e-06, 2.74648840559e-07, 7.16023791369e-08, 8.28906706829e-07, 3.55205372671e-07, 1.22304314232e-07, 8.38821190285e-09, 4.82515094546e-09, 1.01935815344e-09, 1.39195666105e-09, 4.84369300224e-09, 6.76273215205e-09, 2.75736922184e-09, 2.71590128165e-09, 4.21269374939e-09, 1.48537058209e-08, 1.43955629639e-08, 1.084038459e-08, 2.3648420111e-08, 7.00108726548e-09, 6.33121288729e-09, 8.2501943055e-09, 2.45302356205e-09, 3.12964476556e-09, 1.225401558e-09, 6.43103459375e-10, 1.57393639788e-10, 2.38445079653e-11, 2.39991585632e-11, 2.37327223845e-11, 3.58641957278e-12, 1.19990454205e-12, 2.49165727113e-12, 1.74133358557e-13, 6.09563465784e-14, 3.91393934949e-14, 1.16154873195e-14, 2.57514766042e-15], "dvar": [3.44361303917e-08, 1.53332950958e-06, 3.19419473271e-06, 3.67030025927e-07, 6.71431692467e-08, 3.91977891923e-07, 2.43581240511e-07, 1.03191858614e-07, 4.93559371151e-09, 3.65166408223e-09, 5.57532520151e-10, 7.64186658397e-10, 2.73380473814e-09, 2.55308685304e-09, 1.68211145013e-09, 1.27429400365e-09, 1.97125205048e-09, 5.27669996586e-09, 4.79520334551e-09, 3.88990661904e-09, 5.70120750609e-09, 2.82746848157e-09, 2.17633977506e-09, 2.77628009471e-09, 7.74447006524e-10, 1.39203815142e-09, 3.51872891935e-10, 1.30588512226e-10, 1.46634301923e-11, 4.74621774174e-12, 6.82112092504e-12, 1.70376317221e-11, 2.22818074755e-12, 6.3139147773e-13, 2.25219430779e-12, 1.08237840891e-13, 3.43914282361e-14, 2.06858151214e-14, 5.51068285242e-15, 1.15228752782e-15], "mean": [0.000183662166819, 0.00102783238981, 0.001030362444, 0.000259063876001, 0.000120567550766, 0.000138783274451, 7.08415245754e-05, 3.02898697555e-05, 2.99611310766e-05, 2.14399660763e-05, 1.59798182722e-05, 1.95184966287e-05, 2.41979487328e-05, 2.48366141022e-05, 1.87136447494e-05, 2.14135252463e-05, 3.10645955324e-05, 6.03745320404e-05, 6.6240412707e-05, 5.85702982789e-05, 8.24699309305e-05, 5.47948729945e-05, 4.91616046929e-05, 6.2674851506e-05, 2.67572486337e-05, 2.82574565063e-05, 2.46172367042e-05, 1.56211463036e-05, 5.6447629504e-06, 2.96106099995e-06, 3.10736186293e-06, 2.91019500764e-06, 1.14558542919e-06, 7.11372820206e-07, 7.16993554306e-07, 2.49989085432e-07, 1.61629131412e-07, 1.23964838394e-07, 8.29648385547e-08, 4.32295017561e-08]}, "barkbands_skewness": {"min": -5.08529043198, "max": 7.89168834686, "dvar2": 1.08237731457, "median": 0.235007256269, "dmean2": 0.925213813782, "dmean": 0.590377449989, "var": 2.00950574875, "dvar": 0.431880503893, "mean": 0.367228657007}, "spectral_entropy": {"min": 5.42506837845, "max": 9.8235502243, "dvar2": 0.0391342416406, "median": 7.37999534607, "dmean2": 0.206356391311, "dmean": 0.142077088356, "var": 0.158948868513, "dvar": 0.0192057825625, "mean": 7.36076879501}, "spectral_rolloff": {"min": 86.1328125, "max": 19487.5488281, "dvar2": 1464527.5, "median": 2842.3828125, "dmean2": 872.630493164, "dmean": 517.515075684, "var": 2782819, "dvar": 630517.5625, "mean": 2670.61914063}, "barkbands": {"min": [8.35473710034e-25, 3.97941120297e-24, 7.19450266766e-25, 2.98590410032e-25, 5.27078991545e-24, 7.47104525355e-24, 6.5022250599e-24, 8.90584834494e-24, 1.86499639536e-23, 2.31539731806e-23, 9.65457989591e-24, 3.55380796506e-23, 2.35888579981e-23, 2.24308338551e-23, 5.31044185108e-23, 4.95671504346e-23, 5.90502272365e-23, 1.12300673367e-22, 1.29359784132e-22, 1.86184110951e-22, 2.43456308816e-22, 3.64022805588e-22, 3.76177019057e-22, 5.88251178886e-22, 9.27373167171e-22, 1.25132716516e-21, 2.06745857536e-21], "max": [0.000736272428185, 0.0136191667989, 0.0531234145164, 0.0715320855379, 0.0395066551864, 0.182201579213, 0.131542637944, 0.0345768295228, 0.0243781469762, 0.0058624506928, 0.0083958953619, 0.013996925205, 0.015371655114, 0.0226154085249, 0.0213581975549, 0.0255365744233, 0.0168361440301, 0.0301396604627, 0.022200345993, 0.00993890687823, 0.00234149699099, 0.00247852574103, 0.000949298497289, 0.00034954410512, 5.29217941221e-05, 2.67164741672e-05, 4.7436319619e-06], "dvar2": [2.89323742741e-09, 2.66022993856e-06, 4.5660752221e-05, 5.01003596582e-05, 1.33721505335e-05, 1.41842347148e-05, 9.71782537817e-06, 1.15955731417e-06, 5.19710852132e-07, 8.94868179557e-08, 3.19985417718e-07, 3.39032368402e-07, 3.85050356044e-07, 6.82243921801e-07, 2.01790498977e-06, 2.09323093259e-06, 1.94530139197e-06, 1.49191578203e-06, 1.00103613931e-06, 2.65012630507e-07, 1.61901674289e-08, 3.64793422136e-08, 6.4979639447e-09, 2.99599345333e-10, 1.88010353813e-11, 1.26758358584e-12, 5.92848998517e-14], "median": [5.29756516698e-06, 0.00042669987306, 0.00118934642524, 0.000937416101806, 0.000351269904058, 0.0001655347005, 3.91240537283e-05, 2.53641555901e-05, 5.49444703211e-05, 4.43411481683e-05, 2.64314621745e-05, 4.49919425591e-05, 6.56644187984e-05, 0.000132261659019, 0.000387348176446, 0.00035869597923, 0.000409863656387, 0.000572495802771, 0.000406975857913, 0.000168772763573, 4.87804099976e-05, 4.95297063026e-05, 1.69536033354e-05, 6.96654387866e-06, 2.15486556954e-06, 1.44364435073e-07, 5.42225109257e-08], "dmean2": [2.69414740615e-05, 0.00102440512273, 0.00312092876993, 0.00280577782542, 0.0014483226696, 0.000904174114112, 0.000457793124951, 0.000168162339833, 0.000177931491635, 0.000114823975309, 0.000167838137713, 0.000185442942893, 0.000216922053369, 0.00037317594979, 0.000692334549967, 0.000709420710336, 0.000717684160918, 0.00066679995507, 0.000431037013186, 0.000306977017317, 7.64859069022e-05, 8.05496747489e-05, 3.34197611664e-05, 8.23496975499e-06, 2.66379925051e-06, 3.95974268486e-07, 1.04127849454e-07], "dmean": [1.9241742848e-05, 0.000594508543145, 0.00177312863525, 0.00165873148944, 0.000827211129945, 0.000590506824665, 0.000272391887847, 0.000102891455754, 0.000111462577479, 7.32298576622e-05, 0.000106596271507, 0.000120116994367, 0.000139676834806, 0.000239179062191, 0.00046478403965, 0.00046674272744, 0.000471752369776, 0.000454935245216, 0.000295575737255, 0.000211557227885, 5.16996769875e-05, 5.21829060744e-05, 2.15532018046e-05, 5.46004594071e-06, 1.75972513716e-06, 2.5179832619e-07, 6.47587228286e-08], "var": [2.78371947715e-09, 1.41517421071e-06, 1.87927653315e-05, 1.69051763805e-05, 3.65241089639e-06, 1.58393504535e-05, 7.04980857336e-06, 6.69617577387e-07, 2.91596649049e-07, 6.08657586554e-08, 2.28277315273e-07, 3.71764627971e-07, 3.49623604734e-07, 8.00094881015e-07, 2.81011443803e-06, 3.53903942596e-06, 2.14892133954e-06, 2.12222880691e-06, 1.37972256198e-06, 6.79431025219e-07, 4.28277253661e-08, 2.34176251723e-08, 3.66648422734e-09, 2.65115707165e-10, 1.87611991914e-11, 6.31071312828e-13, 4.31949906345e-14], "dvar": [1.54176105216e-09, 9.17742170259e-07, 1.55890847964e-05, 1.78718219104e-05, 4.89831836603e-06, 7.8682851381e-06, 5.22078426002e-06, 5.3809799283e-07, 2.07521452467e-07, 3.40209460603e-08, 1.30385956254e-07, 1.41962345879e-07, 1.64529637914e-07, 3.26170550125e-07, 9.57290808401e-07, 8.90366038675e-07, 8.57174484281e-07, 6.91470745551e-07, 4.92662422857e-07, 1.3843657598e-07, 7.68748620317e-09, 1.47518681715e-08, 2.72384537148e-09, 1.32927613361e-10, 8.04891483325e-12, 4.82848353314e-13, 2.32034613149e-14], "mean": [2.55168906733e-05, 0.00088194583077, 0.00280378945172, 0.00221335561946, 0.000886032590643, 0.000726433936507, 0.000267404160695, 0.000133913417812, 0.000164381184732, 0.000120816417621, 0.000150714899064, 0.000192473089555, 0.000236610445427, 0.000420189375291, 0.000947424443439, 0.00104868866038, 0.000944353058003, 0.0010619496461, 0.000733840919565, 0.000537926796824, 0.000132544810185, 0.00010024329822, 3.61369566235e-05, 1.15541206469e-05, 3.77778565053e-06, 4.69829132044e-07, 1.42267694514e-07]}, "melbands_flatness_db": {"min": 2.5023146577e-07, "max": 0.424590915442, "dvar2": 0.001848720829, "median": 0.174461066723, "dmean2": 0.0410435162485, "dmean": 0.0258938893676, "var": 0.00392241636291, "dvar": 0.000732685497496, "mean": 0.183616518974}, "melbands_skewness": {"min": -3.54001808167, "max": 13.7255811691, "dvar2": 2.35321831703, "median": 1.58750677109, "dmean2": 1.25744557381, "dmean": 0.794249892235, "var": 3.85416984558, "dvar": 0.924985945225, "mean": 1.90870273113}, "silence_rate_60dB": {"min": 0, "max": 1, "dvar2": 0.0804005563259, "median": 0, "dmean2": 0.0732196569443, "dmean": 0.0366052389145, "var": 0.076195128262, "dvar": 0.0352671258152, "mean": 0.0831035375595}, "spectral_energyband_low": {"min": 2.31799819246e-23, "max": 0.103399097919, "dvar2": 0.000129395877593, "median": 0.00277267443016, "dmean2": 0.00524927815422, "dmean": 0.00300076976418, "var": 4.94444720971e-05, "dvar": 4.46916346846e-05, "mean": 0.00504780421034}, "spectral_energyband_middle_low": {"min": 1.23454838401e-22, "max": 0.188677474856, "dvar2": 0.000120025899378, "median": 0.00217817025259, "dmean2": 0.00503573240712, "dmean": 0.00307385693304, "var": 6.16142206127e-05, "dvar": 4.94635532959e-05, "mean": 0.00441782409325}, "melbands_kurtosis": {"min": -1.90533828735, "max": 254.789215088, "dvar2": 411.312927246, "median": 1.3771173954, "dmean2": 9.12494850159, "dmean": 5.49239826202, "var": 262.258544922, "dvar": 153.777252197, "mean": 7.16273021698}, "spectral_decrease": {"min": -5.09280759786e-08, "max": 2.99858770101e-28, "dvar2": 1.68348757796e-17, "median": -2.78329115311e-09, "dmean2": 2.3004202987e-09, "dmean": 1.41648581753e-09, "var": 9.5211383637e-18, "dvar": 6.51497790204e-18, "mean": -3.46616890745e-09}, "erbbands_kurtosis": {"min": -1.90572679043, "max": 38.2597732544, "dvar2": 12.9164466858, "median": 2.30134820938, "dmean2": 2.84619474411, "dmean": 1.85444128513, "var": 23.8314781189, "dvar": 5.61390209198, "mean": 3.66198849678}, "melbands_crest": {"min": 1.00205266476, "max": 33.4248390198, "dvar2": 25.3883514404, "median": 14.3465156555, "dmean2": 5.46517133713, "dmean": 3.34307789803, "var": 36.5877952576, "dvar": 9.53940010071, "mean": 14.8758325577}, "mfcc": {"mean": [-677.075439453, 103.447441101, -42.8029632568, 58.3662490845, 22.8216400146, 9.37529563904, -0.820051431656, 8.65611076355, -1.39551711082, 2.90406084061, -4.61293554306, -10.7971525192, -4.49786424637], "icov": [[0.000314820674248, 2.76378632407e-05, 0.000298594037304, -0.000340641883668, 0.000295252160868, -6.98274452589e-05, 1.69736376847e-05, 0.000235708706896, 0.000168439073605, 0.000377454736736, 0.000166704310686, -1.66403333424e-05, 0.000208168319659], [2.76378632407e-05, 0.00121889042202, -0.000127267470816, -0.000114605631097, -0.000712417415343, 0.000425576232374, 6.55508847558e-05, -0.000208687837585, 0.00102233653888, 0.000157595510245, -0.00010994283366, 0.000454801484011, 0.000149010913447], [0.000298594037304, -0.000127267470816, 0.00341756409034, -0.0021764326375, 0.00196817563847, -0.00121911277529, 0.00135312636849, -0.000525545852724, 0.00185469212011, -4.98981025885e-05, 0.000391132052755, -0.000448509847047, 8.34486709209e-05], [-0.000340641883668, -0.000114605631097, -0.0021764326375, 0.00604389933869, -0.00335115613416, 0.000183886761079, -0.000663878745399, 0.00030411942862, -0.00308419461362, 0.00046210171422, 0.000241539964918, 0.000761715346016, -0.0014114077203], [0.000295252160868, -0.000712417415343, 0.00196817563847, -0.00335115613416, 0.00666421372443, 0.000775027321652, -0.000236865060288, -0.00181759067345, 0.000721497810446, -0.00110410142224, 0.0011617646087, -0.000332399184117, 0.000647819659207], [-6.98274452589e-05, 0.000425576232374, -0.00121911277529, 0.000183886761079, 0.000775027321652, 0.00550541980192, -0.00145224994048, -0.000957196753006, -0.000493681931403, 0.00107791367918, 0.000511325488333, 0.000508231343701, 0.000440192176029], [1.69736376847e-05, 6.55508847558e-05, 0.00135312636849, -0.000663878745399, -0.000236865060288, -0.00145224994048, 0.00575981615111, 0.000104644153907, 0.00190202542581, -0.00202805013396, 0.000101616948086, 0.000380359037081, 0.00139587302692], [0.000235708706896, -0.000208687837585, -0.000525545852724, 0.00030411942862, -0.00181759067345, -0.000957196753006, 0.000104644153907, 0.0103655289859, -0.00260451808572, 0.000924167688936, -0.00180651072878, 0.00127814582083, -0.00150912487879], [0.000168439073605, 0.00102233653888, 0.00185469212011, -0.00308419461362, 0.000721497810446, -0.000493681931403, 0.00190202542581, -0.00260451808572, 0.0112721519545, -0.00263010058552, 0.00306373951025, -0.00289209955372, 0.0020483341068], [0.000377454736736, 0.000157595510245, -4.98981025885e-05, 0.00046210171422, -0.00110410142224, 0.00107791367918, -0.00202805013396, 0.000924167688936, -0.00263010058552, 0.0125275850296, -0.00546556944028, 0.00320115825161, -0.000990430824459], [0.000166704310686, -0.00010994283366, 0.000391132052755, 0.000241539964918, 0.0011617646087, 0.000511325488333, 0.000101616948086, -0.00180651072878, 0.00306373951025, -0.00546556944028, 0.0116169853136, -0.00191478582565, 0.00107757176738], [-1.66403333424e-05, 0.000454801484011, -0.000448509847047, 0.000761715346016, -0.000332399184117, 0.000508231343701, 0.000380359037081, 0.00127814582083, -0.00289209955372, 0.00320115825161, -0.00191478582565, 0.0141382617876, -0.00498107681051], [0.000208168319659, 0.000149010913447, 8.34486709209e-05, -0.0014114077203, 0.000647819659207, 0.000440192176029, 0.00139587302692, -0.00150912487879, 0.0020483341068, -0.000990430824459, 0.00107757176738, -0.00498107681051, 0.0157818924636]], "cov": [[4133.27587891, -243.923995972, -204.967605591, 81.286567688, -159.621383667, 79.4657363892, 2.6586997509, -150.328842163, 2.67358016968, -212.66394043, -160.439102173, 17.630607605, -51.3112602234], [-243.923995972, 1107.67370605, -11.9614982605, 61.2900238037, 195.232971191, -120.471359253, 28.2813415527, 30.2567367554, -110.810066223, 28.9496917725, 36.9858779907, -62.6354141235, -12.0539445877], [-204.967605591, -11.9614982605, 548.92755127, 94.2919998169, -123.525367737, 112.928527832, -111.063308716, 13.9207172394, -32.0795402527, -54.4901542664, -23.7040424347, 20.4629707336, 30.2428226471], [81.286567688, 61.2900238037, 94.2919998169, 327.885070801, 145.417648315, -0.338329821825, -12.2949790955, 34.5078735352, 75.3634338379, -9.71899795532, -45.474029541, 2.25359678268, 19.0263385773], [-159.621383667, 195.232971191, -123.525367737, 145.417648315, 315.728637695, -76.5086364746, 42.9049186707, 50.0733451843, 33.1735420227, 42.5675849915, -7.03211021423, -18.564453125, -2.92584300041], [79.4657363892, -120.471359253, 112.928527832, -0.338329821825, -76.5086364746, 245.49281311, 20.9920043945, 9.67834472656, 4.90946674347, -36.0182876587, -25.7222080231, -1.17413878441, -6.68800163269], [2.6586997509, 28.2813415527, -111.063308716, -12.2949790955, 42.9049186707, 20.9920043945, 242.883071899, -5.63923549652, -29.8833770752, 52.7699546814, 25.8117752075, -34.9491348267, -30.78556633], [-150.328842163, 30.2567367554, 13.9207172394, 34.5078735352, 50.0733451843, 9.67834472656, -5.63923549652, 119.983963013, 29.3567256927, 8.73450279236, 9.40278625488, -3.88186907768, 9.22717094421], [2.67358016968, -110.810066223, -32.0795402527, 75.3634338379, 33.1735420227, 4.90946674347, -29.8833770752, 29.3567256927, 150.455169678, 4.91197061539, -34.0531539917, 23.0947113037, 2.26711821556], [-212.66394043, 28.9496917725, -54.4901542664, -9.71899795532, 42.5675849915, -36.0182876587, 52.7699546814, 8.73450279236, 4.91197061539, 134.98979187, 62.1901855469, -25.9872055054, -7.23842763901], [-160.439102173, 36.9858779907, -23.7040424347, -45.474029541, -7.03211021423, -25.7222080231, 25.8117752075, 9.40278625488, -34.0531539917, 62.1901855469, 131.345565796, -5.4575176239, -4.92021465302], [17.630607605, -62.6354141235, 20.4629707336, 2.25359678268, -18.564453125, -1.17413878441, -34.9491348267, -3.88186907768, 23.0947113037, -25.9872055054, -5.4575176239, 94.4614181519, 29.5251159668], [-51.3112602234, -12.0539445877, 30.2428226471, 19.0263385773, -2.92584300041, -6.68800163269, -30.78556633, 9.22717094421, 2.26711821556, -7.23842763901, -4.92021465302, 29.5251159668, 78.5140762329]]}, "spectral_energy": {"min": 1.00534974272e-20, "max": 0.201065257192, "dvar2": 0.000251593271969, "median": 0.0120607223362, "dmean2": 0.00914027076215, "dmean": 0.00568963494152, "var": 0.000157164715347, "dvar": 9.8534503195e-05, "mean": 0.0147826177999}, "melbands_spread": {"min": 1.51163983345, "max": 215.188827515, "dvar2": 506.970184326, "median": 49.0284309387, "dmean2": 21.2011394501, "dmean": 13.2866411209, "var": 815.56262207, "dvar": 211.686157227, "mean": 50.9879570007}, "erbbands_flatness_db": {"min": 0.0594574920833, "max": 0.360353529453, "dvar2": 0.000389078864828, "median": 0.212310940027, "dmean2": 0.0214519109577, "dmean": 0.0147050758824, "var": 0.00164418830536, "dvar": 0.000203931791475, "mean": 0.212745442986}, "spectral_contrast_valleys": {"min": [-28.455821991, -27.9888057709, -27.6995849609, -27.5540904999, -27.4154052734, -27.3655281067], "max": [-6.02336597443, -5.03340339661, -5.77869033813, -5.93830060959, -5.87435436249, -9.19352817535], "dvar2": [0.361192047596, 0.405467331409, 0.284074783325, 0.261793404818, 0.200147911906, 0.176252707839], "median": [-7.76614189148, -7.76017284393, -8.16699409485, -7.94992733002, -7.46299934387, -10.8513202667], "dmean2": [0.712691605091, 0.666781544685, 0.550421714783, 0.478755116463, 0.417591869831, 0.37825652957], "dmean": [0.427095383406, 0.419722139835, 0.357944220304, 0.324112176895, 0.289920836687, 0.269562751055], "var": [2.57149219513, 2.64944124222, 2.50077223778, 2.49847793579, 2.58950257301, 1.92482936382], "dvar": [0.155633881688, 0.20589928329, 0.158388406038, 0.145462617278, 0.11754424125, 0.106263533235], "mean": [-7.93832874298, -7.86350631714, -8.26349163055, -8.06278610229, -7.62314987183, -11.0533952713]}, "barkbands_flatness_db": {"min": 0.0509857051075, "max": 0.351321965456, "dvar2": 0.000906392815523, "median": 0.143209800124, "dmean2": 0.0293878223747, "dmean": 0.018281230703, "var": 0.00161034730263, "dvar": 0.000354217889253, "mean": 0.148514047265}, "zerocrossingrate": {"min": 0.0087890625, "max": 0.525390625, "dvar2": 0.00024733596365, "median": 0.08154296875, "dmean2": 0.0115401139483, "dmean": 0.00947468820959, "var": 0.00178200250957, "dvar": 0.000149099025293, "mean": 0.0824352577329}, "spectral_skewness": {"min": -0.192092135549, "max": 4.17771244049, "dvar2": 0.198523044586, 