{"lowlevel": {"spectral_complexity": {"min": 0, "max": 59, "dvar2": 30.0020637512, "median": 23, "dmean2": 5.50626277924, "dmean": 3.84119653702, "var": 99.4309844971, "dvar": 17.0894126892, "mean": 22.8077812195}, "silence_rate_20dB": {"min": 1, "max": 1, "dvar2": 0, "median": 1, "dmean2": 0, "dmean": 0, "var": 0, "dvar": 0, "mean": 1}, "average_loudness": 0.945265412331, "erbbands_spread": {"min": 3.84349751472, "max": 130.476333618, "dvar2": 117.264945984, "median": 32.609085083, "dmean2": 10.3389101028, "dmean": 6.84962797165, "var": 244.488861084, "dvar": 52.9897460938, "mean": 34.8091468811}, "spectral_kurtosis": {"min": -1.26534461975, "max": 40.921043396, "dvar2": 13.5121889114, "median": 3.8250169754, "dmean2": 2.62260746956, "dmean": 1.58483171463, "var": 9.82952308655, "dvar": 4.59220075607, "mean": 4.34676361084}, "barkbands_kurtosis": {"min": -1.90197205544, "max": 41.6469192505, "dvar2": 10.8862094879, "median": -0.33237862587, "dmean2": 1.95642614365, "dmean": 1.24171435833, "var": 12.0256261826, "dvar": 4.60921621323, "mean": 0.856464982033}, "spectral_strongpeak": {"min": 0, "max": 11.2020492554, "dvar2": 3.38312125206, "median": 0.460140377283, "dmean2": 1.13473773003, "dmean": 0.652157604694, "var": 2.24284338951, "dvar": 1.3260011673, "mean": 1.08710598946}, "spectral_spread": {"min": 1153244.25, "max": 42431724, "dvar2": 1156995350530.0, "median": 3981251.75, "dmean2": 773010.625, "dmean": 556681.875, "var": 20781845184500.0, "dvar": 613725110272, "mean": 4773983}, "spectral_rms": {"min": 3.10763112292e-12, "max": 0.00842471420765, "dvar2": 6.52049209293e-07, "median": 0.0048807519488, "dmean2": 0.000836447463371, "dmean": 0.00053917785408, "var": 2.40294866671e-06, "dvar": 2.77021086958e-07, "mean": 0.00454868981615}, "dynamic_complexity": 3.00237035751, "erbbands": {"min": [7.77346249686e-23, 6.28388219795e-22, 1.37894340261e-21, 4.60253067127e-21, 1.04936584873e-20, 3.55046501488e-20, 3.011862838e-20, 6.7098513146e-20, 8.98486230918e-20, 2.05932985371e-19, 2.86706254533e-19, 2.73799471092e-19, 2.67648892099e-19, 7.21054529035e-19, 9.07790087029e-19, 1.18760750387e-18, 1.61321974298e-18, 1.55144237932e-18, 2.31881617922e-18, 3.28546461293e-18, 3.66352461676e-18, 4.54482352089e-18, 6.36777987127e-18, 5.73280832252e-18, 7.17967129097e-18, 7.8952263614e-18, 1.0002607111e-17, 8.2942880674e-18, 9.09039564024e-18, 9.43200717116e-18, 1.07743153374e-17, 1.0787000152e-17, 9.17422046916e-18, 8.51891971609e-18, 6.366434462e-18, 3.67943833098e-18, 2.12404078756e-18, 8.22939916046e-19, 2.45180547012e-19, 2.57227579604e-20], "max": [0.624016880989, 5.61484861374, 38.9313354492, 62.5992202759, 86.2432861328, 107.301231384, 208.341567993, 258.488891602, 539.300109863, 475.657623291, 739.199279785, 627.420410156, 559.88482666, 1028.4666748, 904.385986328, 1359.31542969, 815.046569824, 666.771240234, 1461.76049805, 1180.1171875, 1617.88928223, 874.204772949, 569.209350586, 598.939819336, 489.459533691, 296.775482178, 233.240219116, 361.579986572, 657.74005127, 262.954345703, 248.81427002, 234.46546936, 103.277420044, 70.3440170288, 83.7914199829, 4.31985712051, 0.692783951759, 0.132095605135, 0.00796939991415, 0.00129100016784], "dvar2": [0.0034110378474, 0.551571428776, 17.9075889587, 43.9411811829, 42.2999649048, 169.937347412, 250.561828613, 232.960723877, 386.943847656, 916.558654785, 2857.38012695, 2507.14086914, 1608.13842773, 3933.08789062, 6765.31787109, 5005.07519531, 3117.97460938, 2981.96923828, 6260.125, 5817.29003906, 5200.10107422, 4029.29516602, 2402.50634766, 580.946777344, 1006.47473145, 608.058044434, 186.959442139, 548.296081543, 4352.90234375, 300.637298584, 364.478210449, 124.39225769, 38.5011940002, 19.6349582672, 62.3289337158, 0.130979001522, 0.00438880827278, 0.00012883413001, 5.97445591666e-07, 4.50783010919e-09], "median": [0.0106405755505, 0.389073520899, 2.32791948318, 4.65159225464, 2.75681710243, 2.22649264336, 3.02276587486, 3.19755506516, 3.95095849037, 6.30433893204, 9.94047832489, 12.1235733032, 13.2375421524, 11.9951658249, 11.1821041107, 12.8548698425, 11.5487184525, 11.8470096588, 23.5830860138, 25.903503418, 21.2264690399, 30.1710910797, 26.6041259766, 14.464969635, 15.0589838028, 10.03099823, 4.18854665756, 3.24675107002, 4.3187623024, 2.347625494, 2.04646492004, 0.78529638052, 0.53094792366, 0.502733409405, 0.30296471715, 0.0273909922689, 0.00289206206799, 0.000405827828217, 4.00687604269e-05, 3.42869498127e-05], "dmean2": [0.0298821553588, 0.559904098511, 3.14151120186, 5.1362323761, 3.94821548462, 6.52731657028, 8.04531860352, 7.00176811218, 8.72122573853, 14.1189613342, 25.2165756226, 22.5203514099, 19.4029102325, 29.0395202637, 28.8071651459, 25.324338913, 25.0292625427, 26.7085914612, 40.9035606384, 40.3308639526, 33.9407463074, 38.533367157, 32.6047058105, 14.5818252563, 17.2670269012, 14.6172609329, 6.72784423828, 9.65209007263, 22.06615448, 6.53622722626, 7.823574543, 2.87858986855, 1.79693889618, 1.68111813068, 2.58969807625, 0.138316854835, 0.0237681977451, 0.00344682554714, 0.00022096952307, 2.27761593123e-05], "dmean": [0.0219368170947, 0.332679390907, 1.83686816692, 3.00608038902, 2.32603168488, 3.94063067436, 5.08348846436, 4.47711992264, 5.54837703705, 8.753947258, 15.9548273087, 14.1783151627, 12.3662672043, 18.6345100403, 18.3135032654, 16.1142482758, 15.7547092438, 16.8462142944, 26.1312961578, 26.091594696, 22.9502353668, 24.9018878937, 21.2801952362, 9.59352874756, 11.6016187668, 9.99213409424, 4.59754610062, 6.65085077286, 14.2023153305, 4.52622747421, 5.31105089188, 2.0131688118, 1.25750732422, 1.18606042862, 1.75134861469, 0.0972795784473, 0.0162273030728, 0.00225003762171, 0.00014339464542, 1.50160321937e-05], "var": [0.00448154052719, 0.468267440796, 26.4898948669, 35.8683624268, 25.3166561127, 94.5195159912, 210.982666016, 202.280639648, 529.844421387, 597.263671875, 2386.25756836, 1501.7064209, 1437.75488281, 3542.234375, 5402.09033203, 4968.86181641, 2787.33203125, 3249.12329102, 7018.88964844, 6068.27929688, 8814.54296875, 4874.87792969, 3366.16723633, 750.018920898, 1313.4967041, 1060.47241211, 208.773529053, 437.832458496, 2061.55834961, 226.257156372, 278.862304688, 75.4635925293, 23.3643894196, 14.7335395813, 34.2121810913, 0.0857073664665, 0.00223760749213, 5.09854071424e-05, 2.33890546042e-07, 1.95479721299e-09], "dvar": [0.00202801637352, 0.192264869809, 6.53783273697, 16.0126724243, 15.5320968628, 66.4968185425, 106.354309082, 100.819038391, 176.002685547, 375.687683105, 1198.68811035, 1015.40057373, 631.967590332, 1605.63256836, 2526.89013672, 1997.10107422, 1201.54272461, 1154.54272461, 2588.28417969, 2531.22705078, 2301.31396484, 1686.19885254, 1027.10522461, 259.532531738, 444.540100098, 291.936767578, 94.4780960083, 274.598602295, 1832.70422363, 146.947998047, 172.583572388, 57.2208404541, 17.1519050598, 9.17693424225, 27.9971981049, 0.0613949410617, 0.00191021210048, 5.28165037395e-05, 2.44931754878e-07, 1.8443183647e-09], "mean": [0.0348864682019, 0.631746172905, 4.36709499359, 6.12402915955, 4.14309740067, 5.60094213486, 8.48464012146, 7.93663406372, 10.52921772, 14.1284923553, 25.548494339, 23.285326004, 25.2367897034, 33.8140716553, 34.1612663269, 31.0055236816, 29.0908870697, 34.3783378601, 54.3445968628, 51.9129676819, 53.0691795349, 55.311340332, 49.2137680054, 23.649930954, 26.7721881866, 23.9702644348, 9.10956764221, 9.89070320129, 17.6748332977, 6.94664049149, 7.70050144196, 2.78487563133, 1.92727923393, 1.81743371487, 2.12637352943, 0.13084231317, 0.0185584370047, 0.00237989914604, 0.000162945972988, 3.93930640712e-05]}, "spectral_contrast_coeffs": {"min": [-0.981489777565, -0.981347441673, -0.983284652233, -0.973807871342, -0.968245923519, -0.967110216618], "max": [-0.309413284063, -0.374887704849, -0.443349987268, -0.514109373093, -0.554579854012, -0.614379703999], "dvar2": [0.00452497648075, 0.00365352677181, 0.00235764100216, 0.00167699402664, 0.000920726626646, 0.000692202767823], "median": [-0.613785624504, -0.745573341846, -0.759708702564, -0.751012325287, -0.75255292654, -0.755500912666], "dmean2": [0.084483936429, 0.0746233537793, 0.0593489408493, 0.050567496568, 0.0366842001677, 0.0299796499312], "dmean": [0.0506718344986, 0.0457406826317, 0.0365688018501, 0.0317385978997, 0.0241043642163, 0.0191424582154], "var": [0.00756781268865, 0.00614434387535, 0.0048740953207, 0.00436984049156, 0.00405165692791, 0.00209864694625], "dvar": [0.00165858003311, 0.00146683782805, 0.000942005659454, 0.000699721334968, 0.000443202414317, 0.000305762456264], "mean": [-0.619134664536, -0.743194878101, -0.754774987698, -0.747248470783, -0.749432206154, -0.756362497807]}, "dissonance": {"min": 0.24197563529, "max": 0.5, "dvar2": 0.000479245383758, "median": 0.477811425924, "dmean2": 0.0219523590058, "dmean": 0.0130563341081, "var": 0.000366315449355, "dvar": 0.000177453111974, "mean": 0.473651230335}, "spectral_energyband_high": {"min": 6.9423839017e-21, "max": 0.0249596368521, "dvar2": 6.80929406371e-06, "median": 0.00060400046641, "dmean2": 0.00115863268729, "dmean": 0.000832549936604, "var": 6.102864063e-06, "dvar": 3.48758817381e-06, "mean": 0.00141199992504}, "gfcc": {"mean": [-15.8112430573, 85.3567810059, -138.327728271, 40.5865631104, -53.0543861389, 18.8495941162, -40.3082122803, 14.1478681564, -22.8414554596, -4.38041639328, -19.7185382843, -8.08455467224, -10.9006814957], "icov": [[0.000145106983837, -0.000269770564046, 0.000355544238118, -0.000492880062666, 0.00056836695876, -0.000308428367134, 0.000189756028703, -0.000355553609552, 0.000386368948966, -0.000137828508741, 0.000370253255824, -0.000218409724766, 0.000159037692356], [-0.000269770564046, 0.00176417850889, -0.000492027495056, 0.000998385017738, -0.00179639633279, 0.000439943250967, -0.000202022041776, 0.000308069167659, -0.00119000114501, 0.00174655811861, -0.00126574083697, 0.00159280886874, 0.000164279990713], [0.000355544238118, -0.000492027495056, 0.002204017248, -0.00151474680752, 0.000910884002224, -0.00112521648407, -1.01998302853e-05, -0.000921247527003, 0.000305114459479, -0.000551156816073, 0.0020150039345, -0.0016661323607, 0.000790884660091], [-0.000492880062666, 0.000998385017738, -0.00151474680752, 0.0056381910108, -0.00231399154291, 0.00028057929012, 0.00132699904498, -0.000446907186415, -0.0015933974646, 0.00190614257008, -0.00127009511925, 0.00135448167566, -0.00220331712626], [0.00056836695876, -0.00179639633279, 0.000910884002224, -0.00231399154291, 0.007966815494, -0.000861399981659, -0.00187682022806, -0.000834036443848, -0.000260488130152, -0.000201423172257, -0.00024618266616, -0.000216785003431, -0.00155531847849], [-0.000308428367134, 0.000439943250967, -0.00112521648407, 0.00028057929012, -0.000861399981659, 0.00598422717303, -0.00259563699365, 0.000456725945696, 0.00189744564705, -0.00178722350392, 0.000819680513814, -0.000596656580456, 0.000683107762598], [0.000189756028703, -0.000202022041776, -1.01998302853e-05, 0.00132699904498, -0.00187682022806, -0.00259563699365, 0.0093890838325, -0.0014869334409, -0.00087126926519, 0.00215389160439, -0.00233302707784, 0.00205535721034, 0.00140633480623], [-0.000355553609552, 0.000308069167659, -0.000921247527003, -0.000446907186415, -0.000834036443848, 0.000456725945696, -0.0014869334409, 0.00989410001785, -0.00310895522125, -0.00156009930652, 0.000964720617048, 0.00109636201523, -0.00151750992518], [0.000386368948966, -0.00119000114501, 0.000305114459479, -0.0015933974646, -0.000260488130152, 0.00189744564705, -0.00087126926519, -0.00310895522125, 0.0146023361012, -0.00401865085587, 0.00200636289082, -0.000561295892112, 0.000360627338523], [-0.000137828508741, 0.00174655811861, -0.000551156816073, 0.00190614257008, -0.000201423172257, -0.00178722350392, 0.00215389160439, -0.00156009930652, -0.00401865085587, 0.0179485492408, -0.00434564193711, -0.00277222483419, 0.00400604587048], [0.000370253255824, -0.00126574083697, 0.0020150039345, -0.00127009511925, -0.00024618266616, 0.000819680513814, -0.00233302707784, 0.000964720617048, 0.00200636289082, -0.00434564193711, 0.0132763795555, -0.00226321048103, -0.00170180085115], [-0.000218409724766, 0.00159280886874, -0.0016661323607, 0.00135448167566, -0.000216785003431, -0.000596656580456, 0.00205535721034, 0.00109636201523, -0.000561295892112, -0.00277222483419, -0.00226321048103, 0.0154369063675, -0.0040399977006], [0.000159037692356, 0.000164279990713, 0.000790884660091, -0.00220331712626, -0.00155531847849, 0.000683107762598, 0.00140633480623, -0.00151750992518, 0.000360627338523, 0.00400604587048, -0.00170180085115, -0.0040399977006, 0.0149289574474]], "cov": [[31462.5390625, 699.164367676, -2196.22729492, 1284.88537598, -1657.9576416, 629.362304688, -1048.15234375, 478.13079834, -596.882995605, -71.9076919556, -598.065734863, -27.2119483948, -132.894500732], [699.164367676, 1451.81274414, -289.817840576, -15.5676469803, 335.858123779, -111.309616089, 170.827072144, 22.8652687073, 72.53565979, -161.236480713, 106.950614929, -200.378158569, 15.4277067184], [-2196.22729492, -289.817840576, 1074.0567627, 86.7932891846, 19.6945228577, 143.742965698, 27.0850658417, 54.1353721619, 50.5332870483, 56.9092559814, -104.011062622, 96.7709274292, -21.2395706177], [1284.88537598, -15.5676469803, 86.7932891846, 357.699279785, -0.184364825487, 20.531703949, -72.4577713013, 67.8237762451, 6.49969339371, -25.1345081329, -36.5174751282, 7.32642507553, 51.8458175659], [-1657.9576416, 335.858123779, 19.6945228577, -0.184364825487, 355.935668945, -50.9153442383, 140.432937622, 3.6229186058, 65.8369598389, -46.5091896057, 80.7320098877, -54.2795219421, 44.850605011], [629.362304688, -111.309616089, 143.742965698, 20.531703949, -50.9153442383, 272.548461914, 25.9516677856, 16.2427978516, -40.0824432373, 35.1510810852, -44.3675765991, 28.6607131958, -34.3994483948], [-1048.15234375, 170.827072144, 27.0850658417, -72.4577713013, 140.432937622, 25.9516677856, 209.779281616, 3.1604745388, 30.7766265869, -22.5748214722, 50.8123283386, -46.5441131592, -10.3288383484], [478.13079834, 22.8652687073, 54.1353721619, 67.8237762451, 3.6229186058, 16.2427978516, 3.1604745388, 139.989044189, 28.4146404266, 7.00062608719, -25.0847587585, -4.49136686325, 8.72320175171], [-596.882995605, 72.53565979, 50.5332870483, 6.49969339371, 65.8369598389, -40.0824432373, 30.7766265869, 28.4146404266, 104.338760376, 7.46102237701, 9.42630386353, -9.5728635788, 6.48616552353], [-71.9076919556, -161.236480713, 56.9092559814, -25.1345081329, -46.5091896057, 35.1510810852, -22.5748214722, 7.00062608719, 7.46102237701, 94.6889572144, 1.64414489269, 38.7534790039, -22.7141304016], [-598.065734863, 106.950614929, -104.011062622, -36.5174751282, 80.7320098877, -44.3675765991, 50.8123283386, -25.0847587585, 9.42630386353, 1.64414489269, 129.82359314, -8.08362674713, 20.36195755], [-27.2119483948, -200.378158569, 96.7709274292, 7.32642507553, -54.2795219421, 28.6607131958, -46.5441131592, -4.49136686325, -9.5728635788, 38.7534790039, -8.08362674713, 110.911903381, 14.3362560272], [-132.894500732, 15.4277067184, -21.2395706177, 51.8458175659, 44.850605011, -34.3994483948, -10.3288383484, 8.72320175171, 6.48616552353, -22.7141304016, 20.36195755, 14.3362560272, 97.2523117065]]}, "spectral_flux": {"min": 6.40643163519e-11, "max": 0.209884464741, "dvar2": 0.000639557314571, "median": 0.0773699581623, "dmean2": 0.0266147162765, "dmean": 0.0179386399686, "var": 0.00137181847822, "dvar": 0.000302316824673, "mean": 0.0776288360357}, "silence_rate_30dB": {"min": 1, "max": 1, "dvar2": 0, "median": 1, "dmean2": 0, "dmean": 0, "var": 0, "dvar": 0, "mean": 1}, "spectral_energyband_middle_high": {"min": 1.17908265237e-21, "max": 0.0458144471049, "dvar2": 2.14472402149e-05, "median": 0.006277250126, "dmean2": 0.00332024274394, "dmean": 0.00229966198094, "var": 5.24313181813e-05, "dvar": 9.4597808129e-06, "mean": 0.00837372802198}, "barkbands_spread": {"min": 2.75571393967, "max": 114.153640747, "dvar2": 114.852600098, "median": 28.9246139526, "dmean2": 9.6811542511, "dmean": 6.44273519516, "var": 201.226577759, "dvar": 57.5298500061, "mean": 30.4075870514}, "spectral_centroid": {"min": 256.300048828, "max": 11678.8408203, "dvar2": 192707.796875, "median": 1834.86694336, "dmean2": 393.058166504, "dmean": 268.515838623, "var": 1603418.625, "dvar": 99171.65625, "mean": 1932.91027832}, "pitch_salience": {"min": 0.118553541601, "max": 0.92861109972, "dvar2": 0.00747352652252, "median": 0.535378158092, "dmean2": 0.0996455699205, "dmean": 0.0635525584221, "var": 0.013140863739, "dvar": 0.00327136949636, "mean": 0.534036755562}, "erbbands_skewness": {"min": -3.03310990334, "max": 2.82124710083, "dvar2": 0.185052096844, "median": -0.21076785028, "dmean2": 0.474842280149, "dmean": 0.312676250935, "var": 0.481559514999, "dvar": 0.0823662206531, "mean": -0.284719735384}, "erbbands_crest": {"min": 2.21728825569, "max": 27.5879497528, "dvar2": 11.1330184937, "median": 7.43609476089, "dmean2": 3.60353159904, "dmean": 2.22578382492, "var": 12.3093748093, "dvar": 4.42823648453, "mean": 8.20817470551}, "melbands": {"min": [9.94945196076e-25, 7.86758886731e-25, 1.12840241605e-24, 1.11283049899e-24, 1.28382112919e-24, 1.69490650627e-24, 1.29970878782e-24, 2.15341060818e-24, 1.99241632477e-24, 1.42706416869e-24, 9.3821870142e-25, 2.47971246922e-24, 2.7642451314e-24, 2.34155787838e-24, 2.9398455689e-24, 2.90717331679e-24, 2.48213545549e-24, 3.2146369822e-24, 3.23353670898e-24, 4.43990520652e-24, 3.40472130035e-24, 3.9701105329e-24, 3.76154044272e-24, 4.5296046079e-24, 3.49209908409e-24, 4.59638878327e-24, 2.84909875746e-24, 5.3614564603e-24, 4.94423976044e-24, 5.03179069915e-24, 4.53328424959e-24, 5.24167582045e-24, 5.00894410404e-24, 5.32010161064e-24, 5.34984797765e-24, 6.98194518143e-24, 5.79917999382e-24, 5.29122456834e-24, 6.35315717008e-24, 6.33614656795e-24], "max": [0.00603830255568, 0.0145309036598, 0.00850155204535, 0.00680500967428, 0.00588501710445, 0.00509172817692, 0.00759958056733, 0.00736221298575, 0.00507170055062, 0.00354463141412, 0.00282623572275, 0.00378739763983, 0.0039357887581, 0.00582763785496, 0.00304940412752, 0.00158179923892, 0.00141485198401, 0.0029216746334, 0.00145194423385, 0.00108015909791, 0.00190161773935, 0.00103934644721, 0.000705125683453, 0.000601648003794, 0.000548933807295, 0.000524404109456, 0.000288149371045, 0.000182636998943, 0.000160001785844, 0.000145087382407, 0.000234193299548, 0.000484525109641, 0.000239354398218, 0.000136920352816, 0.00015849279589, 0.0001604220015, 0.000143709999975, 6.92890171194e-05, 6.20006976533e-05, 5.91370881011e-05], "dvar2": [3.75325640789e-07, 2.86280578621e-06, 1.05987919596e-06, 4.17236293515e-07, 2.91080851866e-07, 1.11207427267e-07, 7.60270850719e-08, 1.76091816684e-07, 1.70333436245e-07, 8.9282316651e-08, 4.32047748689e-08, 6.43581614668e-08, 1.10676054987e-07, 1.01914956474e-07, 3.23000577396e-08, 1.30442447954e-08, 1.46685117386e-08, 2.13395292548e-08, 1.9531157136e-08, 5.84161030659e-09, 8.96406948669e-09, 4.9806732072e-09, 3.46534312357e-09, 2.36885489002e-09, 4.48316994639e-10, 6.28540386405e-10, 7.22046700208e-10, 2.92893570508e-10, 8.22804463452e-11, 1.21705645562e-10, 2.1677115658e-10, 2.10966377701e-09, 2.5323670938e-10, 7.9379031126e-11, 2.19844628613e-10, 5.22550926141e-11, 4.75188222104e-11, 2.28887481885e-11, 1.22680381479e-11, 1.56530535061e-11], "median": [0.000209554258618, 0.00107002083678, 0.00080338929547, 0.000173431355506, 0.00011529836047, 7.17981674825e-05, 5.57821986149e-05, 7.39144452382e-05, 8.33011436043e-05, 7.94790976215e-05, 6.40872094664e-05, 4.70066952403e-05, 3.56443160854e-05, 2.75863621937e-05, 2.99101084238e-05, 1.75411514647e-05, 2.00214926735e-05, 3.3403011912e-05, 3.73258553736e-05, 2.20496513066e-05, 2.38589891524e-05, 2.95951340377e-05, 2.68208132184e-05, 1.69233571796e-05, 9.07317371457e-06, 1.01367268144e-05, 8.87437363417e-06, 5.78390336159e-06, 2.44634361479e-06, 1.38745463119e-06, 1.78200662049e-06, 2.58926888819e-06, 1.41936743603e-06, 1.12136490316e-06, 1.35729044359e-06, 5.29945111793e-07, 3.76393330725e-07, 3.48449617604e-07, 3.29053506221e-07, 3.58300269454e-07], "dmean2": [0.000397287716623, 0.00129330297932, 0.000805098970886, 0.000335212389473, 0.000291891803499, 0.000158377952175, 0.00012753829651, 0.000194331616512, 0.000200702415896, 0.00014199934958, 0.000100567885966, 0.000122772500617, 0.000103904872958, 9.20267702895e-05, 7.21131000319e-05, 4.84434749524e-05, 5.68305767956e-05, 7.31623513275e-05, 7.17323928257e-05, 3.93805421481e-05, 4.43732205895e-05, 4.21205550083e-05, 3.57466706191e-05, 3.00210831483e-05, 1.22666197058e-05, 1.25809410747e-05, 1.46739730553e-05, 9.88637020782e-06, 4.75785509479e-06, 4.51646246802e-06, 5.92270771449e-06, 1.51418389578e-05, 5.82329357712e-06, 3.30200805365e-06, 6.1091718635e-06, 2.03073227567e-06, 1.6954700186e-06, 1.38372672609e-06, 1.0616918189e-06, 1.49125150983e-06], "dmean": [0.000258690182818, 0.000752657360863, 0.000472428539069, 0.000200053793378, 0.000184965014341, 0.000101249010186, 8.07912801974e-05, 0.00012054691615, 0.000126605053083, 8.96340716281e-05, 6.39307691017e-05, 7.86538803368e-05, 6.61872400087e-05, 5.8362755226e-05, 4.51367814094e-05, 3.0967847124e-05, 3.58049837814e-05, 4.66669043817e-05, 4.55853441963e-05, 2.61892200797e-05, 2.98733630189e-05, 2.7095364203e-05, 2.30370915233e-05, 1.92515835806e-05, 7.87564204074e-06, 8.25556071504e-06, 9.78370553639e-06, 6.67901804263e-06, 3.18617276207e-06, 3.01131763081e-06, 4.02146270062e-06, 9.67340656644e-06, 3.83007090932e-06, 2.23008328248e-06, 4.06244816986e-06, 1.39174790093e-06, 1.1681563592e-06, 9.49760760705e-07, 7.27211954654e-07, 1.03522495465e-06], "var": [3.78264275014e-07, 3.79727612199e-06, 8.46292152801e-07, 2.30119880484e-07, 2.6421278676e-07, 1.01082704873e-07, 1.02876441588e-07, 1.24459532458e-07, 1.41084100846e-07, 5.6163102613e-08, 3.96233303945e-08, 5.90220707863e-08, 8.31434761039e-08, 9.95224027633e-08, 2.55777408142e-08, 1.11963895932e-08, 1.58557753593e-08, 2.27147172183e-08, 1.94401330589e-08, 6.68825350658e-09, 1.47515351046e-08, 5.30068300364e-09, 3.84851928104e-09, 2.84865531164e-09, 4.53218851337e-10, 6.52265186307e-10, 1.00868047248e-09, 4.67585692387e-10, 9.96000990017e-11, 8.61999777113e-11, 1.66348268493e-10, 9.86508985612e-10, 1.50176690528e-10, 5.43429849731e-11, 1.58144816687e-10, 3.73280156785e-11, 2.60843967953e-11, 1.33174235528e-11, 7.47542392571e-12, 1.15438960474e-11], "dvar": [1.73095330069e-07, 1.01139551134e-06, 3.83328398357e-07, 1.58851747756e-07, 1.23147231079e-07, 4.87144582451e-08, 3.46132473794e-08, 7.30358635792e-08, 7.06073706169e-08, 3.62916203756e-08, 1.69420744101e-08, 2.6426752342e-08, 4.13194278792e-08, 4.13740330885e-08, 1.22614016718e-08, 5.15108267152e-09, 5.70045211035e-09, 8.84386963662e-09, 7.90852894283e-09, 2.61252974809e-09, 4.01466992983e-09, 2.09235806459e-09, 1.48776935216e-09, 9.87316228773e-10, 1.95318455853e-10, 2.71010408559e-10, 3.17500942204e-10, 1.37728661809e-10, 4.05556248306e-11, 5.69202393552e-11, 1.07547436234e-10, 8.83761008819e-10, 1.14746372126e-10, 3.74813201309e-11, 1.00611928511e-10, 2.60521881845e-11, 2.11185426785e-11, 1.01446429382e-11, 5.23086825591e-12, 7.23844942319e-12], "mean": [0.000436518806964, 0.0017801693175, 0.00101688376162, 0.000316005112836, 0.000307356822304, 0.00018171510601, 0.000150165316882, 0.000189800688531, 0.000205589138204, 0.000147988495883, 0.000127963867271, 0.000139045863762, 0.000118773561553, 0.000102201767731, 7.76458764449e-05, 5.31879886694e-05, 6.69405490044e-05, 9.00293744053e-05, 8.47472765599e-05, 5.08018601977e-05, 6.45385807729e-05, 5.55038823222e-05, 4.86921708216e-05, 3.97979310947e-05, 1.60835843417e-05, 1.75175482582e-05, 2.09464233194e-05, 1.49038614836e-05, 6.11348286839e-06, 4.34864432464e-06, 5.77916944167e-06, 1.17529389172e-05, 5.09855544806e-06, 3.36055995831e-06, 5.70788688492e-06, 1.91189155885e-06, 1.52954999066e-06, 1.36079518143e-06, 1.2009436432e-06, 1.52642917328e-06]}, "barkbands_skewness": {"min": -2.22478199005, "max": 5.99444198608, "dvar2": 0.345235705376, "median": 0.609927654266, "dmean2": 0.609458565712, "dmean": 0.407763779163, "var": 1.05217301846, "dvar": 0.162880331278, "mean": 0.756990611553}, "spectral_entropy": {"min": 5.63726520538, "max": 9.82310199738, "dvar2": 0.0429637990892, "median": 7.63737869263, "dmean2": 0.203884795308, "dmean": 0.150234043598, "var": 0.218252584338, "dvar": 0.0240073930472, "mean": 7.6651892662}, "spectral_rolloff": {"min": 107.666015625, "max": 19724.4140625, "dvar2": 1965582.125, "median": 2024.12109375, "dmean2": 991.723449707, "dmean": 637.79296875, "var": 6351730, "dvar": 1013132.875, "mean": 2511.80053711}, "barkbands": {"min": [8.90904685543e-26, 1.10755449865e-24, 1.07083686921e-24, 7.18585576606e-25, 1.12373472607e-23, 4.50162528931e-24, 7.0205969992e-24, 1.02791305409e-23, 9.39446011216e-24, 1.25565561971e-23, 1.539906343e-23, 2.47830703463e-23, 2.85310920797e-23, 2.62470541914e-23, 4.30570852806e-23, 6.52848284733e-23, 6.89309246446e-23, 9.93393415956e-23, 1.14002580817e-22, 1.71303632058e-22, 2.2392842945e-22, 2.76753862568e-22, 3.61879855472e-22, 5.72372229279e-22, 8.36805573877e-22, 1.35627348395e-21, 1.76668734397e-21], "max": [0.000264579575742, 0.0227694399655, 0.0359009727836, 0.0208795070648, 0.0250702332705, 0.0285524968058, 0.0317746177316, 0.0480457432568, 0.0237250160426, 0.0171733032912, 0.0328878238797, 0.0383414141834, 0.0208687465638, 0.0192437656224, 0.0218983199447, 0.0236439239234, 0.0151642542332, 0.00856430549175, 0.0149642759934, 0.00640783691779, 0.00705203833058, 0.0123597085476, 0.00922618154436, 0.00762935122475, 0.00692235678434, 0.000449198618298, 6.09753587923e-05], "dvar2": [7.37411021134e-10, 7.35674530006e-06, 1.85462777154e-05, 6.38530082142e-06, 8.78701848706e-06, 3.43766009792e-06, 1.71278497874e-06, 7.39591132515e-06, 4.47498769063e-06, 2.35216430156e-06, 6.47899241812e-06, 5.21783022123e-06, 2.19138291868e-06, 2.13834164242e-06, 2.91233800453e-06, 1.46617514929e-06, 1.35498123655e-06, 6.95681251273e-07, 3.23880414044e-07, 2.92861699336e-07, 1.88385797628e-07, 1.66076199548e-06, 3.42724803204e-07, 1.854313183e-07, 5.07007825945e-07, 1.30291788469e-09, 2.11389013932e-11], "median": [7.36427693937e-07, 0.0011968894396, 0.00243995059282, 0.00126513047144, 0.000661886995658, 0.000381533900509, 0.000248451862717, 0.00038823808427, 0.000630691414699, 0.000310414994601, 0.00020794957527, 0.000261526205577, 0.000255053833826, 0.000237371190451, 0.000517458363902, 0.000293187767966, 0.000508597237058, 0.000346945045749, 0.000273012148682, 0.000208253215533, 6.88024665578e-05, 0.000104109647509, 7.31835752958e-05, 3.26380395563e-05, 4.73796826554e-05, 2.05259766517e-06, 1.15500967013e-07], "dmean2": [1.19860833365e-05, 0.00197770562954, 0.00318786827847, 0.0018316762289, 0.00164491485339, 0.000872314209118, 0.000616259407252, 0.00124573230278, 0.00103957438841, 0.000748352555092, 0.000758320093155, 0.00073823868297, 0.0006758288946, 0.000710886670277, 0.000935632793698, 0.000585005502217, 0.000713900255505, 0.000559101521503, 0.000300813961076, 0.000323684973409, 0.000182779651368, 0.000454988301499, 0.000236168983974, 0.000117684110592, 0.000250860961387, 1.32608647618e-05, 1.18041089081e-06], "dmean": [1.05106109913e-05, 0.00121539691463, 0.00186349556316, 0.00107417360414, 0.00100114883389, 0.000560285465326, 0.000390199187677, 0.000777192472015, 0.000657478405628, 0.000476177723613, 0.000481279101223, 0.000465214950964, 0.000423487188527, 0.000449714367278, 0.000597226899117, 0.000385744904634, 0.000464629760245, 0.000358316581696, 0.000200319875148, 0.000220105284825, 0.000125069782371, 0.00030066864565, 0.000161863310495, 8.24321759865e-05, 0.000173294989509, 8.99007136468e-06, 7.40069538097e-07], "var": [1.52849155555e-09, 6.42521172267e-06, 2.30497480516e-05, 4.93634797749e-06, 6.09118751527e-06, 3.04305422105e-06, 2.0210547973e-06, 5.81708854952e-06, 2.97504539049e-06, 2.31924514082e-06, 5.13962277182e-06, 4.97508153785e-06, 1.82718474662e-06, 2.30716727856e-06, 3.06025049213e-06, 2.2416329557e-06, 1.57073009177e-06, 8.6569832547e-07, 3.79547287821e-07, 5.01004137732e-07, 1.59705905389e-07, 9.05925219286e-07, 2.67268944754e-07, 1.13992840056e-07, 3.09939650833e-07, 6.75207723067e-10, 7.14615346065e-12], "dvar": [5.7304061496e-10, 2.81648863165e-06, 6.71072893965e-06, 2.27312352763e-06, 3.46872207047e-06, 1.5075936517e-06, 7.72733812937e-07, 3.10946120408e-06, 1.81692735168e-06, 9.51118749981e-07, 2.48750166065e-06, 2.10802295442e-06, 8.38962023408e-07, 8.3457001665e-07, 1.20393235647e-06, 6.26985354302e-07, 5.85300085731e-07, 2.95379919635e-07, 1.45902518511e-07, 1.39087759976e-07, 9.43678699628e-08, 7.29148666778e-07, 1.65303731592e-07, 8.4881818907e-08, 2.32464600458e-07, 5.63690316646e-10, 8.33571666553e-12], "mean": [1.66444442584e-05, 0.00212956219912, 0.00416825339198, 0.00196121516638, 0.00154506368563, 0.000973977672402, 0.000679125019815, 0.00118901708629, 0.00112653907854, 0.000857403792907, 0.00082510849461, 0.00081262254389, 0.000718085793778, 0.000832109246403, 0.00113555626012, 0.000824027287308, 0.000964904495049, 0.00075435184408, 0.000453022221336, 0.000511749996804, 0.000196367385797, 0.000393293303205, 0.000242266207351, 0.000119000418636, 0.000230146135436, 1.0754946743e-05, 7.35717662792e-07]}, "melbands_flatness_db": {"min": 0.00320527120493, "max": 0.417870104313, "dvar2": 0.00101102760527, "median": 0.152954772115, "dmean2": 0.0341863892972, "dmean": 0.0239954665303, "var": 0.00426818383858, "dvar": 0.000545947172213, "mean": 0.161888614297}, "melbands_skewness": {"min": -1.48867082596, "max": 9.70734977722, "dvar2": 0.654521226883, "median": 1.655636549, "dmean2": 0.821035146713, "dmean": 0.540085792542, "var": 1.90532124043, "dvar": 0.296960711479, "mean": 1.90613985062}, "silence_rate_60dB": {"min": 0, "max": 1, "dvar2": 0.0122896283865, "median": 0, "dmean2": 0.0107016908005, "dmean": 0.00535019440576, "var": 0.0682526677847, "dvar": 0.00532179372385, "mean": 0.0736778080463}, "spectral_energyband_low": {"min": 1.62577132818e-23, "max": 0.0444770492613, "dvar2": 3.76131320081e-05, "median": 0.00614114524797, "dmean2": 0.00506563624367, "dmean": 0.00297988206148, "var": 4.32842025475e-05, "dvar": 1.34119463837e-05, "mean": 0.0075826626271}, "spectral_energyband_middle_low": {"min": 1.04115667185e-22, "max": 0.0489080995321, "dvar2": 2.92822842312e-05, "median": 0.00637825857848, "dmean2": 0.00438602408394, "dmean": 0.00275565334596, "var": 3.27638772433e-05, "dvar": 1.21227622003e-05, "mean": 0.00765511067584}, "melbands_kurtosis": {"min": -1.80423510075, "max": 113.234367371, "dvar2": 79.5514144897, "median": 2.45822811127, "dmean2": 5.33867263794, "dmean": 3.41497898102, "var": 99.6955947876, "dvar": 33.6209487915, "mean": 6.03223085403}, "spectral_decrease": {"min": -1.79294019631e-08, "max": 2.06686757179e-28, "dvar2": 4.69371354961e-18, "median": -5.73518610381e-09, "dmean2": 2.09715267374e-09, "dmean": 1.3033012447e-09, "var": 8.06075595532e-18, "dvar": 1.82568480563e-18, "mean": -5.58009727314e-09}, "erbbands_kurtosis": {"min": -1.64396524429, "max": 16.8450603485, "dvar2": 2.30927681923, "median": 0.0324177742004, "dmean2": 1.21191370487, "dmean": 0.778297066689, "var": 3.05010080338, "dvar": 1.01028978825, "mean": 0.54094594717}, "melbands_crest": {"min": 1.61227345467, "max": 31.5084095001, "dvar2": 18.5571346283, "median": 12.9832773209, "dmean2": 5.0053191185, "dmean": 3.10787773132, "var": 36.6332588196, "dvar": 7.94562864304, "mean": 13.9160575867}, "mfcc": {"mean": [-636.41784668, 106.894515991, -18.9128360748, 22.2304039001, 8.74725437164, 3.65708446503, -0.945654809475, 9.27653598785, 3.764929533, 2.7337231636, 0.890109777451, -6.22755098343, 0.00561596639454], "icov": [[9.18670775718e-05, -2.73233072221e-05, -1.54462632054e-05, -0.000133233814267, 9.92490822682e-05, -2.32901948038e-05, 9.71083791228e-05, -0.000130165586597, -9.54389633989e-06, 7.16237700544e-05, 1.81069190148e-05, 0.000162221447681, 0.000108627406007], [-2.73233072221e-05, 0.000893741904292, 0.000385197083233, -0.000215644395212, -0.000385650200769, 2.04582702281e-05, -0.000335633347277, -0.000849819742143, 1.54978515639e-05, -0.000270368240308, -0.00037470983807, -0.000115233488032, 0.000115438298963], [-1.54462632054e-05, 0.000385197083233, 0.0021228287369, -0.000270016753348, 2.7168143788e-05, -0.00126750348136, 0.000629245187156, -0.000830566626973, -0.000943515042309, 0.00089879258303, -0.000378668977646, -0.000625201908406, -1.03452912299e-05], [-0.000133233814267, -0.000215644395212, -0.000270016753348, 0.00549539597705, -0.00292896595784, 0.00123824365437, 0.000410136388382, -0.000639305857476, -0.000487813696964, -0.000553022429813, 0.00152697018348, -0.000499689369462, -0.00132445700001], [9.92490822682e-05, -0.000385650200769, 2.7168143788e-05, -0.00292896595784, 0.00850749760866, -0.00110675545875, -0.000419801537646, 0.000857860723045, -0.00105842063203, -0.000712281966116, 0.0016816832358, 4.37262751802e-05, -0.0010770750232], [-2.32901948038e-05, 2.04582702281e-05, -0.00126750348136, 0.00123824365437, -0.00110675545875, 0.00722231157124, -0.00206370721571, -0.001561795827, 0.000191632687347, 0.00151765102055, -0.00196146010421, 0.000576768710744, 0.0010320773581], [9.71083791228e-05, -0.000335633347277, 0.000629245187156, 0.000410136388382, -0.000419801537646, -0.00206370721571, 0.00863437913358, -0.00307344808243, 0.00151167600416, -0.0033311303705, 0.00149857986253, -2.62551748165e-05, 0.000451698666438], [-0.000130165586597, -0.000849819742143, -0.000830566626973, -0.000639305857476, 0.000857860723045, -0.001561795827, -0.00307344808243, 0.0149839464575, -0.00396704766899, -0.00113094318658, 0.000353970099241, 0.000799324887339, -0.00401672068983], [-9.54389633989e-06, 1.54978515639e-05, -0.000943515042309, -0.000487813696964, -0.00105842063203, 0.000191632687347, 0.00151167600416, -0.00396704766899, 0.0106768868864, -0.00276404968463, 0.00182978156954, -0.00036076689139, -0.000404727208661], [7.16237700544e-05, -0.000270368240308, 0.00089879258303, -0.000553022429813, -0.000712281966116, 0.00151765102055, -0.0033311303705, -0.00113094318658, -0.00276404968463, 0.0150222741067, -0.00482963770628, -0.000270323129371, 0.00256191776134], [1.81069190148e-05, -0.00037470983807, -0.000378668977646, 0.00152697018348, 0.0016816832358, -0.00196146010421, 0.00149857986253, 0.000353970099241, 0.00182978156954, -0.00482963770628, 0.0130929592997, -0.000892236828804, -0.0022020637989], [0.000162221447681, -0.000115233488032, -0.000625201908406, -0.000499689369462, 4.37262751802e-05, 0.000576768710744, -2.62551748165e-05, 0.000799324887339, -0.00036076689139, -0.000270323129371, -0.000892236828804, 0.014153345488, -0.00357999908738], [0.000108627406007, 0.000115438298963, -1.03452912299e-05, -0.00132445700001, -0.0010770750232, 0.0010320773581, 0.000451698666438, -0.00401672068983, -0.000404727208661, 0.00256191776134, -0.0022020637989, -0.00357999908738, 0.0149552514777]], "cov": [[12281.9492188, 398.122894287, 181.847885132, 340.161712646, -9.96101379395, 14.9403896332, -124.296981812, 148.08392334, 102.937904358, -70.2420349121, -85.1952514648, -144.016494751, -52.4540939331], [398.122894287, 1560.64611816, -283.707855225, 145.62878418, 124.07383728, -10.5810146332, 149.595169067, 131.170715332, 45.7477722168, 108.924484253, 18.942533493, 4.31819105148, 24.5419921875], [181.847885132, -283.707855225, 700.442810059, 20.6581535339, 4.45417261124, 121.190315247, -56.5844039917, 47.2165184021, 73.2863082886, -56.5562477112, 7.97897529602, 28.2114505768, 29.1308479309], [340.161712646, 145.62878418, 20.6581535339, 311.203552246, 122.902351379, -48.1850662231, -4.74032020569, 41.0761260986, 59.0550842285, 11.2558116913, -51.0792388916, 18.0196590424, 43.794719696], [-9.96101379395, 124.07383728, 4.45417261124, 122.902351379, 179.825424194, 0.653197109699, 19.1988220215, 25.0054073334, 40.6466293335, 14.1673240662, -32.0845375061, 9.36869239807, 25.2356891632], [14.9403896332, -10.5810146332, 121.190315247, -48.1850662231, 0.653197109699, 198.046432495, 44.0864677429, 32.2742233276, 3.89146924019, -6.29810428619, 28.0392589569, -6.36844539642, -6.70562601089], [-124.296981812, 149.595169067, -56.5844039917, -4.74032020569, 19.1988220215, 44.0864677429, 172.571228027, 45.3004722595, -0.890523433685, 45.9107627869, 2.65886926651, -4.08059930801, -3.89008259773], [148.08392334, 131.170715332, 47.2165184021, 41.0761260986, 25.0054073334, 32.2742233276, 45.3004722595, 113.565933228, 50.4774360657, 21.0844669342, -0.633205473423, 4.15534925461, 28.9451713562], [102.937904358, 45.7477722168, 73.2863082886, 59.0550842285, 40.6466293335, 3.89146924019, -0.890523433685, 50.4774360657, 134.703262329, 19.199338913, -17.1693820953, 9.27433395386, 20.4714260101], [-70.2420349121, 108.924484253, -56.5562477112, 11.2558116913, 14.1673240662, -6.29810428619, 45.9107627869, 21.0844669342, 19.199338913, 98.1217269897, 24.2322616577, 1.04314923286, -6.11309957504], [-85.1952514648, 18.942533493, 7.97897529602, -51.0792388916, -32.0845375061, 28.0392589569, 2.65886926651, -0.633205473423, -17.1693820953, 24.2322616577, 103.615562439, 6.13673734665, 3.56832551956], [-144.016494751, 4.31819105148, 28.2114505768, 18.0196590424, 9.36869239807, -6.36844539642, -4.08059930801, 4.15534925461, 9.27433395386, 1.04314923286, 6.13673734665, 81.2829971313, 25.4150867462], [-52.4540939331, 24.5419921875, 29.1308479309, 43.794719696, 25.2356891632, -6.70562601089, -3.89008259773, 28.9451713562, 20.4714260101, -6.11309957504, 3.56832551956, 25.4150867462, 89.3387832642]]}, "spectral_energy": {"min": 9.89880495914e-21, "max": 0.0727502033114, "dvar2": 7.85250231274e-05, "median": 0.0244172830135, "dmean2": 0.00855415780097, "dmean": 0.00544382818043, "var": 0.000144740086398, "dvar": 3.18508173223e-05, "mean": 0.0236709136516}, "melbands_spread": {"min": 2.33023452759, "max": 217.565856934, "dvar2": 267.937408447, "median": 35.5985107422, "dmean2": 14.0920095444, "dmean": 9.39391708374, "var": 593.390563965, "dvar": 133.898147583, "mean": 38.9604759216}, "erbbands_flatness_db": {"min": 0.0353244096041, "max": 0.451548218727, "dvar2": 0.000423481105827, "median": 0.162543088198, "dmean2": 0.0221561882645, "dmean": 0.015375928022, "var": 0.0021183679346, "dvar": 0.00021110009402, "mean": 0.164868474007}, "spectral_contrast_valleys": {"min": [-28.8353271484, -28.2798500061, -27.8108234406, -27.7139492035, -27.4877891541, -27.4204559326], "max": [-5.74689483643, -4.83903455734, -5.59463405609, -5.78179502487, -5.57040834427, -7.21021747589], "dvar2": [0.361284285784, 0.250107705593, 0.172875806689, 0.157705724239, 0.151298955083, 0.243895977736], "median": [-7.46863603592, -6.7830080986, -7.14185142517, -7.39942741394, -7.28233861923, -9.95802307129], "dmean2": [0.740084290504, 0.57839679718, 0.468569308519, 0.424729764462, 0.375235557556, 0.443283736706], "dmean": [0.446707636118, 0.359357446432, 0.29890653491, 0.279564857483, 0.27333676815, 0.353171676397], "var": [7.05457830429, 7.18032932281, 6.84370470047, 6.58971834183, 6.83231115341, 5.95010900497], "dvar": [0.145253419876, 0.112268261611, 0.0851772204041, 0.0815921872854, 0.0865465551615, 0.151354581118], "mean": [-7.95599937439, -7.23849058151, -7.59677648544, -7.83203887939, -7.74346733093, -10.3960580826]}, "barkbands_flatness_db": {"min": 0.0248478818685, "max": 0.371323525906, "dvar2": 0.0006385485176, "median": 0.114546559751, "dmean2": 0.0264424532652, "dmean": 0.0179896745831, "var": 0.00221864576451, "dvar": 0.000313962373184, "mean": 0.122938878834}, "zerocrossingrate": {"min": 0.0048828125, "max": 0.5283203125, "dvar2": 0.000268438976491, "median": 0.0732421875, "dmean2": 0.0145897697657, "dmean": 0.0134215597063, "var": 0.00420693214983, "dvar": 0.000239483037149, "mean": 0.0847117826343}, "spectral_skewness": {"min": -0.0577351339161, "max": 3.85292053223, "dvar2": 0.119342602789, "median": 1.42436015606, "dmean2": 0.323093265295, "dmean": 0.2023858428, "var": 0.150615215302, "dvar": 0.0457017086446, "mean": 1.4231801033}, "hfc