{"lowlevel": {"spectral_complexity": {"min": 0, "max": 47, "dvar2": 22.5841751099, "median": 20, "dmean2": 5.07108068466, "dmean": 3.47907352448, "var": 70.3958816528, "dvar": 11.6061782837, "mean": 19.6745624542}, "silence_rate_20dB": {"min": 1, "max": 1, "dvar2": 0, "median": 1, "dmean2": 0, "dmean": 0, "var": 0, "dvar": 0, "mean": 1}, "average_loudness": 0.962293326855, "erbbands_spread": {"min": 4.05981063843, "max": 163.164657593, "dvar2": 245.572387695, "median": 31.9524517059, "dmean2": 12.9334955215, "dmean": 8.2130651474, "var": 368.113555908, "dvar": 105.781524658, "mean": 35.5047569275}, "spectral_kurtosis": {"min": -1.24458408356, "max": 38.698677063, "dvar2": 14.2464342117, "median": 4.12297725677, "dmean2": 3.26564669609, "dmean": 1.93207621574, "var": 15.9302272797, "dvar": 4.91186380386, "mean": 5.19537305832}, "barkbands_kurtosis": {"min": -1.90705442429, "max": 98.9641494751, "dvar2": 84.5152130127, "median": -0.197759822011, "dmean2": 4.14095497131, "dmean": 2.51943826675, "var": 64.8610687256, "dvar": 33.3681259155, "mean": 2.52889800072}, "spectral_strongpeak": {"min": 0, "max": 16.9436988831, "dvar2": 5.27541065216, "median": 0.472167909145, "dmean2": 1.35767090321, "dmean": 0.789613425732, "var": 3.95054578781, "dvar": 2.10663890839, "mean": 1.33837330341}, "spectral_spread": {"min": 1539502, "max": 41335800, "dvar2": 778710679552, "median": 3593201.25, "dmean2": 606435.3125, "dmean": 414785.15625, "var": 1620282441730.0, "dvar": 413963714560, "mean": 3731241.75}, "spectral_rms": {"min": 3.2029739104e-12, "max": 0.0089113926515, "dvar2": 1.4992430124e-06, "median": 0.00452968711033, "dmean2": 0.00104912579991, "dmean": 0.000664125313051, "var": 1.97297322302e-06, "dvar": 5.85871873682e-07, "mean": 0.00432218238711}, "dynamic_complexity": 2.46256875992, "erbbands": {"min": [5.73004378233e-22, 1.59676776522e-21, 1.74586000243e-20, 4.35852418435e-20, 1.52526191906e-20, 5.01362214892e-20, 9.38827570898e-20, 1.05609845268e-19, 3.39826837044e-19, 2.42209857089e-19, 8.14748604934e-19, 1.93059777708e-18, 1.04752084822e-18, 2.11908101261e-18, 3.89886453207e-18, 4.9881079568e-18, 5.21358705202e-18, 3.37121408433e-18, 7.46202939307e-18, 6.6778050969e-18, 6.30479461712e-18, 6.07581323918e-18, 9.20657563882e-18, 1.23809813283e-17, 1.31687658099e-17, 1.25089395517e-17, 1.78452256127e-17, 1.2297722291e-17, 1.51200658497e-17, 1.3316700445e-17, 1.66487386351e-17, 1.38637406267e-17, 1.39543218668e-17, 1.50501492356e-17, 9.53961840576e-18, 5.22356698611e-18, 2.56641036171e-18, 1.13948606494e-18, 2.73594924836e-19, 2.87786119436e-20], "max": [0.909983873367, 5.86901092529, 50.2572975159, 137.568389893, 163.147994995, 126.833305359, 103.150932312, 248.402984619, 205.459060669, 270.284881592, 571.745483398, 618.785583496, 460.439056396, 450.689331055, 862.382263184, 1458.29187012, 1095.31152344, 595.967651367, 1607.74328613, 1692.75305176, 1308.8203125, 1187.13134766, 1486.18310547, 610.258483887, 1146.15734863, 528.970947266, 254.360351563, 210.132080078, 552.380187988, 353.284942627, 421.781677246, 104.79839325, 162.367767334, 35.0897445679, 26.7130718231, 1.36778390408, 0.0999546870589, 0.0107715884224, 0.000541035376955, 0.000114730493806], "dvar2": [0.00498891249299, 0.392276614904, 32.0623092651, 407.395690918, 256.029907227, 164.246047974, 125.08001709, 607.938354492, 750.377441406, 215.42376709, 675.402404785, 933.354614258, 468.570526123, 911.805114746, 2618.82421875, 2781.49365234, 1514.15905762, 1428.63000488, 6885.29785156, 7355.58789063, 8210.99707031, 4537.62744141, 2659.93652344, 887.171142578, 1692.28442383, 724.107910156, 79.8876113892, 210.520294189, 1389.1809082, 156.977157593, 697.214050293, 24.9604263306, 16.4859027863, 1.37587404251, 1.16547966003, 0.00443688035011, 5.2229504945e-05, 5.92378626152e-07, 1.11586184737e-09, 2.42951686547e-10], "median": [0.0122583275661, 0.223889619112, 1.78926444054, 4.90376281738, 4.22451114655, 1.91933751106, 1.72288620472, 2.0042090416, 1.62497437, 1.71489739418, 3.47325944901, 5.601334095, 6.05550718307, 7.16099500656, 5.49839401245, 5.69142055511, 6.42020606995, 8.90782260895, 22.8537044525, 29.7540912628, 28.1183834076, 23.6696357727, 26.9431114197, 18.8993988037, 15.7503623962, 7.54194450378, 2.30194711685, 3.10570335388, 4.86930418015, 2.34182167053, 1.55487811565, 0.650297045708, 0.325292110443, 0.187248632312, 0.0804335325956, 0.0151768838987, 0.00209829048254, 0.000208431752981, 2.20316742343e-05, 2.93188222713e-05], "dmean2": [0.0390980988741, 0.430689752102, 3.35691523552, 10.1443805695, 8.48474025726, 6.09022951126, 4.99336338043, 7.51058673859, 8.66582489014, 5.63800382614, 11.2088365555, 13.3699893951, 11.1328754425, 14.5118999481, 18.456829071, 15.6814050674, 14.2418270111, 17.7174186707, 37.5547103882, 44.6238632202, 45.9450492859, 35.6663360596, 32.5366744995, 18.3173007965, 18.3649787903, 14.9963188171, 4.43236112595, 7.28057146072, 12.4469451904, 4.94078159332, 6.57432460785, 1.65912294388, 0.966430127621, 0.410684585571, 0.213550299406, 0.028593160212, 0.00376251223497, 0.000392580899643, 1.56206260726e-05, 1.24839425553e-05], "dmean": [0.0281561985612, 0.252987325191, 1.92998993397, 5.98031187057, 5.02794694901, 3.49676680565, 3.06315016747, 4.52610731125, 5.00489997864, 3.38542056084, 6.91020154953, 8.38415908813, 7.00851774216, 9.17577838898, 11.6642255783, 10.0324029922, 9.28485679626, 11.4781513214, 24.3935546875, 29.6959171295, 29.5683059692, 23.2781219482, 21.9094276428, 12.5457925797, 12.7497997284, 10.3561849594, 3.04252171516, 4.93473434448, 8.08379650116, 3.32551932335, 4.18219327927, 1.10710096359, 0.668067157269, 0.280394762754, 0.141022726893, 0.0192145220935, 0.00254248292185, 0.000259489635937, 1.05316321424e-05, 7.88480792835e-06], "var": [0.00685229385272, 0.29774415493, 24.7879219055, 173.186080933, 113.973335266, 52.4659156799, 61.3689422607, 185.10559082, 191.542312622, 192.754837036, 807.46484375, 936.162414551, 488.883453369, 796.296691895, 2420.70874023, 2402.59033203, 1792.4375, 1531.67956543, 7784.70019531, 9836.50292969, 14793.90625, 6135.63085938, 4975.37011719, 1715.06921387, 2409.87426758, 1582.01367188, 330.555480957, 387.942108154, 919.384643555, 161.476638794, 296.481384277, 22.2232017517, 17.9079189301, 1.49349582195, 0.578525424004, 0.0046084872447, 8.38040505187e-05, 8.60586339968e-07, 1.19150922462e-09, 2.57144305849e-10], "dvar": [0.00278384424746, 0.141526386142, 11.1654243469, 143.792358398, 93.4455566406, 59.6036834717, 50.0330810547, 226.198669434, 269.188262939, 86.4472961426, 299.627655029, 413.506347656, 197.918762207, 373.514343262, 1115.96130371, 1081.47802734, 628.301635742, 615.934692383, 2724.11791992, 3494.17138672, 3415.7097168, 1923.77062988, 1371.87658691, 456.741699219, 878.59185791, 366.817626953, 34.8997421265, 96.6792526245, 589.658325195, 78.6475448608, 276.230621338, 10.986702919, 7.45689296722, 0.623067200184, 0.504601538181, 0.00196842593141, 2.30402165471e-05, 2.61604299112e-07, 4.9170539862e-10, 9.56723242296e-11], "mean": [0.0433955974877, 0.426200330257, 3.724132061, 9.45347309113, 7.68040180206, 4.14618873596, 4.23288440704, 5.49911880493, 5.126496315, 4.87607240677, 10.9156770706, 13.6224889755, 12.4839267731, 16.3109016418, 19.7678947449, 17.6654529572, 17.6902885437, 22.433681488, 51.933380127, 62.0612449646, 71.2542495728, 53.2049064636, 51.9480323792, 32.3912734985, 30.1020965576, 25.0547866821, 8.8349237442, 11.4606227875, 15.1087474823, 6.70127630234, 6.14125967026, 2.03560829163, 1.27604055405, 0.528488576412, 0.225256726146, 0.0405987836421, 0.00596035411581, 0.000597000238486, 3.17449339491e-05, 2.86646609311e-05]}, "spectral_contrast_coeffs": {"min": [-0.970972180367, -0.971961140633, -0.968354821205, -0.965085029602, -0.965556561947, -0.961229264736], "max": [-0.331985741854, -0.31396701932, -0.448292195797, -0.490844964981, -0.485033452511, -0.542007029057], "dvar2": [0.00636196369305, 0.00353420223109, 0.00215230486356, 0.00190547888633, 0.0011562431464, 0.000867487746291], "median": [-0.609019875526, -0.768543660641, -0.769450426102, -0.734965145588, -0.711716294289, -0.74744451046], "dmean2": [0.09413613379, 0.0740521028638, 0.0602108314633, 0.0542864240706, 0.0422605648637, 0.0324726291001], "dmean": [0.0563587620854, 0.044341403991, 0.0369285084307, 0.034156922251, 0.0280486755073, 0.0220133252442], "var": [0.00758695835248, 0.00427823932841, 0.00335023947991, 0.00387891288847, 0.00425880542025, 0.0036981087178], "dvar": [0.00239133345895, 0.00132707285229, 0.00085610471433, 0.000816411629785, 0.000578823674005, 0.00045337175834], "mean": [-0.613046348095, -0.760738968849, -0.762799203396, -0.731362044811, -0.71105670929, -0.751277387142]}, "dissonance": {"min": 0.276894211769, "max": 0.499999940395, "dvar2": 0.000389411958167, "median": 0.484180510044, "dmean2": 0.0194159541279, "dmean": 0.0113755576313, "var": 0.000279402127489, "dvar": 0.000143576893606, "mean": 0.480153977871}, "spectral_energyband_high": {"min": 7.46738671231e-21, "max": 0.0204643495381, "dvar2": 2.41982388616e-06, "median": 0.000459308794234, "dmean2": 0.000657423224766, "dmean": 0.000453278014902, "var": 2.77710591945e-06, "dvar": 1.08181518499e-06, "mean": 0.00110751495231}, "gfcc": {"mean": [-14.7307701111, 89.3676452637, -142.942672729, 52.6039085388, -42.7059936523, 16.9001598358, -41.43309021, 12.2261066437, -22.2122268677, -10.6147003174, -23.0917034149, -8.4064283371, -11.3689680099], "icov": [[0.000461925665149, -0.000349888578057, 0.000638602068648, -0.000928615394514, 0.000591317599174, -0.000342143554008, 0.000510615995154, -0.000317246565828, 0.00092331104679, -0.000331635732437, 0.000371817470295, -0.000173618784174, 0.000230428413488], [-0.000349888578057, 0.0038611437194, -0.00302460626699, 0.00338787073269, -0.00257423496805, 0.00302978884429, -0.00221531139687, 0.00339252990671, -0.00276961014606, 0.00333913322538, -0.002502390882, 0.00217441050336, -0.00124507490546], [0.000638602068648, -0.00302460626699, 0.00455738278106, -0.00422196695581, 0.00224911118858, -0.00224797427654, 0.00211570551619, -0.0019100176869, 0.00195241323672, -0.00130845897365, 0.00134844798595, -0.000811389123555, 0.000999955344014], [-0.000928615394514, 0.00338787073269, -0.00422196695581, 0.00762797426432, -0.0030703865923, 0.00222084368579, -0.00253386795521, 0.00277156103402, -0.00314622907899, 0.00209021754563, 0.000316053454299, -0.00027813349152, -0.00122395239305], [0.000591317599174, -0.00257423496805, 0.00224911118858, -0.0030703865923, 0.00493648648262, -0.000776055559982, 0.000276899343589, -0.00334278796799, 0.00268111773767, -0.000583426037338, 0.00082165573258, 0.000141189375427, 3.51698290615e-05], [-0.000342143554008, 0.00302978884429, -0.00224797427654, 0.00222084368579, -0.000776055559982, 0.00856828317046, -0.00514427805319, 0.0050982888788, -0.00313569209538, 0.00317248189822, -0.00295123970136, 0.00134579720907, -0.00189787673298], [0.000510615995154, -0.00221531139687, 0.00211570551619, -0.00253386795521, 0.000276899343589, -0.00514427805319, 0.0109763052315, -0.00349632790312, 0.00372186419554, -0.00472841365263, 0.00250833923928, -0.00107777200174, 0.00266279792413], [-0.000317246565828, 0.00339252990671, -0.0019100176869, 0.00277156103402, -0.00334278796799, 0.0050982888788, -0.00349632790312, 0.0123794358224, -0.00658390298486, 0.00231465627439, -0.0040486655198, 0.00461890129372, -0.00363675854169], [0.00092331104679, -0.00276961014606, 0.00195241323672, -0.00314622907899, 0.00268111773767, -0.00313569209538, 0.00372186419554, -0.00658390298486, 0.0122361844406, -0.00361113622785, 0.00406609103084, -0.00509214028716, 0.0032059266232], [-0.000331635732437, 0.00333913322538, -0.00130845897365, 0.00209021754563, -0.000583426037338, 0.00317248189822, -0.00472841365263, 0.00231465627439, -0.00361113622785, 0.0154552021995, -0.00562266213819, 0.00229194387794, -0.00201170146465], [0.000371817470295, -0.002502390882, 0.00134844798595, 0.000316053454299, 0.00082165573258, -0.00295123970136, 0.00250833923928, -0.0040486655198, 0.00406609103084, -0.00562266213819, 0.0122579904273, -0.00352877448313, 0.00176135054789], [-0.000173618784174, 0.00217441050336, -0.000811389123555, -0.00027813349152, 0.000141189375427, 0.00134579720907, -0.00107777200174, 0.00461890129372, -0.00509214028716, 0.00229194387794, -0.00352877448313, 0.0141101162881, -0.00604555709288], [0.000230428413488, -0.00124507490546, 0.000999955344014, -0.00122395239305, 3.51698290615e-05, -0.00189787673298, 0.00266279792413, -0.00363675854169, 0.0032059266232, -0.00201170146465, 0.00176135054789, -0.00604555709288, 0.012904247269]], "cov": [[4273.42724609, -1147.40161133, -380.187469482, 498.338623047, -631.029663086, 233.960372925, -60.8151245117, -244.785507202, -166.451034546, 61.2141723633, -174.949356079, 174.111129761, 25.7471256256], [-1147.40161133, 1695.54846191, 494.541748047, -307.159393311, 575.535217285, -304.895202637, -11.8859243393, 50.9574966431, -29.2955036163, -173.154678345, 115.27331543, -223.713851929, -53.2260627747], [-380.187469482, 494.541748047, 734.782897949, 202.833557129, 36.9234771729, -6.66648340225, -36.7085990906, -53.5209579468, 35.6150856018, -87.4443969727, -40.2520904541, -8.03553676605, -12.5356054306], [498.338623047, -307.159393311, 202.833557129, 444.192199707, -69.0966796875, 68.4358978271, 3.01346516609, -53.8629379272, 38.1983566284, -12.6760702133, -106.250694275, 86.2210006714, 25.7602882385], [-631.029663086, 575.535217285, 36.9234771729, -69.0966796875, 593.208007813, -162.723419189, 43.2102165222, 136.184005737, -38.0966415405, -51.0473937988, 45.8369178772, -121.553359985, -0.397909998894], [233.960372925, -304.895202637, -6.66648340225, 68.4358978271, -162.723419189, 273.392364502, 62.341583252, -92.5266571045, 1.5233900547, 19.7567176819, -12.5262537003, 58.6433029175, 7.00878429413], [-60.8151245117, -11.8859243393, -36.7085990906, 3.01346516609, 43.2102165222, 62.341583252, 151.301696777, 11.0458545685, -21.5667514801, 28.8781547546, 5.88383245468, -16.7370128632, -14.771900177], [-244.785507202, 50.9574966431, -53.5209579468, -53.8629379272, 136.184005737, -92.5266571045, 11.0458545685, 193.836288452, 44.2427253723, 15.6779508591, 33.800327301, -42.4243659973, 13.6591281891], [-166.451034546, -29.2955036163, 35.6150856018, 38.1983566284, -38.0966415405, 1.5233900547, -21.5667514801, 44.2427253723, 156.492172241, 9.13260746002, -20.3526744843, 40.3365821838, 2.47619843483], [61.2141723633, -173.154678345, -87.4443969727, -12.6760702133, -51.0473937988, 19.7567176819, 28.8781547546, 15.6779508591, 9.13260746002, 110.3931427, 30.8109054565, 13.6802253723, 6.42240381241], [-174.949356079, 115.27331543, -40.2520904541, -106.250694275, 45.8369178772, -12.5262537003, 5.88383245468, 33.800327301, -20.3526744843, 30.8109054565, 138.970199585, -12.3380727768, -1.25708270073], [174.111129761, -223.713851929, -8.03553676605, 86.2210006714, -121.553359985, 58.6433029175, -16.7370128632, -42.4243659973, 40.3365821838, 13.6802253723, -12.3380727768, 146.300094604, 46.8961448669], [25.7471256256, -53.2260627747, -12.5356054306, 25.7602882385, -0.397909998894, 7.00878429413, -14.771900177, 13.6591281891, 2.47619843483, 6.42240381241, -1.25708270073, 46.8961448669, 105.771018982]]}, "spectral_flux": {"min": 6.56225976337e-11, "max": 0.258619576693, "dvar2": 0.00120494328439, "median": 0.0722326859832, "dmean2": 0.0335243754089, "dmean": 0.0214374829084, "var": 0.00146293744911, "dvar": 0.000564895453863, "mean": 0.0765937715769}, "silence_rate_30dB": {"min": 1, "max": 1, "dvar2": 0, "median": 1, "dmean2": 0, "dmean": 0, "var": 0, "dvar": 0, "mean": 1}, "spectral_energyband_middle_high": {"min": 1.4880994366e-21, "max": 0.0486132316291, "dvar2": 1.58750699484e-05, "median": 0.00532781053334, "dmean2": 0.00306020653807, "dmean": 0.00212480523624, "var": 4.49003346148e-05, "dvar": 7.64579544921e-06, "mean": 0.00740589061752}, "barkbands_spread": {"min": 1.28647851944, "max": 96.3832778931, "dvar2": 138.76625061, "median": 29.2570304871, "dmean2": 10.7891979218, "dmean": 6.86363935471, "var": 206.884307861, "dvar": 59.168762207, "mean": 29.3186893463}, "spectral_centroid": {"min": 181.417709351, "max": 11391.6396484, "dvar2": 300422.40625, "median": 1987.43908691, "dmean2": 456.036560059, "dmean": 302.609039307, "var": 637763.6875, "dvar": 135907.671875, "mean": 1916.86364746}, "pitch_salience": {"min": 0.15941759944, "max": 0.847215533257, "dvar2": 0.0119259776548, "median": 0.528595209122, "dmean2": 0.118584804237, "dmean": 0.0724671259522, "var": 0.0120932199061, "dvar": 0.00441415514797, "mean": 0.526384413242}, "erbbands_skewness": {"min": -4.66435575485, "max": 2.9402050972, "dvar2": 0.346092253923, "median": -0.597669780254, "dmean2": 0.554398059845, "dmean": 0.363682001829, "var": 0.627825081348, "dvar": 0.150238528848, "mean": -0.575196504593}, "erbbands_crest": {"min": 2.69037055969, "max": 25.2499485016, "dvar2": 11.095117569, "median": 8.01727390289, "dmean2": 3.63612866402, "dmean": 2.24026298523, "var": 12.5967750549, "dvar": 4.46348237991, "mean": 8.80816078186}, "melbands": {"min": [5.73254333544e-24, 6.57148586409e-24, 7.40568497211e-24, 1.9173997942e-24, 3.11970408036e-24, 2.1799682022e-24, 5.16128497775e-24, 3.95948812638e-24, 7.6748356355e-24, 1.31863283124e-23, 4.57065140738e-24, 8.80820393095e-24, 1.02302850625e-23, 1.31689315628e-23, 1.17557369494e-23, 1.03810829243e-23, 5.03084091062e-24, 1.36470680461e-23, 9.28140845583e-24, 8.61486201169e-24, 7.3766044037e-24, 6.78613649412e-24, 4.8102686962e-24, 7.34084533887e-24, 1.01201024933e-23, 9.59341241018e-24, 7.94514276898e-24, 7.32479990806e-24, 1.33703167079e-23, 6.33257933894e-24, 7.41723862893e-24, 8.68099143251e-24, 6.47758025636e-24, 8.52726926336e-24, 1.04231852197e-23, 8.23066229616e-24, 7.64985951038e-24, 9.67152226157e-24, 1.00620115651e-23, 1.09873091193e-23], "max": [0.00649954611436, 0.0188819561154, 0.0205332506448, 0.00885037705302, 0.00312269828282, 0.00527787953615, 0.00309728900902, 0.00459011597559, 0.00409960420802, 0.00335722998716, 0.00232741073705, 0.00207004416734, 0.00396047439426, 0.00523123936728, 0.00229442142881, 0.00136213377118, 0.00114312581718, 0.00284892274067, 0.00160102336667, 0.00139495136682, 0.00214468734339, 0.00125379476231, 0.00130292784888, 0.00110827456228, 0.000518529966939, 0.000863889348693, 0.000510968151502, 0.000347868015524, 0.000239296481595, 9.32391776587e-05, 0.000161553020007, 0.000372326350771, 0.000211097954889, 0.00017371114518, 0.000340145546943, 0.000138888935908, 8.75791884027e-05, 0.000144835561514, 6.11747018411e-05, 1.79783892236e-05], "dvar2": [3.30093257617e-07, 4.60979254058e-06, 9.59087992669e-06, 1.07489893253e-06, 1.30057216552e-07, 2.97718031561e-07, 1.51970667162e-07, 3.19359045875e-08, 4.43275816053e-08, 3.32052003671e-08, 1.25658212724e-08, 1.61255275799e-08, 4.88745257599e-08, 3.41242731849e-08, 7.37194083555e-09, 5.23577359246e-09, 6.0880984698e-09, 2.22614353618e-08, 1.33554225457e-08, 9.52027168211e-09, 1.68770899478e-08, 6.02812422201e-09, 4.67236915824e-09, 3.61354390854e-09, 6.0746607744e-10, 1.29017496686e-09, 6.6903632634e-10, 3.40994454895e-10, 6.25233961826e-11, 2.364266595e-11, 1.17381701581e-10, 6.39816755132e-10, 1.29161514817e-10, 3.82717989245e-11, 4.75020411894e-10, 2.53523348148e-11, 9.10998013137e-12, 1.20901656742e-11, 3.71011251235e-12, 6.24682868367e-13], "median": [0.000157504036906, 0.000751299900003, 0.000921337050386, 0.000221567039262, 6.45061081741e-05, 4.5566164772e-05, 2.45265346166e-05, 1.80068273039e-05, 3.38021527568e-05, 3.47045315721e-05, 2.85739770334e-05, 2.86539961962e-05, 1.64008561114e-05, 1.43408487929e-05, 1.17802856039e-05, 1.21538423627e-05, 1.48489425555e-05, 3.15003235301e-05, 3.3646596421e-05, 3.10028517561e-05, 3.08512535412e-05, 2.32485272136e-05, 1.76513876795e-05, 2.42453097599e-05, 1.20664381029e-05, 1.03705824586e-05, 9.03336876945e-06, 3.43524425261e-06, 1.15297154935e-06, 9.29786267534e-07, 1.83438032764e-06, 2.80749077319e-06, 1.62766593803e-06, 9.82401388683e-07, 9.09016193873e-07, 4.92600463531e-07, 2.7907464073e-07, 2.09097152037e-07, 1.80079396728e-07, 1.3845918545e-07], "dmean2": [0.00036974568502, 0.00132270669565, 0.00161250005476, 0.00051278603496, 0.00017073014169, 0.000170796207385, 0.000125165941427, 6.41591323074e-05, 0.000100083525467, 8.08189506643e-05, 5.73718862142e-05, 6.10113274888e-05, 7.04109916114e-05, 5.61245869903e-05, 2.97350070468e-05, 3.14084136335e-05, 3.66780077456e-05, 6.52908274787e-05, 6.21719227638e-05, 5.24075585417e-05, 6.15909812041e-05, 4.03845551773e-05, 3.36797966156e-05, 3.68047039956e-05, 1.39934381878e-05, 1.4017254216e-05, 1.42181579577e-05, 9.85571386991e-06, 3.52332972398e-06, 2.45792944042e-06, 5.26818030266e-06, 8.38869982545e-06, 4.11095516029e-06, 2.52079485108e-06, 5.03624869452e-06, 1.56456928835e-06, 8.83453367351e-07, 7.58891246733e-07, 5.41877227533e-07, 3.0187777611e-07], "dmean": [0.000244625582127, 0.000759966322221, 0.000961395271588, 0.000297664781101, 0.000104683545942, 0.000103841040982, 7.25213176338e-05, 3.85744206142e-05, 6.17939513177e-05, 5.05764037371e-05, 3.60805061064e-05, 3.84725753975e-05, 4.44980905741e-05, 3.55354750354e-05, 1.92786155822e-05, 2.01959392143e-05, 2.36109808611e-05, 4.23186320404e-05, 4.07870174968e-05, 3.51027811121e-05, 3.96074574383e-05, 2.60382257693e-05, 2.20532128878e-05, 2.47755542659e-05, 9.58067448664e-06, 9.47796888795e-06, 9.76443971012e-06, 6.75744513501e-06, 2.33451919485e-06, 1.66462484685e-06, 3.52561346517e-06, 5.43168425793e-06, 2.66480242317e-06, 1.70208318195e-06, 3.16678278978e-06, 1.02616127151e-06, 5.82052280151e-07, 5.16979355325e-07, 3.70740167455e-07, 2.01754787099e-07], "var": [3.83616963973e-07, 3.55655515705e-06, 4.51746836916e-06, 3.62198875337e-07, 6.40790958073e-08, 9.72291189782e-08, 3.9612455538e-08, 2.73198423884e-08, 5.19006739808e-08, 3.0849193422e-08, 1.28711548086e-08, 1.3686418221e-08, 4.27178754592e-08, 3.59729632748e-08, 7.22828863431e-09, 6.42802078232e-09, 6.50906839539e-09, 2.28792345069e-08, 1.78101160486e-08, 1.2836848029e-08, 2.88289037087e-08, 6.85924295141e-09, 5.94540949805e-09, 5.67598856804e-09, 1.06659159282e-09, 1.69344904766e-09, 1.0599447986e-09, 7.12366887701e-10, 2.30917215904e-10, 5.31888005861e-11, 1.9229134951e-10, 4.21147200447e-10, 1.0237479614e-10, 4.24578254499e-11, 1.86553730797e-10, 1.71350728745e-11, 7.65535985298e-12, 1.17904123964e-11, 4.10007704871e-12, 6.02023639273e-13], "dvar": [1.57896053565e-07, 1.60570630214e-06, 3.42413432008e-06, 3.8980428485e-07, 5.17503657704e-08, 1.12476207903e-07, 5.45605978175e-08, 1.25867325451e-08, 1.96832434796e-08, 1.43823024601e-08, 5.24835908067e-09, 6.50092513155e-09, 2.08994972439e-08, 1.36672673179e-08, 3.07843617264e-09, 2.23481766426e-09, 2.68374233947e-09, 8.78231887214e-09, 5.84313131213e-09, 4.54471926759e-09, 6.94838009352e-09, 2.50157317083e-09, 2.1413444351e-09, 1.75765002552e-09, 3.11934728048e-10, 6.62110866134e-10, 3.28676058592e-10, 1.71624228718e-10, 2.71973034371e-11, 1.08702057772e-11, 5.25464602386e-11, 2.69521210905e-10, 5.91628412927e-11, 1.9329388784e-11, 1.85750900772e-10, 1.07024077101e-11, 3.88514524371e-12, 5.31710873247e-12, 1.65629727815e-12, 2.78450412684e-13], "mean": [0.000396473798901, 0.00145749398507, 0.00162836059462, 0.000403080193792, 0.000147182930959, 0.000127931532916, 7.61311530368e-05, 5.60744738323e-05, 9.84920770861e-05, 8.05536255939e-05, 6.21595754637e-05, 6.63244209136e-05, 7.01893513906e-05, 5.91401694692e-05, 3.46731867467e-05, 3.63414110325e-05, 4.27321610914e-05, 8.3268925664e-05, 8.31825091154e-05, 6.93516412866e-05, 8.99411606952e-05, 5.40690634807e-05, 4.56927373307e-05, 5.2727835282e-05, 2.20855454245e-05, 2.11871683859e-05, 2.13823768718e-05, 1.54987174028e-05, 6.0795355239e-06, 3.93026220991e-06, 7.60582770454e-06, 9.87981184153e-06, 4.88525301989e-06, 3.2470907172e-06, 4.264682957e-06, 1.74200329184e-06, 1.0133600199e-06, 9.38351774948e-07, 6.74170621551e-07, 3.62118782959e-07]}, "barkbands_skewness": {"min": -3.46482610703, "max": 9.12091445923, "dvar2": 1.13594996929, "median": 0.648111581802, "dmean2": 0.921263813972, "dmean": 0.589097380638, "var": 2.29202103615, "dvar": 0.462629199028, "mean": 0.920229971409}, "spectral_entropy": {"min": 5.64485168457, "max": 9.81422805786, "dvar2": 0.0580274350941, "median": 7.52072381973, "dmean2": 0.229681327939, "dmean": 0.15707719326, "var": 0.198761641979, "dvar": 0.0272393971682, "mean": 7.44432926178}, "spectral_rolloff": {"min": 64.599609375, "max": 19099.9511719, "dvar2": 1856951.625, "median": 2347.11914063, "dmean2": 979.93548584, "dmean": 588.609375, "var": 2279829, "dvar": 819905.4375, "mean": 2300.13085938}, "barkbands": {"min": [1.396772896e-23, 9.25434737134e-24, 1.85763553425e-23, 4.10897016817e-24, 1.75971864771e-23, 1.17384380186e-23, 1.94957064632e-23, 3.86103583994e-23, 9.82869317283e-23, 4.36007398175e-23, 5.75160126827e-23, 1.1420837885e-22, 1.06076257902e-22, 6.295539164e-23, 9.48585233016e-23, 1.10611198366e-22, 1.11832670591e-22, 1.6406260839e-22, 2.76550298589e-22, 1.96716300182e-22, 3.51531035381e-22, 4.01646926928e-22, 5.67885945757e-22, 9.09644218835e-22, 1.40126536419e-21, 1.41311710946e-21, 2.01905154586e-21], "max": [0.00195189705119, 0.0209508948028, 0.0472263470292, 0.0535215847194, 0.0325108878314, 0.0258564092219, 0.0151482941583, 0.0292105674744, 0.0218747537583, 0.0138260405511, 0.0266304314137, 0.0352853648365, 0.0231052618474, 0.0180944185704, 0.0244906581938, 0.0201701018959, 0.0195085927844, 0.0207568109035, 0.0162092838436, 0.00976594351232, 0.00414584111422, 0.0108757149428, 0.0102085731924, 0.00695509836078, 0.00245219841599, 0.000101634286693, 3.07918071485e-06], "dvar2": [4.26993906899e-08, 5.51151288164e-06, 4.76015302411e-05, 5.92676587985e-05, 1.44248169818e-05, 7.05861702954e-06, 2.42125702243e-06, 1.33142123104e-06, 1.54015970111e-06, 7.81576147801e-07, 2.1663561256e-06, 1.8567512825e-06, 7.28820737095e-07, 1.30527064357e-06, 2.96263510791e-06, 2.52867357631e-06, 1.98391217054e-06, 8.67884637046e-07, 5.38829510788e-07, 3.15962637387e-07, 5.43796474517e-08, 6.11832263075e-07, 4.41405319407e-07, 4.19609165192e-08, 1.32036825917e-08, 3.48411577367e-11, 4.11913274215e-14], "median": [4.7456665925e-05, 0.000722583034076, 0.00184545409866, 0.00175535154995, 0.00065805518534, 0.000253057427472, 0.000107011379441, 9.27810906433e-05, 0.000258680840489, 0.000194664593437, 9.20561651583e-05, 0.000112090361654, 0.000120254640933, 0.000205048447242, 0.000497508503031, 0.000431189953815, 0.000405809143558, 0.000468550628284, 0.000283783127088, 0.000140315634781, 5.06196338392e-05, 0.000121318284073, 5.64808142371e-05, 2.28847529797e-05, 1.46050597323e-05, 1.70796727161e-06, 2.89232264805e-08], "dmean2": [0.000131707201945, 0.00160980643705, 0.00387234194204, 0.00393531098962, 0.00186886067968, 0.000875265919603, 0.000525438226759, 0.000411560205976, 0.000597709382419, 0.000429771549534, 0.000468444282888, 0.000419013464125, 0.000334732962074, 0.000545741233509, 0.000898609985597, 0.000837623607367, 0.000738510105293, 0.000611407216638, 0.000350825284841, 0.000312648538966, 0.000124821715872, 0.00028640619712, 0.000192348205019, 6.06516950938e-05, 3.20982944686e-05, 3.12922588819e-06, 8.8186702385e-08], "dmean": [8.12476864667e-05, 0.000996472663246, 0.00222614011727, 0.00235946453176, 0.0010782078607, 0.000539290602319, 0.000304621382384, 0.000253048812738, 0.000369661458535, 0.000272427714663, 0.000294825207675, 0.000266761315288, 0.00021479150746, 0.000346897460986, 0.000583040236961, 0.000542584690265, 0.000477299268823, 0.000411301763961, 0.000238576700212, 0.000212193015614, 8.51554432302e-05, 0.000187665806152, 0.000125025180751, 4.15849390265e-05, 2.13930015889e-05, 2.09744189306e-06, 5.52067618287e-08], "var": [2.79208762777e-08, 4.93447259942e-06, 2.87479633698e-05, 2.86872964352e-05, 4.61927811557e-06, 2.62348771685e-06, 7.64961328059e-07, 1.41337102377e-06, 1.47855121213e-06, 7.38892481422e-07, 1.91435606212e-06, 1.89557033536e-06, 8.48011438848e-07, 1.36125072459e-06, 3.60360627383e-06, 4.05769515055e-06, 2.31865487876e-06, 1.4758575162e-06, 7.99443000687e-07, 6.8389556418e-07, 1.25062328493e-07, 4.76648949643e-07, 2.28532670121e-07, 4.96895715685e-08, 8.457810452e-09, 5.639795575e-11, 2.98644437088e-14], "dvar": [1.60341606659e-08, 2.22699827646e-06, 1.66078516486e-05, 2.10986218008e-05, 5.24415645486e-06, 2.73523824035e-06, 8.75500973052e-07, 5.60042280995e-07, 6.55212602396e-07, 3.13788262929e-07, 9.26594452721e-07, 7.42368797546e-07, 3.02907210425e-07, 5.66200981211e-07, 1.26498480313e-06, 1.07475568711e-06, 8.51493894061e-07, 4.28170096711e-07, 2.75422706864e-07, 1.54533509544e-07, 2.55977568031e-08, 2.67344603344e-07, 1.81309431468e-07, 1.97732905605e-08, 5.64942048698e-09, 1.52409126986e-11, 1.64974438732e-14], "mean": [0.000110522152681, 0.00160332024097, 0.00393939809874, 0.00365525484085, 0.00131318345666, 0.000695351744071, 0.000336220458848, 0.000371793110389, 0.000592663825955, 0.000472408632049, 0.000445096637122, 0.000448203849373, 0.000385281105991, 0.000612952571828, 0.00117876857985, 0.0011711261468, 0.00096213654615, 0.0009227503906, 0.000553653633688, 0.000510681595188, 0.000201196075068, 0.000363984087016, 0.000202115843422, 8.00077978056e-05, 3.76422249246e-05, 4.79250502394e-06, 9.26983929617e-08]}, "melbands_flatness_db": {"min": 0.00648276275024, "max": 0.473650872707, "dvar2": 0.00199458561838, "median": 0.167184501886, "dmean2": 0.0425475090742, "dmean": 0.0281056687236, "var": 0.00672949431464, "dvar": 0.000849524454679, "mean": 0.184628814459}, "melbands_skewness": {"min": -1.96317315102, "max": 18.7399234772, "dvar2": 2.36970496178, "median": 1.88244235516, "dmean2": 1.27138495445, "dmean": 0.803095459938, "var": 4.38491773605, "dvar": 0.955632030964, "mean": 2.35732889175}, "silence_rate_60dB": {"min": 0, "max": 1, "dvar2": 0.0351327285171, "median": 0, "dmean2": 0.0305383708328, "dmean": 0.0152671756223, "var": 0.0425016358495, "dvar": 0.0150351021439, "mean": 0.0444795377553}, "spectral_energyband_low": {"min": 5.37429540819e-23, "max": 0.0693099051714, "dvar2": 0.000121846736874, "median": 0.00490409927443, "dmean2": 0.00664057536051, "dmean": 0.00388851645403, "var": 7.33205597498e-05, "dvar": 4.26464866905e-05, "mean": 0.00771655328572}, "spectral_energyband_middle_low": {"min": 2.24194344994e-22, "max": 0.065648086369, "dvar2": 0.000111318142444, "median": 0.00467380741611, "dmean2": 0.00634309323505, "dmean": 0.00383658870123, "var": 5.56355007575e-05, "dvar": 4.13668240071e-05, "mean": 0.00707288831472}, "melbands_kurtosis": {"min": -1.91548109055, "max": 471.044616699, "dvar2": 615.245544434, "median": 3.01384139061, "dmean2": 11.5782155991, "dmean": 7.0723118782, "var": 546.492370605, "dvar": 249.851730347, "mean": 11.5371370316}, "spectral_decrease": {"min": -2.11539141759e-08, "max": 6.22261465018e-29, "dvar2": 1.27404169471e-17, "median": -4.80188555585e-09, "dmean2": 2.61282706582e-09, "dmean": 1.59180335579e-09, "var": 8.97676335795e-18, "dvar": 4.6643130691e-18, "mean": -5.01465846625e-09}, "erbbands_kurtosis": {"min": -1.92603111267, "max": 28.5179309845, "dvar2": 5.28215551376, "median": 0.250276178122, "dmean2": 1.64454627037, "dmean": 1.05084526539, "var": 8.00503540039, "dvar": 2.27701425552, "mean": 1.11778867245}, "melbands_crest": {"min": 2.2611374855, "max": 32.9387779236, "dvar2": 27.603521347, "median": 14.3890218735, "dmean2": 5.76019573212, "dmean": 3.50861597061, "var": 35.8634147644, "dvar": 10.4056758881, "mean": 14.97884655}, "mfcc": {"mean": [-647.298950195, 108.730270386, -25.2846794128, 33.5816459656, 18.8435401917, 6.51226568222, -2.37947463989, 13.9767093658, 2.80852007866, 4.398188591, -1.53815186024, -13.344212532, -3.30576992035], "icov": [[0.000383291742764, 0.000253641046584, 0.000109628483187, -0.000208007666515, 0.000278943014564, 3.14656381306e-06, -7.7821801824e-05, 0.000180086644832, 0.000239599161432, 0.000413116562413, 0.000258789164945, -0.000122939120047, 0.000299196428386], [0.000253641046584, 0.00102990935557, -0.000152491673362, -7.37053560442e-05, -0.000813093676697, 0.000516874948516, -0.000414291484049, 0.000120734955999, 0.000599839084316, 0.000459985254565, -0.000276509206742, 0.000476934976177, 0.00021505454788], [0.000109628483187, -0.000152491673362, 0.00184863235336, -0.00063055526698, 0.000503808143549, -0.000915855925996, 0.000874196121003, -0.00026083184639, 0.000637484947219, 9.80482727755e-05, 0.000539816101082, -0.000302286731312, 0.000164781071362], [-0.000208007666515, -7.37053560442e-05, -0.00063055526698, 0.00376487942412, -0.00177840958349, -8.94061595318e-05, -0.000121110897453, -0.000181083916686, -0.00157652946655, 0.000155434652697, 0.000464014330646, 0.000156104157213, -0.000884347420651], [0.000278943014564, -0.000813093676697, 0.000503808143549, -0.00177840958349, 0.00588657334447, 0.00103712279815, -0.000600540603045, -0.00137295143213, -0.000190672013559, -0.000400596094551, 0.00131075142417, 7.54270804464e-05, 0.000225597192184], [3.14656381306e-06, 0.000516874948516, -0.000915855925996, -8.94061595318e-05, 0.00103712279815, 0.00460006576031, -0.0010926151881, -0.00125848478638, 0.000151656131493, 0.000982998171821, 0.000287406146526, 0.000402786827181, 0.000556905695703], [-7.7821801824e-05, -0.000414291484049, 0.000874196121003, -0.000121110897453, -0.000600540603045, -0.0010926151881, 0.00528429728001, 0.00106512568891, 0.000598959450144, -0.00176290003583, 0.000191781378817, 0.000368011707906, 0.0011564430315], [0.000180086644832, 0.000120734955999, -0.00026083184639, -0.000181083916686, -0.00137295143213, -0.00125848478638, 0.00106512568891, 0.00928303878754, -0.00139989552554, 0.000147864877363, -0.00103774061427, 0.00011616822303, -0.00145021174103], [0.000239599161432, 0.000599839084316, 0.000637484947219, -0.00157652946655, -0.000190672013559, 0.000151656131493, 0.000598959450144, -0.00139989552554, 0.00816718116403, -0.000447614642326, 0.00145814812277, -0.00195582397282, 0.00155532022472], [0.000413116562413, 0.000459985254565, 9.80482727755e-05, 0.000155434652697, -0.000400596094551, 0.000982998171821, -0.00176290003583, 0.000147864877363, -0.000447614642326, 0.00994491111487, -0.00371571141295, 0.00215158215724, -0.00144941336475], [0.000258789164945, -0.000276509206742, 0.000539816101082, 0.000464014330646, 0.00131075142417, 0.000287406146526, 0.000191781378817, -0.00103774061427, 0.00145814812277, -0.00371571141295, 0.0105507848784, -0.000806007243227, 0.000569966272451], [-0.000122939120047, 0.000476934976177, -0.000302286731312, 0.000156104157213, 7.54270804464e-05, 0.000402786827181, 0.000368011707906, 0.00011616822303, -0.00195582397282, 0.00215158215724, -0.000806007243227, 0.0124426204711, -0.00421565584838], [0.000299196428386, 0.00021505454788, 0.000164781071362, -0.000884347420651, 0.000225597192184, 0.000556905695703, 0.0011564430315, -0.00145021174103, 0.00155532022472, -0.00144941336475, 0.000569966272451, -0.00421565584838, 0.0152433719486]], "cov": [[4774.72119141, -1808.03027344, 38.757270813, 5.16238069534, -550.474975586, 341.24017334, -144.010223389, -112.27658844, 28.9166183472, -313.315795898, -216.541381836, 139.876083374, -58.3677711487], [-1808.03027344, 2151.59008789, -97.1644287109, 86.39868927, 482.140289307, -330.817779541, 212.682449341, -2.37344765663, -120.459129333, 124.130241394, 97.4105224609, -142.883666992, -19.2784538269], [38.757270813, -97.1644287109, 784.546447754, 105.150238037, -79.3765563965, 183.443664551, -145.071121216, 49.0021362305, -9.06262302399, -83.268737793, -62.1503639221, 33.5722732544, 12.9855823517], [5.16238069534, 86.39868927, 105.150238037, 401.404327393, 144.969024658, -3.0858464241, -14.966088295, 41.8118896484, 82.5762023926, -25.6588096619, -54.8528442383, 13.8031597137, 18.9142894745], [-550.474975586, 482.140289307, -79.3765563965, 144.969024658, 355.969146729, -129.247467041, 66.1475906372, 35.7355194092, 21.8798313141, 43.9664306641, -4.71422386169, -30.8033924103, 4.71177911758], [341.24017334, -330.817779541, 183.443664551, -3.0858464241, -129.247467041, 337.937866211, -20.3611965179, 27.5491733551, 5.50199365616, -61.9938583374, -37.1191482544, 16.1707229614, -11.056552887], [-144.010223389, 212.682449341, -145.071121216, -14.966088295, 66.1475906372, -20.3611965179, 271.578216553, -35.3067092896, -33.6641769409, 65.3041534424, 26.8452186584, -44.4599227905, -27.3265628815], [-112.27658844, -2.37344765663, 49.0021362305, 41.8118896484, 35.7355194092, 27.5491733551, -35.3067092896, 132.731414795, 32.1351737976, -3.74430632591, 0.929012358189, 9.84861469269, 16.9582462311], [28.9166183472, -120.459129333, -9.06262302399, 82.5762023926, 21.8798313141, 5.50199365616, -33.6641769409, 32.1351737976, 167.461700439, -13.7438459396, -31.844707489, 31.5602607727, 2.63241386414], [-313.315795898, 124.130241394, -83.268737793, -25.6588096619, 43.9664306641, -61.9938583374, 65.3041534424, -3.74430632591, -13.7438459396, 160.906860352, 66.7217254639, -33.6767311096, 5.00751686096], [-216.541381836, 97.4105224609, -62.1503639221, -54.8528442383, -4.71422386169, -37.1191482544, 26.8452186584, 0.929012358189, -31.844707489, 66.7217254639, 136.251922607, -13.8072042465, 0.523531854153], [139.876083374, -142.883666992, 33.5722732544, 13.8031597137, -30.8033924103, 16.1707229614, -44.4599227905, 9.84861469269, 31.5602607727, -33.6767311096, -13.8072042465, 108.088943481, 27.8698997498], [-58.3677711487, -19.2784538269, 12.9855823517, 18.9142894745, 4.71177911758, -11.056552887, -27.3265628815, 16.9582462311, 2.63241386414, 5.00751686096, 0.523531854153, 27.8698997498, 79.8931350708]]}, "spectral_energy": {"min": 1.0515518189e-20, "max": 0.0813982412219, "dvar2": 0.000185578435776, "median": 0.0210310183465, "dmean2": 0.0103078344837, "dmean": 0.00634046504274, "var": 0.000144548976095, "dvar": 6.86521525495e-05, "mean": 0.0211705435067}, "melbands_spread": {"min": 0.992870509624, "max": 217.146987915, "dvar2": 449.560638428, "median": 36.9780960083, "dmean2": 17.7288131714, "dmean": 11.3629837036, "var": 792.854003906, "dvar": 193.003204346, "mean": 41.321647644}, "erbbands_flatness_db": {"min": 0.0912806540728, "max": 0.364687025547, "dvar2": 0.000351863913238, "median": 0.182461977005, "dmean2": 0.0207372121513, "dmean": 0.0141670005396, "var": 0.00146224419586, "dvar": 0.000170511033502, "mean": 0.184030964971}, "spectral_contrast_valleys": {"min": [-27.3670864105, -27.3421726227, -27.2316474915, -27.5149478912, -27.3350543976, -27.2597427368], "max": [-5.79695892334, -4.65430736542, -5.40234613419, -5.84713840485, -5.98228406906, -7.56818389893], "dvar2": [0.325289875269, 0.413102716208, 0.274978756905, 0.252753734589, 0.210218906403, 0.166976124048], "median": [-7.49231719971, -7.19991111755, -7.47418308258, -7.65696763992, -7.49273681641, -10.1122312546], "dmean2": [0.675839364529, 0.675860881805, 0.553174197674, 0.498734027147, 0.436632186174, 0.358101904392], "dmean": [0.403114646673, 0.420401066542, 0.354863464832, 0.327107787132, 0.306054651737, 0.277867823839], "var": [0.698362350464, 0.684407353401, 0.636592507362, 0.619114220142, 0.890032708645, 1.0364729166], "dvar": [0.131271332502, 0.189234107733, 0.137966990471, 0.129384279251, 0.117846496403, 0.1059942469], "mean": [-7.61366987228, -7.23630046844, -7.54355764389, -7.73946285248, -7.70670461655, -10.3385820389]}, "barkbands_flatness_db": {"min": 0.0442738719285, "max": 0.345590054989, "dvar2": 0.00109881930985, "median": 0.122869387269, "dmean2": 0.0312396176159, "dmean": 0.020139656961, "var": 0.00281227123924, "dvar": 0.000447717466159, "mean": 0.136878252029}, "zerocrossingrate": {"min": 0.00439453125, "max": 0.505859375, "dvar2": 0.000238451219047, "median": 0.07373046875, "dmean2": 0.0127774532884, "dmean": 0.0107617238536, "var": 0.00129211088642, "dvar": 0.000163983771927, "mean": 0.0745729282498}, "spectral_skewness": {"min": -0.18568277359, "max": 4.73357915878, "dvar2": 0.142550647259, "median": 1.34668648243, "dmean2": 0.382346689701, "dmean": 0.237003147602, "var": 0.224736958742, "dvar": 0.055