{"lowlevel": {"spectral_complexity": {"min": 0, "max": 59, "dvar2": 28.7516098022, "median": 25, "dmean2": 5.61620330811, "dmean": 3.9513964653, "var": 112.564186096, "dvar": 16.7943687439, "mean": 23.9645786285}, "silence_rate_20dB": {"min": 1, "max": 1, "dvar2": 0, "median": 1, "dmean2": 0, "dmean": 0, "var": 0, "dvar": 0, "mean": 1}, "average_loudness": 0.933344483376, "erbbands_spread": {"min": 3.7069311142, "max": 109.2188797, "dvar2": 89.8328933716, "median": 29.5184345245, "dmean2": 9.21131706238, "dmean": 6.09173870087, "var": 190.879562378, "dvar": 40.5191993713, "mean": 31.4798870087}, "spectral_kurtosis": {"min": -1.20807003975, "max": 39.6461906433, "dvar2": 10.8702630997, "median": 3.93934965134, "dmean2": 2.54163575172, "dmean": 1.53681492805, "var": 8.40683937073, "dvar": 3.70938134193, "mean": 4.41802453995}, "barkbands_kurtosis": {"min": -1.86701786518, "max": 25.9900779724, "dvar2": 4.99045705795, "median": -0.458435505629, "dmean2": 1.42515718937, "dmean": 0.902383506298, "var": 10.5580711365, "dvar": 2.17442202568, "mean": 0.465921521187}, "spectral_strongpeak": {"min": 0, "max": 12.8646841049, "dvar2": 3.6164355278, "median": 0.467233657837, "dmean2": 1.24899709225, "dmean": 0.727705419064, "var": 2.66949653625, "dvar": 1.37923789024, "mean": 1.27209067345}, "spectral_spread": {"min": 1222850.625, "max": 40217584, "dvar2": 709449809920, "median": 3841852.5, "dmean2": 674547.9375, "dmean": 494320.21875, "var": 2975448170500.0, "dvar": 447117131776, "mean": 4239424.5}, "spectral_rms": {"min": 3.21701758114e-12, "max": 0.00762965809554, "dvar2": 4.8325341595e-07, "median": 0.00446006841958, "dmean2": 0.000715960690286, "dmean": 0.00048117528786, "var": 2.23741812988e-06, "dvar": 2.35635511103e-07, "mean": 0.00418170029297}, "dynamic_complexity": 3.19076704979, "erbbands": {"min": [1.53984194671e-21, 4.10676069815e-21, 1.0597043947e-20, 1.65564997896e-20, 5.02031261836e-20, 1.19408381108e-19, 3.35983471574e-19, 4.90683487668e-19, 7.56514572823e-19, 1.04452304228e-18, 1.43724730402e-18, 2.27046954037e-18, 1.25421394795e-18, 4.30004257967e-18, 2.50249225462e-18, 3.08047560866e-18, 2.17232456069e-18, 6.33206965704e-18, 7.48825846311e-18, 9.58855192926e-18, 6.40129516174e-18, 8.93268207593e-18, 9.89350281543e-18, 1.12346314221e-17, 1.69725930798e-17, 2.63171531982e-17, 1.89930148132e-17, 1.10579919653e-17, 1.59157374984e-17, 1.64951642826e-17, 1.40038368983e-17, 1.94483066029e-17, 1.55363147145e-17, 1.31951305375e-17, 1.1385271765e-17, 6.21995070169e-18, 2.84579288835e-18, 1.22886479129e-18, 3.45022927158e-19, 3.67786052273e-20], "max": [0.332048356533, 2.77682876587, 22.4787101746, 41.642414093, 61.7080039978, 110.338401794, 184.761413574, 231.768356323, 695.298217773, 465.019744873, 762.770080566, 668.691833496, 633.081970215, 880.874084473, 947.373657227, 1424.43273926, 873.133361816, 630.104248047, 1166.53137207, 1171.68908691, 1553.30371094, 1142.99475098, 452.432434082, 608.327514648, 571.028015137, 273.720916748, 223.686965942, 604.380004883, 604.228027344, 229.291763306, 225.82371521, 210.933776855, 83.9690475464, 54.1200675964, 53.639503479, 3.98814821243, 0.438983112574, 0.0872382521629, 0.00399522855878, 0.000179077382199], "dvar2": [0.00172079761978, 0.131271451712, 4.70757865906, 19.0445270538, 23.2685947418, 130.026565552, 237.806594849, 207.287811279, 751.818054199, 754.034912109, 2881.17871094, 2454.98046875, 1722.00256348, 3617.47094727, 6320.03955078, 5460.46826172, 3363.23217773, 3310.11254883, 6215.75292969, 6205.96289063, 5383.49414063, 4800.21484375, 2472.63452148, 636.493041992, 962.245849609, 537.967651367, 165.848587036, 547.858642578, 3059.21875, 249.863449097, 291.181671143, 103.524330139, 25.854839325, 12.160284996, 26.2005195618, 0.0910153090954, 0.00295288767666, 6.87127176207e-05, 8.59121982444e-08, 3.85638410094e-10], "median": [0.0067365495488, 0.200289651752, 1.33081102371, 2.90926527977, 1.98581409454, 1.91006994247, 2.78687810898, 3.0954580307, 3.98472642899, 6.26463079453, 9.99515533447, 12.5047988892, 13.6008634567, 12.3731174469, 11.685459137, 13.7404174805, 12.6107311249, 13.2642250061, 26.2028636932, 29.1074924469, 24.2292995453, 32.8425865173, 28.2910060883, 15.3420295715, 15.2346191406, 10.0103702545, 4.2240152359, 3.0754404068, 3.89686584473, 2.35363721848, 1.92366027832, 0.797337770462, 0.541665315628, 0.416105806828, 0.228095322847, 0.0244450345635, 0.00275367172435, 0.00030176358996, 2.68288640655e-05, 2.88122428174e-05], "dmean2": [0.0208042860031, 0.293680608273, 1.69702112675, 3.32725048065, 2.95951366425, 5.73254489899, 7.58178138733, 6.77160692215, 9.14483642578, 13.838684082, 25.0288028717, 22.1844329834, 20.4538002014, 28.8961238861, 29.5999698639, 26.3260974884, 26.2256240845, 28.9204025269, 43.6417617798, 42.7101478577, 36.9668197632, 41.3731498718, 34.086265564, 15.3477401733, 17.1683044434, 13.9154653549, 6.23547458649, 8.46780109406, 18.6831207275, 6.11977672577, 6.62947368622, 2.76130175591, 1.64974021912, 1.35650491714, 1.70465660095, 0.11488417536, 0.0205540135503, 0.00264471652918, 9.03368199943e-05, 1.28097626657e-05], "dmean": [0.0143602639437, 0.173550903797, 1.0015591383, 1.94547665119, 1.74806928635, 3.43558573723, 4.77389240265, 4.3260974884, 5.73090314865, 8.6076593399, 15.8581361771, 14.0692625046, 12.854757309, 18.4954433441, 18.8376426697, 16.5822811127, 16.4761714935, 18.145866394, 27.8339385986, 27.6283874512, 24.3949432373, 26.5949115753, 22.1319713593, 10.041677475, 11.6043214798, 9.56444072723, 4.35606002808, 5.919090271, 12.0744371414, 4.34219455719, 4.50827646255, 1.95995140076, 1.1774674654, 0.964089810848, 1.15661811829, 0.0827930420637, 0.014426403679, 0.00178152043372, 6.1505328631e-05, 9.13411622605e-06], "var": [0.00182255799882, 0.131375402212, 8.07206439972, 15.4473619461, 14.3862037659, 70.0938568115, 179.695465088, 182.348388672, 545.284118652, 554.150085449, 2372.33618164, 1504.25109863, 1493.53955078, 3576.61914063, 5626.05957031, 5014.86767578, 3041.78833008, 3520.36865234, 7279.41943359, 6605.29199219, 9029.07128906, 5372.89111328, 3441.7902832, 762.295349121, 1210.5333252, 898.293579102, 183.890518188, 378.262084961, 1523.90185547, 204.819458008, 206.364990234, 68.0410385132, 19.5736904144, 9.36691856384, 14.349524498, 0.0615421906114, 0.00180982018355, 3.08493217744e-05, 4.08294482668e-08, 4.98002639127e-10], "dvar": [0.000955700525083, 0.0481926873326, 1.83110105991, 6.93937110901, 8.76614570618, 50.0872955322, 97.7487030029, 90.2746200562, 282.751190186, 318.535888672, 1209.65441895, 1000.1730957, 662.925292969, 1502.46044922, 2498.91088867, 2135.421875, 1300.80407715, 1267.86950684, 2563.58325195, 2763.55029297, 2313.265625, 1988.82995605, 1049.84619141, 272.174285889, 428.1222229, 253.779052734, 82.9645843506, 258.199859619, 1303.82495117, 124.581336975, 133.382675171, 48.0241584778, 12.4693908691, 5.72035503387, 11.6116285324, 0.0425804257393, 0.00136726675555, 2.90736279567e-05, 3.68796975181e-08, 1.94272833931e-10], "mean": [0.0220622569323, 0.337628662586, 2.43797254562, 3.91393661499, 3.0346429348, 4.81383180618, 7.78146028519, 7.52695131302, 10.3390359879, 13.9170799255, 25.3480224609, 23.5144710541, 25.9231452942, 34.3805046082, 35.0985488892, 32.0606956482, 30.8060016632, 36.672039032, 57.7333221436, 55.7110519409, 56.8593521118, 58.742275238, 50.715007782, 24.453119278, 26.4252243042, 22.6530380249, 8.6661567688, 8.95700931549, 15.4927463531, 6.85368299484, 6.76930189133, 2.79210186005, 1.85854184628, 1.48815143108, 1.4618884325, 0.113435529172, 0.0174090526998, 0.00194512738381, 7.95236119302e-05, 3.12456395477e-05]}, "spectral_contrast_coeffs": {"min": [-0.950262367725, -0.973391532898, -0.966731011868, -0.957461714745, -0.958424806595, -0.961482405663], "max": [-0.346796512604, -0.392893463373, -0.457127183676, -0.455756187439, -0.468049377203, -0.613107979298], "dvar2": [0.00447776913643, 0.00363408657722, 0.00225870241411, 0.00191913754679, 0.00113763217814, 0.000679802207742], "median": [-0.624470233917, -0.751200973988, -0.765763223171, -0.752513766289, -0.747560977936, -0.757391452789], "dmean2": [0.0851908028126, 0.0745894685388, 0.0597772933543, 0.0547173880041, 0.0414726622403, 0.0303614214063], "dmean": [0.0505005531013, 0.0457729101181, 0.0367236100137, 0.0345617011189, 0.027735767886, 0.0195717737079], "var": [0.00632949545979, 0.00561078824103, 0.00442130025476, 0.00471898401156, 0.00500697316602, 0.00210191938095], "dvar": [0.0016698410036, 0.00140131486114, 0.000873402459547, 0.000793968793005, 0.000561667664442, 0.000307206995785], "mean": [-0.628943800926, -0.748434901237, -0.761513292789, -0.746993362904, -0.741536796093, -0.75724363327]}, "dissonance": {"min": 0.326772719622, "max": 0.499999910593, "dvar2": 0.000487156328745, "median": 0.47907987237, "dmean2": 0.0221014413983, "dmean": 0.0131200859323, "var": 0.000362916121958, "dvar": 0.000180040267878, "mean": 0.474558532238}, "spectral_energyband_high": {"min": 7.68115231614e-21, "max": 0.0257354900241, "dvar2": 4.98239069202e-06, "median": 0.00055916281417, "dmean2": 0.000991481123492, "dmean": 0.000725985621102, "var": 4.70107306683e-06, "dvar": 2.56654925579e-06, "mean": 0.00126233499032}, "gfcc": {"mean": [-19.0021362305, 80.3524017334, -145.83354187, 38.0616035461, -56.4377822876, 18.6875171661, -42.9989089966, 14.4685230255, -22.9946994781, -3.83087730408, -19.5219631195, -6.65417671204, -11.1858787537], "icov": [[0.000193985411897, -0.000403863115935, 0.000523453578353, -0.00063514750218, 0.000794501858763, -0.000476034998428, 0.000389050954254, -0.000487923331093, 0.000482333183754, -0.000221736190724, 0.000418081937823, -0.000252152502071, 0.000169505306985], [-0.000403863115935, 0.0018674939638, -0.000968359992839, 0.00136378756724, -0.00203104875982, 0.000845455972012, -0.000449550803751, 0.00097442540573, -0.00153665838297, 0.00194211979397, -0.00155470811296, 0.00199072458781, -0.000182192627108], [0.000523453578353, -0.000968359992839, 0.00342457578517, -0.00234159035608, 0.00158240110613, -0.00170642498415, 0.000679191434756, -0.00180578732397, 0.00112688262016, -0.00104718096554, 0.00295687536709, -0.00260661169887, 0.00188100954983], [-0.00063514750218, 0.00136378756724, -0.00234159035608, 0.00647041015327, -0.00301356101409, 0.000950690940954, 0.000907736364752, 0.000227063850616, -0.00193879462313, 0.00206296541728, -0.00148629699834, 0.00196430878714, -0.00291367643513], [0.000794501858763, -0.00203104875982, 0.00158240110613, -0.00301356101409, 0.00903292559087, -0.00164946122095, -0.00138971419074, -0.00129496201407, -0.000269332638709, 7.01692770235e-05, -0.000405959173804, -0.000269281707006, -0.00112234475091], [-0.000476034998428, 0.000845455972012, -0.00170642498415, 0.000950690940954, -0.00164946122095, 0.00762290647253, -0.00377194792964, 0.00128789898008, 0.00206594937481, -0.00174203328788, 0.00103708065581, -0.000326159381075, 0.000420181459049], [0.000389050954254, -0.000449550803751, 0.000679191434756, 0.000907736364752, -0.00138971419074, -0.00377194792964, 0.0110354917124, -0.0028889910318, -0.000124014783069, 0.0020817106124, -0.00224830117077, 0.00186873960774, 0.00181578448974], [-0.000487923331093, 0.00097442540573, -0.00180578732397, 0.000227063850616, -0.00129496201407, 0.00128789898008, -0.0028889910318, 0.0120894769207, -0.00488617271185, -0.000569410971366, 0.00042424624553, 0.0017982381396, -0.0021594054997], [0.000482333183754, -0.00153665838297, 0.00112688262016, -0.00193879462313, -0.000269332638709, 0.00206594937481, -0.000124014783069, -0.00488617271185, 0.0171627737582, -0.00521731562912, 0.00288008432835, -0.000945855630562, 0.00107154913712], [-0.000221736190724, 0.00194211979397, -0.00104718096554, 0.00206296541728, 7.01692770235e-05, -0.00174203328788, 0.0020817106124, -0.000569410971366, -0.00521731562912, 0.0194450207055, -0.00551786599681, -0.00256209610961, 0.00391191057861], [0.000418081937823, -0.00155470811296, 0.00295687536709, -0.00148629699834, -0.000405959173804, 0.00103708065581, -0.00224830117077, 0.00042424624553, 0.00288008432835, -0.00551786599681, 0.0150627465919, -0.00336445053108, -0.00108691072091], [-0.000252152502071, 0.00199072458781, -0.00260661169887, 0.00196430878714, -0.000269281707006, -0.000326159381075, 0.00186873960774, 0.0017982381396, -0.000945855630562, -0.00256209610961, -0.00336445053108, 0.0178791955113, -0.00567669933662], [0.000169505306985, -0.000182192627108, 0.00188100954983, -0.00291367643513, -0.00112234475091, 0.000420181459049, 0.00181578448974, -0.0021594054997, 0.00107154913712, 0.00391191057861, -0.00108691072091, -0.00567669933662, 0.0168829578906]], "cov": [[27039.2324219, 2424.63842773, -1734.69299316, 1049.68981934, -1260.72790527, 237.388824463, -861.47442627, 163.800491333, -368.807800293, -266.932312012, -319.618041992, -276.226409912, 124.806015015], [2424.63842773, 1733.10583496, -382.342254639, 26.9314537048, 249.88243103, -110.992622375, 90.1177597046, 6.38841581345, 49.917842865, -183.993637085, 91.1912155151, -225.499465942, 21.6183834076], [-1734.69299316, -382.342254639, 833.011291504, 81.2318725586, -30.5350418091, 126.363044739, -1.87537550926, 56.6219444275, 17.2274150848, 61.7832603455, -121.140861511, 96.8354263306, -53.8794593811], [1049.68981934, 26.9314537048, 81.2318725586, 324.788208008, 8.96851539612, -6.6961016655, -65.6800308228, 45.9736557007, 10.2717247009, -30.0170001984, -30.1542549133, -2.02307868004, 54.1422996521], [-1260.72790527, 249.88243103, -30.5350418091, 8.96851539612, 306.538085938, -28.5021934509, 111.371932983, 12.9915523529, 47.5613327026, -37.1401786804, 63.9320144653, -42.226764679, 26.5796699524], [237.388824463, -110.992622375, 126.363044739, -6.6961016655, -28.5021934509, 225.310516357, 42.548160553, 0.150262132287, -36.1149978638, 26.1981544495, -34.702457428, 19.7983531952, -30.2299213409], [-861.47442627, 90.1177597046, -1.87537550926, -65.6800308228, 111.371932983, 42.548160553, 182.116149902, 16.188331604, 16.7236251831, -13.0837564468, 36.9550933838, -33.7311820984, -19.6682853699], [163.800491333, 6.38841581345, 56.6219444275, 45.9736557007, 12.9915523529, 0.150262132287, 16.188331604, 118.843681335, 34.5041007996, 2.80867695808, -17.6608390808, -7.20952796936, 7.96765708923], [-368.807800293, 49.917842865, 17.2274150848, 10.2717247009, 47.5613327026, -36.1149978638, 16.7236251831, 34.5041007996, 90.4118881226, 10.5927867889, 3.23851561546, -7.54798316956, 0.247795790434], [-266.932312012, -183.993637085, 61.7832603455, -30.0170001984, -37.1401786804, 26.1981544495, -13.0837564468, 2.80867695808, 10.5927867889, 91.3634796143, 6.94134616852, 38.238986969, -21.2617282867], [-319.618041992, 91.1912155151, -121.140861511, -30.1542549133, 63.9320144653, -34.702457428, 36.9550933838, -17.6608390808, 3.23851561546, 6.94134616852, 118.238708496, -2.12736845016, 16.4490566254], [-276.226409912, -225.499465942, 96.8354263306, -2.02307868004, -42.226764679, 19.7983531952, -33.7311820984, -7.20952796936, -7.54798316956, 38.238986969, -2.12736845016, 105.029922485, 15.4045581818], [124.806015015, 21.6183834076, -53.8794593811, 54.1422996521, 26.5796699524, -30.2299213409, -19.6682853699, 7.96765708923, 0.247795790434, -21.2617282867, 16.4490566254, 15.4045581818, 90.3615875244]]}, "spectral_flux": {"min": 1.02994814066e-10, "max": 0.213419348001, "dvar2": 0.000528824166395, "median": 0.0738232880831, "dmean2": 0.0243085380644, "dmean": 0.0164040606469, "var": 0.00129851908423, "dvar": 0.000255305174505, "mean": 0.074146926403}, "silence_rate_30dB": {"min": 1, "max": 1, "dvar2": 0, "median": 1, "dmean2": 0, "dmean": 0, "var": 0, "dvar": 0, "mean": 1}, "spectral_energyband_middle_high": {"min": 1.63750509772e-21, "max": 0.0514929629862, "dvar2": 2.25153726205e-05, "median": 0.0065966383554, "dmean2": 0.00343470694497, "dmean": 0.00238933926448, "var": 5.61650340387e-05, "dvar": 1.00307870525e-05, "mean": 0.00873894337565}, "barkbands_spread": {"min": 2.85456371307, "max": 114.498054504, "dvar2": 90.9960479736, "median": 28.7631950378, "dmean2": 8.73098182678, "dmean": 5.79758834839, "var": 175.769378662, "dvar": 44.6558685303, "mean": 29.8191184998}, "spectral_centroid": {"min": 296.335784912, "max": 10990.8447266, "dvar2": 151251.375, "median": 1923.41308594, "dmean2": 362.528839111, "dmean": 250.171356201, "var": 455922.40625, "dvar": 79791.609375, "mean": 1926.68029785}, "pitch_salience": {"min": 0.147953823209, "max": 0.917989611626, "dvar2": 0.00643718708307, "median": 0.577844560146, "dmean2": 0.0948316976428, "dmean": 0.0602130182087, "var": 0.0103076435626, "dvar": 0.00274774385616, "mean": 0.576039195061}, "erbbands_skewness": {"min": -2.69347333908, "max": 2.79693460464, "dvar2": 0.168378815055, "median": -0.198490738869, "dmean2": 0.458811342716, "dmean": 0.300225794315, "var": 0.475391000509, "dvar": 0.0745372548699, "mean": -0.280303776264}, "erbbands_crest": {"min": 2.20567560196, "max": 27.9043254852, "dvar2": 11.1887130737, "median": 7.38754177094, "dmean2": 3.6205830574, "dmean": 2.21800351143, "var": 12.1290092468, "dvar": 4.44022274017, "mean": 8.17481899261}, "melbands": {"min": [1.26719539257e-23, 5.28035643165e-24, 4.05393173724e-24, 5.69353140266e-24, 9.84852844921e-24, 1.08064927335e-23, 1.31711845496e-23, 1.09598062727e-23, 1.4572089499e-23, 1.22958226795e-23, 5.36771252171e-24, 1.73697673444e-23, 8.51477528434e-24, 7.56470355339e-24, 7.35985925327e-24, 3.83430615591e-24, 1.34460252667e-23, 1.02315409291e-23, 1.71890203784e-23, 9.96721967214e-24, 6.81785659112e-24, 8.66034299832e-24, 9.75002654341e-24, 9.43890611328e-24, 8.38358140491e-24, 9.5300384805e-24, 2.02495892759e-23, 1.67500997484e-23, 1.39389939127e-23, 7.76528169373e-24, 5.95034704251e-24, 9.36251440094e-24, 9.26213342847e-24, 8.99873592767e-24, 7.28740632343e-24, 9.94551022003e-24, 1.2149662531e-23, 1.03088824299e-23, 9.67187567126e-24, 1.23609510359e-23], "max": [0.00297970022075, 0.00847549177706, 0.00578858796507, 0.00607116194442, 0.00552707724273, 0.0046162167564, 0.00970902200788, 0.00800620578229, 0.00537964049727, 0.00429011881351, 0.00321710621938, 0.00323811080307, 0.00390991894528, 0.00624039862305, 0.00271129235625, 0.00210914923809, 0.00147066731006, 0.00202818121761, 0.00154744985048, 0.00113648222759, 0.00189598661382, 0.00138498004526, 0.000585433037486, 0.000477491936181, 0.000534826423973, 0.000647165987175, 0.000278179708403, 0.000232240752666, 0.000146123275044, 0.000195813947357, 0.000380627869163, 0.000404469785281, 0.000196440378204, 0.00012519795564, 0.00012904482719, 0.000145144222188, 0.000130007785629, 5.89770097577e-05, 5.08740449732e-05, 4.56332018075e-05], "dvar2": [1.23988897371e-07, 7.28032944153e-07, 4.66603324867e-07, 2.82669049056e-07, 2.80389599538e-07, 9.94737519022e-08, 1.400410099e-07, 1.51566084128e-07, 1.74303053768e-07, 8.63156870423e-08, 4.63164511189e-08, 6.11214048263e-08, 9.59195389783e-08, 1.20306154372e-07, 3.34458292173e-08, 1.54579939959e-08, 1.61606052984e-08, 2.12178257186e-08, 1.92126545784e-08, 6.7863585862e-09, 9.38627220393e-09, 6.40264197216e-09, 3.47256179367e-09, 2.30355157171e-09, 4.82703987892e-10, 7.00533631104e-10, 5.8804683345e-10, 2.76492523321e-10, 7.86835874234e-11, 1.03120324779e-10, 2.29052443679e-10, 1.45619605263e-09, 2.16477336057e-10, 6.35205638089e-11, 1.63697236322e-10, 5.05027651643e-11, 3.67387474609e-11, 1.51818887323e-11, 7.16557238892e-12, 1.00472555623e-11], "median": [0.000117442548799, 0.000606169342063, 0.000511432124767, 0.000137677125167, 0.00010520745127, 6.96262140991e-05, 5.62814529985e-05, 7.35909125069e-05, 8.31555662444e-05, 8.10773562989e-05, 6.5798216383e-05, 4.87996876473e-05, 3.71394417016e-05, 3.00664432871e-05, 3.20289109368e-05, 1.96123983187e-05, 2.29739525821e-05, 3.64453189832e-05, 4.14743226429e-05, 2.55729792116e-05, 2.69960219157e-05, 3.24598040606e-05, 2.89641866402e-05, 1.85586213775e-05, 9.58674900176e-06, 1.02463291114e-05, 8.93325159268e-06, 5.76128240937e-06, 2.56363364315e-06, 1.33146522785e-06, 1.66704580806e-06, 2.34760955209e-06, 1.47508262671e-06, 1.13750513719e-06, 1.2821491282e-06, 5.42017232874e-07, 3.95600267211e-07, 3.70172017483e-07, 3.27276524104e-07, 2.98296924939e-07], "dmean2": [0.000231719051953, 0.000691463297699, 0.000524538278114, 0.000279868108919, 0.000271584896836, 0.000152601482114, 0.000132699598907, 0.000191208746401, 0.000198428708245, 0.000140960764838, 0.000106174302346, 0.000122699289932, 0.000104359554825, 9.75138391368e-05, 7.46650621295e-05, 5.22442278452e-05, 6.18418416707e-05, 7.88350516814e-05, 7.52194755478e-05, 4.38959323219e-05, 4.82293871755e-05, 4.63552132715e-05, 3.74880401068e-05, 3.08854214381e-05, 1.29228201331e-05, 1.29623858811e-05, 1.38908608278e-05, 9.4010401881e-06, 4.50488869319e-06, 4.0031836761e-06, 5.27629254066e-06, 1.27814073494e-05, 5.38218546353e-06, 3.05555272462e-06, 5.07747790834e-06, 1.96359519578e-06, 1.62358605849e-06, 1.27408998196e-06, 9.42028748341e-07, 1.21011498777e-06], "dmean": [0.000148687118781, 0.000406202074373, 0.000307982758386, 0.000166132347658, 0.000170600207639, 9.75887014647e-05, 8.31777288113e-05, 0.000118525385915, 0.000125901700812, 8.94562545e-05, 6.66329215164e-05, 7.82452334533e-05, 6.67254716973e-05, 6.09326307313e-05, 4.64519544039e-05, 3.29158065142e-05, 3.86966166843e-05, 4.99694469909e-05, 4.80117269035e-05, 2.85719670501e-05, 3.18521342706e-05, 2.9658585845e-05, 2.39853052335e-05, 1.96806995518e-05, 8.26532323117e-06, 8.55795769894e-06, 9.34807485464e-06, 6.3599763962e-06, 3.05279991153e-06, 2.73137879958e-06, 3.60082208317e-06, 8.16414831206e-06, 3.60650915354e-06, 2.11841097553e-06, 3.35123422701e-06, 1.36633116199e-06, 1.13741566565e-06, 8.96146900686e-07, 6.63791922761e-07, 8.39876861392e-07], "var": [1.30499415718e-07, 1.14513193239e-06, 3.71110758124e-07, 1.54463137392e-07, 2.21917701992e-07, 9.10138240329e-08, 1.05802769212e-07, 1.17817414491e-07, 1.41132346698e-07, 5.66098137256e-08, 4.11089615682e-08, 6.00064637979e-08, 8.55608135453e-08, 1.0043712706e-07, 2.68337174703e-08, 1.24766392773e-08, 1.70800245058e-08, 2.34315855607e-08, 2.05271053488e-08, 7.46137018837e-09, 1.5055938718e-08, 6.10724137928e-09, 3.92833499063e-09, 2.79077649878e-09, 4.54553894524e-10, 6.44528486138e-10, 8.42862224459e-10, 3.94627580613e-10, 8.61070659219e-11, 7.50194142918e-11, 1.44241479871e-10, 7.10676906213e-10, 1.31684607663e-10, 4.84651138666e-11, 1.09318068486e-10, 3.21955136162e-11, 2.37312270529e-11, 1.1201962101e-11, 5.54325162161e-12, 7.11740518952e-12], "dvar": [6.1903840276e-08, 2.72800036782e-07, 1.69973375819e-07, 1.08387361308e-07, 1.13919440992e-07, 4.36879439292e-08, 5.36756026293e-08, 6.44375219849e-08, 7.20594641734e-08, 3.54722153872e-08, 1.77832308879e-08, 2.54014196344e-08, 3.89267924561e-08, 4.62014497771e-08, 1.26933974443e-08, 5.96218008297e-09, 6.22797413641e-09, 8.73757510789e-09, 8.04601540949e-09, 2.98980529223e-09, 4.08717637512e-09, 2.63877386608e-09, 1.49341228273e-09, 9.56287271592e-10, 2.00220812152e-10, 2.95458491006e-10, 2.62580457377e-10, 1.24285068348e-10, 3.70313883724e-11, 4.8513058154e-11, 1.04871042406e-10, 6.16930284636e-10, 9.69411842466e-11, 3.08624827083e-11, 7.2719802402e-11, 2.34407944444e-11, 1.69498200198e-11, 7.29969036606e-12, 3.36405599557e-12, 4.5805195574e-12], "mean": [0.000251329038292, 0.000984480604529, 0.000656232645269, 0.000256173167145, 0.000279178115306, 0.000172360654688, 0.000147781363921, 0.000187055527931, 0.000204426789423, 0.000150064777699, 0.00013153423788, 0.000141327996971, 0.000121742166812, 0.000104814476799, 8.13210353954e-05, 5.68858413317e-05, 7.13814806659e-05, 9.54220085987e-05, 9.02018873603e-05, 5.55964252271e-05, 6.89151347615e-05, 5.95919809712e-05, 5.06135475007e-05, 4.06890903832e-05, 1.67434354807e-05, 1.76888315764e-05, 2.0033779947e-05, 1.40230276884e-05, 5.83586188441e-06, 4.05173523177e-06, 5.22541040482e-06, 1.01157665995e-05, 5.01166232425e-06, 3.30429656969e-06, 4.86608178107e-06, 1.91507660929e-06, 1.55348993758e-06, 1.33555761295e-06, 1.11254360036e-06, 1.23153040477e-06]}, "barkbands_skewness": {"min": -4.42994165421, "max": 4.48872756958, "dvar2": 0.253145307302, "median": 0.383436560631, "dmean2": 0.534503340721, "dmean": 0.357851684093, "var": 0.98523414135, "dvar": 0.119392886758, "mean": 0.438059985638}, "spectral_entropy": {"min": 5.66917085648, "max": 9.81342601776, "dvar2": 0.0329932942986, "median": 7.66962528229, "dmean2": 0.185297623277, "dmean": 0.139905661345, "var": 0.165953814983, "dvar": 0.0195246785879, "mean": 7.69374132156}, "spectral_rolloff": {"min": 129.19921875, "max": 18497.0214844, "dvar2": 1555843.875, "median": 2304.05273438, "dmean2": 887.459716797, "dmean": 573.599365234, "var": 5846667.5, "dvar": 802790.1875, "mean": 2713.67138672}, "barkbands": {"min": [4.62473523773e-23, 2.83412732132e-23, 9.74139482739e-24, 7.91055437373e-24, 2.93227991951e-23, 6.24902413849e-23, 6.35517578625e-23, 4.66439821741e-23, 8.87818267745e-23, 9.96752511909e-23, 5.83700650532e-23, 6.84638874343e-23, 4.76930977583e-23, 1.38878116705e-22, 1.9715721663e-22, 1.1981820225e-22, 1.64419299736e-22, 1.87918216547e-22, 2.10177422668e-22, 6.59376190765e-22, 2.9706669009e-22, 4.81125180622e-22, 5.0415668788e-22, 9.12126871389e-22, 1.43974784193e-21, 1.59244536281e-21, 2.51817467007e-21], "max": [0.00109310331754, 0.0117719564587, 0.0210473760962, 0.0142199108377, 0.0242160111666, 0.0310109332204, 0.040878906846, 0.0513724721968, 0.0264373775572, 0.0174213740975, 0.0327462516725, 0.0418637543917, 0.0224388036877, 0.0154600981623, 0.0203347951174, 0.0223255809397, 0.0199537221342, 0.00761006306857, 0.0161684080958, 0.00511319795623, 0.00975277647376, 0.0119415735826, 0.00783415604383, 0.0071257352829, 0.00488306954503, 0.000442505144747, 2.61626064457e-05], "dvar2": [7.6274737637e-09, 1.9182680262e-06, 5.24942379343e-06, 2.96275015899e-06, 6.96281404089e-06, 3.01324371321e-06, 2.82675068775e-06, 7.06810715201e-06, 4.33127297583e-06, 2.46941840487e-06, 5.56952636543e-06, 5.88720331507e-06, 2.42761166191e-06, 2.33504420066e-06, 2.95050995192e-06, 1.5113336076e-06, 1.65422318332e-06, 6.88842021646e-07, 3.55738507096e-07, 2.52817812907e-07, 1.88641408272e-07, 1.22414121506e-06, 2.77012162542e-07, 1.41144568033e-07, 2.36484879679e-07, 9.97941285164e-10, 3.99621872052e-12], "median": [2.1911742806e-05, 0.000635258154944, 0.001419008011, 0.000854863494169, 0.000558144180104, 0.000370756984921, 0.000253324804362, 0.000383315025829, 0.000641730206553, 0.000324220774928, 0.000218054716242, 0.000279663596302, 0.000282039633021, 0.000274350575637, 0.000577924540266, 0.000343699532095, 0.00055765628349, 0.000380983809009, 0.000280256092083, 0.000209176942008, 6.69324654154e-05, 9.87442981568e-05, 6.88491854817e-05, 3.39086836902e-05, 3.76494135708e-05, 2.01787929655e-06, 4.13270555555e-08], "dmean2": [5.58223837288e-05, 0.00106985168532, 0.00176445755642, 0.00124119664542, 0.00143172219396, 0.000828721036669, 0.000636627955828, 0.00123220600653, 0.00103759206831, 0.000780081783887, 0.000744125805795, 0.000774902116973, 0.000712624168955, 0.000769990030676, 0.000982873956673, 0.000646096770652, 0.000775251712184, 0.000571797485463, 0.000306874280795, 0.000306659028865, 0.000165403282153, 0.0003941799514, 0.000204095573281, 0.000110126777145, 0.000175997120095, 1.19885544336e-05, 5.26758299202e-07], "dmean": [3.32672934746e-05, 0.000654980307445, 0.00104357150849, 0.000723317265511, 0.00086833012756, 0.000531402532943, 0.000400074495701, 0.000772773404606, 0.000659628596622, 0.000488970952574, 0.000477559544379, 0.000485822645715, 0.000444078817964, 0.000480244547362, 0.000629680114798, 0.000414382113377, 0.000498786685057, 0.000366346066585, 0.00020529012545, 0.000209566263948, 0.000114947259135, 0.00026163100847, 0.000140953299706, 7.89751065895e-05, 0.000122134981211, 8.4282237367e-06, 3.30054433562e-07], "var": [3.90499188541e-09, 1.93972778106e-06, 7.17721195542e-06, 2.24340737986e-06, 4.55756253359e-06, 2.70288114734e-06, 2.06807067116e-06, 5.68936320633e-06, 3.00458441416e-06, 2.40415147346e-06, 5.2016639529e-06, 5.00419992022e-06, 1.98866109713e-06, 2.48059177466e-06, 3.23366839439e-06, 2.31454919231e-06, 1.76500816451e-06, 8.78595130871e-07, 3.73809399434e-07, 4.20729890038e-07, 1.43187037338e-07, 7.04998001311e-07, 2.07691513765e-07, 1.01565433397e-07, 1.4850219543e-07, 6.2163907355e-10, 1.50736779829e-12], "dvar": [2.9909814625e-09, 8.04071987659e-07, 1.99842384063e-06, 1.05748256374e-06, 2.70036957772e-06, 1.33056971663e-06, 1.10591770408e-06, 2.99654902847e-06, 1.77718527539e-06, 9.88842316474e-07, 2.28536828217e-06, 2.28137491831e-06, 9.27326595956e-07, 9.13177302664e-07, 1.2437803889e-06, 6.29997543911e-07, 7.07614503881e-07, 2.91768344596e-07, 1.5400537734e-07, 1.18305734986e-07, 9.0017870491e-08, 5.44195927432e-07, 1.30709352675e-07, 6.75789593174e-08, 1.07886485523e-07, 4.59432741851e-10, 1.61738764742e-12], "mean": [4.24576282967e-05, 0.00116900878493, 0.00236612604931, 0.00131594226696, 0.00131734472234, 0.000918214733247, 0.000670334033202, 0.0011732194107, 0.00114337808918, 0.000876342121046, 0.000843680463731, 0.00083598488709, 0.00075969932368, 0.000883323082235, 0.00120713480283, 0.000889863702469, 0.00102826242801, 0.000777946028393, 0.000460329029011, 0.000483354582684, 0.000183089912753, 0.000355763942935, 0.000218404020416, 0.000118098054372, 0.000169023973285, 1.06059233076e-05, 3.18002491895e-07]}, "melbands_flatness_db": {"min": 0.00482213078067, "max": 0.359310746193, "dvar2": 0.000776907196268, "median": 0.136213362217, "dmean2": 0.0295333694667, "dmean": 0.0208995658904, "var": 0.0032392074354, "dvar": 0.00042221925105, "mean": 0.143746122718}, "melbands_skewness": {"min": -1.5135140419, "max": 8.01205444336, "dvar2": 0.403276026249, "median": 1.29067754745, "dmean2": 0.666582584381, "dmean": 0.439987897873, "var": 1.24973714352, "dvar": 0.184922471642, "mean": 1.4622168541}, "silence_rate_60dB": {"min": 0, "max": 1, "dvar2": 0.0131665291265, "median": 0, "dmean2": 0.0116082224995, "dmean": 0.00580340949818, "var": 0.0735190212727, "dvar": 0.0057703666389, "mean": 0.0799081251025}, "spectral_energyband_low": {"min": 5.94357530272e-23, "max": 0.0264172945172, "dvar2": 9.81876019068e-06, "median": 0.00358980195597, "dmean2": 0.00275766244158, "dmean": 0.00164465385024, "var": 1.39653493534e-05, "dvar": 3.73386842512e-06, "mean": 0.00439616199583}, "spectral_energyband_middle_low": {"min": 3.14172324715e-22, "max": 0.0522160865366, "dvar2": 2.49012246059e-05, "median": 0.00547291291878, "dmean2": 0.003864179831, "dmean": 0.00245924363844, "var": 2.72359120572e-05, "dvar": 1.03461661638e-05, "mean": 0.00672403210774}, "melbands_kurtosis": {"min": -1.79885923862, "max": 78.372215271, "dvar2": 26.9975528717, "median": 1.38370549679, "dmean2": 3.34787678719, "dmean": 2.15893006325, "var": 36.981803894, "dvar": 11.892203331, "mean": 3.4080555439}, "spectral_decrease": {"min": -1.4076939614e-08, "max": 3.48661392751e-17, "dvar2": 2.97399554354e-18, "median": -4.73822048264e-09, "dmean2": 1.63093905048e-09, "dmean": 1.05025088626e-09, "var": 6.291249121e-18, "dvar": 1.30573778754e-18, "mean": -4.68836791612e-09}, "erbbands_kurtosis": {"min": -1.63520479202, "max": 17.5766181946, "dvar2": 2.19888138771, "median": 0.147629156709, "dmean2": 1.22581541538, "dmean": 0.777856230736, "var": 2.98537421227, "dvar": 0.939067423344, "mean": 0.623213231564}, "melbands_crest": {"min": 1.86008036137, "max": 30.5468444824, "dvar2": 16.7558822632, "median": 11.1341257095, "dmean2": 4.74900770187, "dmean": 2.94387865067, "var": 30.0955448151, "dvar": 7.0963845253, "mean": 12.223772049}, "mfcc": {"mean": [-638.680114746, 103.091514587, -23.4208469391, 18.3577804565, 7.26668262482, 1.74778831005, -3.25549054146, 8.40278720856, 2.12852239609, 2.62901377678, 0.12316467613, -6.04601430893, -0.227369681001], "icov": [[8.89578877832e-05, -4.51708910987e-05, 1.7470023522e-05, -0.000125534206745, 0.000129563355586, -3.31808514602e-05, 0.000158712515258, -0.000145543279359, 1.54628924065e-05, 7.36263828003e-05, 5.74891528231e-05, 0.000177872600034, 0.000101332618215], [-4.51708910987e-05, 0.000968667911366, 0.000371097645257, -0.000109103886643, -0.000507857475895, 7.29213861632e-05, -0.000288447772618, -0.000952782807872, 0.000143406301504, -0.000361719925422, -0.00037101097405, -0.000130582615384, 4.49290928373e-05], [1.7470023522e-05, 0.000371097645257, 0.00225318153389, -0.000299167557387, 0.000172628788278, -0.00123838579748, 0.000729451188818, -0.000731069536414, -0.00101371668279, 0.00104950147215, -0.000275698752375, -0.000626248831395, 0.000109536864329], [-0.000125534206745, -0.000109103886643, -0.000299167557387, 0.00591409578919, -0.00338885420933, 0.00139914080501, 0.000520206871442, -0.000542748137377, -0.000496068270877, -0.000602884567343, 0.00152093952056, -0.000330495589878, -0.00141020689625], [0.000129563355586, -0.000507857475895, 0.000172628788278, -0.00338885420933, 0.00944563187659, -0.00140386028215, -0.000200894835871, 0.00080290803453, -0.000946768093854, -0.000877938000485, 0.00193808891345, -0.000111143315735, -0.000931062269956], [-3.31808514602e-05, 7.29213861632e-05, -0.00123838579748, 0.00139914080501, -0.00140386028215, 0.00822589825839, -0.00261843949556, -0.00122438801918, 7.67133606132e-05, 0.00208606780507, -0.00223867082968, 0.000880339299329, 0.00125606264919], [0.000158712515258, -0.000288447772618, 0.000729451188818, 0.000520206871442, -0.000200894835871, -0.00261843949556, 0.00976750906557, -0.00379696325399, 0.00209569442086, -0.00378806446679, 0.00186055421364, 0.000101609017293, 0.000348636705894], [-0.000145543279359, -0.000952782807872, -0.000731069536414, -0.000542748137377, 0.00080290803453, -0.00122438801918, -0.00379696325399, 0.0163408853114, -0.00496293976903, -0.000896839483175, 0.000506976153702, 0.000809819786809, -0.00382080627605], [1.54628924065e-05, 0.000143406301504, -0.00101371668279, -0.000496068270877, -0.000946768093854, 7.67133606132e-05, 0.00209569442086, -0.00496293976903, 0.012082869187, -0.00336299394257, 0.00203125807457, -0.000143414537888, -0.000399759010179], [7.36263828003e-05, -0.000361719925422, 0.00104950147215, -0.000602884567343, -0.000877938000485, 0.00208606780507, -0.00378806446679, -0.000896839483175, -0.00336299394257, 0.0166105534881, -0.00551430135965, -7.57073357818e-05, 0.00280532287434], [5.74891528231e-05, -0.00037101097405, -0.000275698752375, 0.00152093952056, 0.00193808891345, -0.00223867082968, 0.00186055421364, 0.000506976153702, 0.00203125807457, -0.00551430135965, 0.0140866739675, -0.00127182470169, -0.0020762286149], [0.000177872600034, -0.000130582615384, -0.000626248831395, -0.000330495589878, -0.000111143315735, 0.000880339299329, 0.000101609017293, 0.000809819786809, -0.000143414537888, -7.57073357818e-05, -0.00127182470169, 0.0158993657678, -0.00432397518307], [0.000101332618215, 4.49290928373e-05, 0.000109536864329, -0.00141020689625, -0.000931062269956, 0.00125606264919, 0.000348636705894, -0.00382080627605, -0.000399759010179, 0.00280532287434, -0.0020762286149, -0.00432397518307, 0.0164075158536]], "cov": [[13122.8828125, 623.041320801, -85.3728179932, 299.843566895, -45.7007217407, -49.2307395935, -186.060501099, 123.167945862, 54.3030738831, -77.1969223022, -115.799476624, -168.932342529, -67.2518463135], [623.041320801, 1432.39672852, -279.994537354, 107.535301208, 111.963088989, -19.6720867157, 119.451026917, 118.701065063, 25.4441719055, 99.4557571411, 17.9411964417, -0.822344958782, 21.9734077454], [-85.3728179932, -279.994537354, 625.616455078, 9.14204597473, -9.92674732208, 87.2901611328, -58.7134246826, 21.2530193329, 58.2336578369, -59.5258750916, -1.19542050362, 21.8466510773, 14.0566797256], [299.843566895, 107.535301208, 9.14204597473, 285.507781982, 112.645973206, -51.2290458679, -16.4699993134, 29.834066391, 46.9185829163, 8.25850200653, -48.535118103, 12.6386518478, 36.8633117676], [-45.7007217407, 111.963088989, -9.92674732208, 112.645973206, 163.882247925, -2.65208172798, 12.4350414276, 19.3426151276, 30.6293201447, 13.0413455963, -30.2657012939, 6.96242570877, 19.9879665375], [-49.2307395935, -19.6720867157, 87.2901611328, -51.2290458679, -2.65208172798, 170.754318237, 42.760181427, 19.1752910614, -2.17180132866, -9.45857810974, 21.9823150635, -9.66478919983, -12.4946651459], [-186.060501099, 119.451026917, -58.7134246826, -16.4699993134, 12.4350414276, 42.760181427, 158.675872803, 41.0354232788, -6.11013936996, 40.7012519836, 2.73588323593, -5.95682764053, -4.91669464111], [123.167945862, 118.701065063, 21.2530193329, 29.834066391, 19.3426151276, 19.1752910614, 41.0354232788, 100.505744934, 43.753112793, 18.9913730621, -4.58048391342, 0.543956398964, 20.8816604614], [54.3030738831, 25.4441719055, 58.2336578369, 46.9185829163, 30.6293201447, -2.17180132866, -6.11013936996, 43.753112793, 118.789703369, 17.3061542511, -16.578453064, 4.80426263809, 14.5652265549], [-77.1969223022, 99.4557571411, -59.5258750916, 8.25850200653, 13.0413455963, -9.45857810974, 40.7012519836, 18.9913730621, 17.3061542511, 91.3941192627, 23.9142875671, -0.205118566751, -5.89920282364], [-115.799476624, 17.9411964417, -1.19542050362, -48.535118103, -30.2657012939, 21.9823150635, 2.73588323593, -4.58048391342, -16.578453064, 23.9142875671, 97.2888946533, 7.39512062073, 1.74461448193], [-168.932342529, -0.822344958782, 21.8466510773, 12.6386518478, 6.96242570877, -9.66478919983, -5.95682764053, 0.543956398964, 4.80426263809, -0.205118566751, 7.39512062073, 73.6199874878, 23.8636665344], [-67.2518463135, 21.9734077454, 14.0566797256, 36.8633117676, 19.9879665375, -12.4946651459, -4.91669464111, 20.8816604614, 14.5652265549, -5.89920282364, 1.74461448193, 23.8636665344, 79.3085098267]]}, "spectral_energy": {"min": 1.06079321964e-20, "max": 0.0596669763327, "dvar2": 5.35060025868e-05, "median": 0.0203895121813, "dmean2": 0.00683606462553, "dmean": 0.00452102115378, "var": 0.00012028432684, "dvar": 2.44348102569e-05, "mean": 0.0202172398567}, "melbands_spread": {"min": 3.11179733276, "max": 197.326080322, "dvar2": 264.398498535, "median": 39.5023498535, "dmean2": 14.1897706985, "dmean": 9.48566150665, "var": 588.924316406, "dvar": 130.114517212, "mean": 43.0551071167}, "erbbands_flatness_db": {"min": 0.0399234853685, "max": 0.434846401215, "dvar2": 0.000378921627998, "median": 0.167725920677, "dmean2": 0.0213765110821, "dmean": 0.0149339269847, "var": 0.00190168980043, "dvar": 0.000191598024685, "mean": 0.169429883361}, "spectral_contrast_valleys": {"min": [-27.3476047516, -26.8630809784, -27.2814903259, -27.3010540009, -27.228597641, -27.1932430267], "max": [-5.88902711868, -4.87212991714, -5.45816802979, -5.41604089737, -5.51605224609, -7.33814382553], "dvar2": [0.343825161457, 0.246192350984, 0.163208693266, 0.163215428591, 0.144077852368, 0.193421438336], "median": [-7.64231586456, -6.74952316284, -7.06137275696, -7.34216594696, -7.31247329712, -9.98649406433], "dmean2": [0.723925173283, 0.592225551605, 0.474766403437, 0.451076716185, 0.395129352808, 0.406965017319], "dmean": [0.436751067638, 0.361252397299, 0.300692915916, 0.301566392183, 0.294869929552, 0.335055142641], "var": [3.40994429588, 2.91959476471, 2.72033405304, 2.54118967056, 2.51931142807, 2.40688085556], "dvar": [0.13663084805, 0.107153102756, 0.0809381529689, 0.0869739949703, 0.0900965481997, 0.132503196597], "mean": [-8.02096366882, -7.08998775482, -7.40079402924, -7.6502199173, -7.6414475441, -10.2591352463]}, "barkbands_flatness_db": {"min": 0.0283173117787, "max": 0.338359892368, "dvar2": 0.000470184866572, "median": 0.102207064629, "dmean2": 0.0234216153622, "dmean": 0.0159053374082, "var": 0.00165835395455, "dvar": 0.000233125232626, "mean": 0.108239464462}, "zerocrossingrate": {"min": 0.0078125, "max": 0.58837890625, "dvar2": 0.000242806956521, "median": 0.078125, "dmean2": 0.013687344268, "dmean": 0.0125199183822, "var": 0.00553718488663, "dvar": 0.000218705754378, "mean": 0.0919007062912}, "spectral_skewness": {"min": -0.0213316753507, "max": 3.69209623337, "dvar2": 0.101896367967, "median": 1.43885374069, "dmean2": 0.311341643333, "dmean": 0.195070758462, "var": 0.1