{"lowlevel": {"spectral_complexity": {"min": 0, "max": 55, "dvar2": 23.4725914001, "median": 26, "dmean2": 5.0933265686, "dmean": 3.55607533455, "var": 102.660346985, "dvar": 13.158372879, "mean": 25.256893158}, "silence_rate_20dB": {"min": 1, "max": 1, "dvar2": 0, "median": 1, "dmean2": 0, "dmean": 0, "var": 0, "dvar": 0, "mean": 1}, "average_loudness": 0.950848817825, "erbbands_spread": {"min": 2.0999045372, "max": 136.24647522, "dvar2": 74.5086975098, "median": 25.5767097473, "dmean2": 7.96490621567, "dmean": 5.23396730423, "var": 144.566360474, "dvar": 32.7186470032, "mean": 27.3292579651}, "spectral_kurtosis": {"min": -1.26936066151, "max": 43.7504730225, "dvar2": 20.1586418152, "median": 5.64167928696, "dmean2": 3.75018930435, "dmean": 2.24241614342, "var": 16.1435756683, "dvar": 6.92870759964, "mean": 6.24440765381}, "barkbands_kurtosis": {"min": -1.94192874432, "max": 89.7276229858, "dvar2": 25.2123069763, "median": -0.465930938721, "dmean2": 1.5928068161, "dmean": 0.980247378349, "var": 9.37867164612, "dvar": 8.23460674286, "mean": 0.308403968811}, "spectral_strongpeak": {"min": 0, "max": 14.2681369781, "dvar2": 4.19787168503, "median": 0.536099910736, "dmean2": 1.40642690659, "dmean": 0.815090894699, "var": 3.10816931725, "dvar": 1.65250897408, "mean": 1.39965593815}, "spectral_spread": {"min": 1092645.75, "max": 43429476, "dvar2": 1066194370560.0, "median": 3114621.5, "dmean2": 681691.75, "dmean": 488509.15625, "var": 37705647915000.0, "dvar": 549473714176, "mean": 4426239.5}, "spectral_rms": {"min": 3.10527666948e-12, "max": 0.0083292061463, "dvar2": 5.35554192993e-07, "median": 0.00506458804011, "dmean2": 0.000755012093578, "dmean": 0.000501244328916, "var": 2.6188222364e-06, "dvar": 2.50383607181e-07, "mean": 0.00472728256136}, "dynamic_complexity": 2.72470164299, "erbbands": {"min": [5.62655797955e-23, 3.79587649715e-22, 1.53093895088e-21, 5.06570496227e-21, 9.29391298034e-21, 1.37979558443e-20, 3.57394175776e-20, 6.48886549032e-20, 6.06248555005e-20, 1.92325799671e-19, 1.70342001477e-19, 3.2961619711e-19, 4.67456514561e-19, 4.65018503103e-19, 7.94343299993e-19, 1.28956330463e-18, 1.65227062951e-18, 1.68534937541e-18, 2.51181747526e-18, 2.10623717244e-18, 3.08922842031e-18, 4.70972404396e-18, 4.58403767219e-18, 6.01811656427e-18, 5.57991391246e-18, 7.92308497725e-18, 7.85836884767e-18, 9.12725067243e-18, 9.89502234621e-18, 1.06352447697e-17, 1.04034389836e-17, 9.448269542e-18, 8.84411998365e-18, 7.575779135e-18, 5.5597269832e-18, 4.09352659998e-18, 2.12747958416e-18, 9.08342126691e-19, 2.22459317302e-19, 2.60292946164e-20], "max": [1.04021072388, 6.65351438522, 27.5001220703, 74.9105377197, 83.4812927246, 144.625457764, 225.230300903, 319.452636719, 715.550415039, 429.554992676, 700.946655273, 787.676940918, 720.059143066, 756.684631348, 980.237976074, 1336.56787109, 926.944152832, 652.092102051, 1979.94470215, 1184.92675781, 1666.11828613, 828.674743652, 856.45892334, 287.194061279, 280.353881836, 206.737960815, 177.557220459, 195.584976196, 287.835449219, 140.694824219, 125.732017517, 116.276489258, 69.7991485596, 21.2744255066, 31.0380401611, 1.6784504652, 0.415711045265, 0.071850001812, 0.0110986195505, 0.0011396916816], "dvar2": [0.0135451024398, 0.467230081558, 9.67140007019, 35.9109458923, 69.4448394775, 198.234466553, 415.552978516, 338.406982422, 925.956481934, 1221.72851563, 3361.19067383, 3656.17700195, 2460.07958984, 5794.04785156, 7044.16162109, 4764.62841797, 4704.69580078, 4763.05566406, 10590.2910156, 7945.34179688, 6321.5703125, 4205.51806641, 2231.30053711, 448.786437988, 670.332458496, 270.337158203, 72.3209381104, 166.373825073, 680.079467773, 76.1949462891, 71.2192306519, 31.6369857788, 10.4810810089, 3.30524516106, 8.37134838104, 0.0308484137058, 0.00108232384082, 5.11008911417e-05, 1.11782139811e-06, 8.15211542715e-09], "median": [0.00947117060423, 0.244523867965, 1.60559761524, 3.24627876282, 2.43568754196, 2.47367620468, 4.01878356934, 4.75308513641, 6.19025325775, 9.37159538269, 13.799949646, 18.9263858795, 21.9997634888, 19.6603393555, 18.5949649811, 20.667514801, 21.1422023773, 24.9443397522, 48.3157577515, 45.5013580322, 32.8320007324, 45.8884124756, 34.4809532166, 16.1984786987, 14.0024280548, 8.3862247467, 2.89763617516, 1.74639153481, 1.67425596714, 0.893737614155, 0.646144986153, 0.292930364609, 0.208947002888, 0.163118720055, 0.0950192213058, 0.0112144723535, 0.00162528874353, 0.000288747309241, 5.29098688276e-05, 3.91367721022e-05], "dmean2": [0.0478848256171, 0.441603094339, 2.19389033318, 4.21355009079, 4.7160449028, 7.13450908661, 10.0483055115, 9.13296031952, 11.9405355453, 17.86810112, 29.5513916016, 30.1047821045, 27.8897438049, 38.2490119934, 35.3683738708, 31.5703048706, 35.2465820313, 39.1184539795, 61.8789978027, 55.6674995422, 43.126209259, 45.8545837402, 33.8417243958, 14.3272829056, 15.587726593, 10.3132047653, 4.38813829422, 5.56471443176, 8.92084980011, 3.25772285461, 3.20490145683, 1.57804262638, 0.936502158642, 0.695261895657, 0.924169540405, 0.0662800446153, 0.012480773963, 0.00248700124212, 0.000362183694961, 3.70449051843e-05], "dmean": [0.0357169099152, 0.271903425455, 1.2818646431, 2.5220284462, 2.80336356163, 4.31816959381, 6.39689540863, 5.91556882858, 7.54798126221, 11.2039728165, 18.9034843445, 19.118812561, 17.6710166931, 24.0862922668, 22.7187023163, 20.2099761963, 22.4122219086, 24.3492507935, 39.0540809631, 35.9639968872, 28.392364502, 29.8568630219, 22.1177043915, 9.35834312439, 10.3457260132, 7.0949640274, 3.07781624794, 3.9454126358, 5.91335058212, 2.30138325691, 2.18635797501, 1.11824071407, 0.666934251785, 0.485244721174, 0.620602309704, 0.0469920150936, 0.00874910037965, 0.00169747800101, 0.000245699309744, 2.53878188232e-05], "var": [0.0134980557486, 0.384802818298, 13.133808136, 33.0069541931, 42.114982605, 136.040527344, 366.959716797, 407.537750244, 858.849365234, 896.383361816, 3271.41699219, 2373.80566406, 2479.11914063, 4864.04052734, 6961.30175781, 7379.72265625, 4805.34960938, 4584.7890625, 12723.4697266, 8996.75488281, 9820.54589844, 5909.07666016, 3256.40405273, 532.237182617, 753.491699219, 457.073120117, 84.6747741699, 148.316970825, 358.45401001, 56.2300987244, 49.2396125793, 20.1863651276, 6.17101716995, 2.35572433472, 4.28239870071, 0.0202146135271, 0.00072287657531, 2.94841483992e-05, 6.34039395209e-07, 5.37275646195e-09], "dvar": [0.00739780114964, 0.185460194945, 3.49491333961, 13.4152879715, 27.2434921265, 78.5420455933, 175.643417358, 157.174240112, 355.005249023, 519.114440918, 1461.39709473, 1517.89648438, 990.576171875, 2257.34179688, 2728.00512695, 2047.5670166, 1924.60803223, 1803.68920898, 4597.56982422, 3559.2331543, 2658.74487305, 1811.00964355, 990.387817383, 189.845977783, 292.712280273, 129.533035278, 36.9539375305, 87.0325698853, 299.369476318, 37.5804138184, 33.5974388123, 14.6530170441, 4.62962198257, 1.56547260284, 3.67470765114, 0.0147038353607, 0.000530168996193, 2.38604643528e-05, 5.15313843152e-07, 3.87890874975e-09], "mean": [0.052809804678, 0.483524680138, 2.97392892838, 4.90252542496, 4.30087041855, 6.44485473633, 11.1452169418, 11.2631587982, 14.6150131226, 18.99559021, 32.5353317261, 32.8965911865, 36.9027290344, 45.1904411316, 45.3020782471, 43.0108909607, 43.5209274292, 49.2874183655, 82.6844787598, 74.3265914917, 67.1634750366, 71.2119522095, 52.3489990234, 22.6362361908, 23.111240387, 16.8068790436, 6.11256980896, 5.76471471786, 7.38878726959, 3.19798183441, 2.90309381485, 1.41418266296, 0.922267436981, 0.689861118793, 0.739785373211, 0.0598516277969, 0.0104029234499, 0.00194987352006, 0.000292429467663, 5.49562064407e-05]}, "spectral_contrast_coeffs": {"min": [-0.985306143761, -0.982407808304, -0.984624803066, -0.983980119228, -0.981680095196, -0.980512917042], "max": [-0.307609200478, -0.378712952137, -0.409127861261, -0.461666315794, -0.518792510033, -0.618750929832], "dvar2": [0.00454670283943, 0.0035735652782, 0.00225782580674, 0.00170631147921, 0.000923608255107, 0.000650072062854], "median": [-0.622646391392, -0.744916677475, -0.753131508827, -0.740918636322, -0.735473632813, -0.759764134884], "dmean2": [0.0842503905296, 0.0729985237122, 0.0579493492842, 0.050635881722, 0.037116933614, 0.028018899262], "dmean": [0.050542473793, 0.0445814691484, 0.0358472019434, 0.0315090753138, 0.0240712668747, 0.0178289692849], "var": [0.00942576117814, 0.0065786219202, 0.00510542094707, 0.00477739796042, 0.00425536883995, 0.00236796052195], "dvar": [0.00168702122755, 0.00142427661922, 0.000909170485102, 0.000703231431544, 0.000421196251409, 0.000276669248706], "mean": [-0.632077336311, -0.743135333061, -0.752836287022, -0.741712272167, -0.739833116531, -0.763840734959]}, "dissonance": {"min": 0.324494510889, "max": 0.5, "dvar2": 0.000495191663504, "median": 0.477478474379, "dmean2": 0.0225754901767, "dmean": 0.0134771205485, "var": 0.000381369609386, "dvar": 0.000182764488272, "mean": 0.473143875599}, "spectral_energyband_high": {"min": 7.06525899675e-21, "max": 0.0138757554814, "dvar2": 1.44711611938e-06, "median": 0.000287690549158, "dmean2": 0.00056842691265, "dmean": 0.000414838228608, "var": 1.43372096773e-06, "dvar": 7.79637048254e-07, "mean": 0.000692028261255}, "gfcc": {"mean": [-30.497592926, 98.7767333984, -147.093734741, 26.0419769287, -43.9571876526, 10.69551754, -37.883266449, 11.5040283203, -19.5253238678, -4.69789361954, -16.0093517303, -8.35793495178, -8.19538497925], "icov": [[0.000182590418262, -0.000281312852167, 0.000550242140889, -0.000675062008668, 0.000756720546633, -0.000460950453999, 0.000449906743597, -0.000413378758822, 0.000316773686791, -0.000219470399315, 0.000350859365426, -0.000182493444299, 0.000119539632578], [-0.000281312852167, 0.00154917396139, -0.000482586299768, 0.000875423545949, -0.00172640208621, 0.000463611999294, -0.000272725184914, 0.000303577427985, -0.000845947768539, 0.00155280472245, -0.00151327881031, 0.00176374311559, -8.73888566275e-05], [0.000550242140889, -0.000482586299768, 0.00291254837066, -0.00239656935446, 0.00162928306963, -0.00156608130783, 0.000545359565876, -0.000744221615605, 0.000244009395828, -0.000926323758904, 0.0019568183925, -0.00156100513414, 0.000682869867887], [-0.000675062008668, 0.000875423545949, -0.00239656935446, 0.00702224625275, -0.00328819802962, 0.0010488742264, 0.000241788031417, -0.00019944657106, -0.00126218819059, 0.00192414422054, -0.000930020352826, 0.00136334309354, -0.0021397320088], [0.000756720546633, -0.00172640208621, 0.00162928306963, -0.00328819802962, 0.00885177217424, -0.00169040891342, -0.000736310204957, -0.00225892406888, -0.000117959687486, -0.000280156818917, -0.00113655859604, 0.000211593040149, -0.000987675157376], [-0.000460950453999, 0.000463611999294, -0.00156608130783, 0.0010488742264, -0.00169040891342, 0.00797715038061, -0.00399866281077, 0.000870923046023, 0.00225900439546, -0.00188175379299, 0.001892760396, -0.00151726149488, 0.00130490248557], [0.000449906743597, -0.000272725184914, 0.000545359565876, 0.000241788031417, -0.000736310204957, -0.00399866281077, 0.0119233541191, -0.00284713879228, -0.000949129986111, 0.00179757154547, -0.00355307920836, 0.00348642468452, 0.000176952496986], [-0.000413378758822, 0.000303577427985, -0.000744221615605, -0.00019944657106, -0.00225892406888, 0.000870923046023, -0.00284713879228, 0.0114301592112, -0.00307524343953, -0.00215695449151, 0.00208936771378, 3.72036629415e-05, -0.000494962092489], [0.000316773686791, -0.000845947768539, 0.000244009395828, -0.00126218819059, -0.000117959687486, 0.00225900439546, -0.000949129986111, -0.00307524343953, 0.015393378213, -0.00477213179693, 0.00213294057176, -0.000878706399817, 0.000327065907186], [-0.000219470399315, 0.00155280472245, -0.000926323758904, 0.00192414422054, -0.000280156818917, -0.00188175379299, 0.00179757154547, -0.00215695449151, -0.00477213179693, 0.0196657124907, -0.00631457753479, -0.00193552882411, 0.00276413699612], [0.000350859365426, -0.00151327881031, 0.0019568183925, -0.000930020352826, -0.00113655859604, 0.001892760396, -0.00355307920836, 0.00208936771378, 0.00213294057176, -0.00631457753479, 0.0165158174932, -0.00444844318554, -0.00116682157386], [-0.000182493444299, 0.00176374311559, -0.00156100513414, 0.00136334309354, 0.000211593040149, -0.00151726149488, 0.00348642468452, 3.72036629415e-05, -0.000878706399817, -0.00193552882411, -0.00444844318554, 0.0177462436259, -0.00548264244571], [0.000119539632578, -8.73888566275e-05, 0.000682869867887, -0.0021397320088, -0.000987675157376, 0.00130490248557, 0.000176952496986, -0.000494962092489, 0.000327065907186, 0.00276413699612, -0.00116682157386, -0.00548264244571, 0.0156107088551]], "cov": [[45759.6679688, 2901.80786133, -5197.04882813, 1193.71472168, -2041.21838379, 335.614562988, -1503.99365234, 328.835479736, -706.786865234, -302.937469482, -687.026245117, -310.007354736, -164.710571289], [2901.80786133, 1704.19641113, -594.45513916, 79.6170883179, 242.109161377, -76.4356384277, 67.6608276367, 55.3972587585, 12.9116668701, -129.33152771, 95.0791702271, -209.442810059, 3.11081671715], [-5197.04882813, -594.45513916, 1298.50280762, 32.7836990356, 125.750022888, 88.7273788452, 116.768318176, -0.0216036401689, 82.2204666138, 67.0776367188, -28.4518642426, 106.276794434, 4.97523880005], [1193.71472168, 79.6170883179, 32.7836990356, 284.320800781, 22.2470264435, 7.44094800949, -38.9433021545, 45.66664505, 4.25961589813, -22.6428031921, -28.1431159973, -6.37736463547, 31.0936603546], [-2041.21838379, 242.109161377, 125.750022888, 22.2470264435, 352.406738281, -19.9305553436, 141.505203247, 34.3439331055, 58.4353294373, -10.7316522598, 85.3602905273, -36.3933868408, 32.2564353943], [335.614562988, -76.4356384277, 88.7273788452, 7.44094800949, -19.9305553436, 202.461715698, 32.3027000427, 9.68813419342, -26.3297214508, 19.3349971771, -29.8025436401, 15.4511766434, -23.7759208679], [-1503.99365234, 67.6608276367, 116.768318176, -38.9433021545, 141.505203247, 32.3027000427, 190.187820435, 22.7125415802, 33.0134925842, -0.260279208422, 53.518787384, -30.5899791718, -1.12194705009], [328.835479736, 55.3972587585, -0.0216036401689, 45.66664505, 34.3439331055, 9.68813419342, 22.7125415802, 122.077125549, 28.5808353424, 9.67333602905, -10.9864702225, -9.41770362854, 2.58829116821], [-706.786865234, 12.9116668701, 82.2204666138, 4.25961589813, 58.4353294373, -26.3297214508, 33.0134925842, 28.5808353424, 95.5719833374, 19.6877155304, 12.8147001266, 0.339028835297, 4.49029874802], [-302.937469482, -129.33152771, 67.0776367188, -22.6428031921, -10.7316522598, 19.3349971771, -0.260279208422, 9.67333602905, 19.6877155304, 80.2774276733, 16.7937049866, 30.3013954163, -9.1571521759], [-687.026245117, 95.0791702271, -28.4518642426, -28.1431159973, 85.3602905273, -29.8025436401, 53.518787384, -10.9864702225, 12.8147001266, 16.7937049866, 115.437606812, 5.92288923264, 17.5835838318], [-310.007354736, -209.442810059, 106.276794434, -6.37736463547, -36.3933868408, 15.4511766434, -30.5899791718, -9.41770362854, 0.339028835297, 30.3013954163, 5.92288923264, 103.705856323, 23.6251621246], [-164.710571289, 3.11081671715, 4.97523880005, 31.0936603546, 32.2564353943, -23.7759208679, -1.12194705009, 2.58829116821, 4.49029874802, -9.1571521759, 17.5835838318, 23.6251621246, 84.6436843872]]}, "spectral_flux": {"min": 6.29264002017e-11, "max": 0.214537903666, "dvar2": 0.000650332367513, "median": 0.0807637125254, "dmean2": 0.0272150207311, "dmean": 0.0181227419525, "var": 0.00146508205216, "dvar": 0.000316373218084, "mean": 0.0807177126408}, "silence_rate_30dB": {"min": 1, "max": 1, "dvar2": 0, "median": 1, "dmean2": 0, "dmean": 0, "var": 0, "dvar": 0, "mean": 1}, "spectral_energyband_middle_high": {"min": 1.03723915073e-21, "max": 0.0463757552207, "dvar2": 2.34752005781e-05, "median": 0.00948594976217, "dmean2": 0.00396104156971, "dmean": 0.00272141303867, "var": 6.48110799375e-05, "dvar": 1.09873999463e-05, "mean": 0.0108778281137}, "barkbands_spread": {"min": 1.57012581825, "max": 143.890792847, "dvar2": 90.929107666, "median": 24.8689041138, "dmean2": 7.47725725174, "dmean": 4.86719655991, "var": 116.889892578, "dvar": 38.3764343262, "mean": 25.6768684387}, "spectral_centroid": {"min": 310.56350708, "max": 11845.0820313, "dvar2": 145246.140625, "median": 1724.33618164, "dmean2": 329.747528076, "dmean": 220.66835022, "var": 2532078.5, "dvar": 72449.25, "mean": 1932.0682373}, "pitch_salience": {"min": 0.0631737262011, "max": 0.855161547661, "dvar2": 0.0073787951842, "median": 0.571888566017, "dmean2": 0.0968351960182, "dmean": 0.0608018673956, "var": 0.0109873628244, "dvar": 0.00303558306769, "mean": 0.57292252779}, "erbbands_skewness": {"min": -2.96627807617, "max": 3.91436719894, "dvar2": 0.178497120738, "median": -0.267435997725, "dmean2": 0.462676733732, "dmean": 0.302048146725, "var": 0.419774591923, "dvar": 0.0771726965904, "mean": -0.321117013693}, "erbbands_crest": {"min": 1.93445491791, "max": 31.3839759827, "dvar2": 11.5228500366, "median": 7.71860170364, "dmean2": 3.69878411293, "dmean": 2.26808476448, "var": 13.3365507126, "dvar": 4.67534208298, "mean": 8.46258163452}, "melbands": {"min": [1.03619571889e-24, 1.65211307013e-24, 1.06672729832e-24, 1.49166418543e-24, 1.25581567958e-24, 1.53585932878e-24, 7.62312925443e-25, 1.79664668607e-24, 1.2020316361e-24, 1.96755813436e-24, 1.8529841737e-24, 1.87568206852e-24, 2.02096283435e-24, 2.6392077197e-24, 1.65883663024e-24, 2.99779824923e-24, 2.54923813346e-24, 2.61984138169e-24, 3.02996839138e-24, 2.4007512397e-24, 3.2190161463e-24, 4.03541125534e-24, 2.86776005103e-24, 3.6831103138e-24, 4.21139902355e-24, 4.52489984146e-24, 3.99749386707e-24, 4.24549083086e-24, 3.81218846828e-24, 4.56195658248e-24, 5.68885464078e-24, 4.59461779054e-24, 3.51809757294e-24, 4.83327937438e-24, 5.36992645984e-24, 5.65591417596e-24, 5.39745967759e-24, 4.99431665071e-24, 5.2307706073e-24, 5.23390593497e-24], "max": [0.00841252412647, 0.0102385226637, 0.0103042498231, 0.00787896011025, 0.00589457573369, 0.00622921949252, 0.00990151055157, 0.00724819209427, 0.00497106555849, 0.00523143075407, 0.0037184075918, 0.00291876075789, 0.00404584640637, 0.00500360736623, 0.00302670244128, 0.00211588758975, 0.00153030350339, 0.00361300259829, 0.00207223137841, 0.00164073344786, 0.00202668504789, 0.000992203364149, 0.00068547425326, 0.000861078500748, 0.000255315040704, 0.000303378881654, 0.000224966031965, 0.000127544713905, 0.000115498580271, 9.06727218535e-05, 0.000125722493976, 0.000204604715691, 0.000115112030471, 7.0994014095e-05, 8.77977581695e-05, 8.44291062094e-05, 6.68170905556e-05, 5.72878670937e-05, 2.64112240984e-05, 1.62616288435e-05], "dvar2": [8.41646397021e-07, 1.62380410984e-06, 9.76034812084e-07, 4.96839675179e-07, 4.39304159272e-07, 1.68306343085e-07, 1.84471645071e-07, 2.0116405608e-07, 2.15618513266e-07, 1.36923659966e-07, 6.52832383707e-08, 9.83926042863e-08, 1.12086809168e-07, 8.65166427388e-08, 4.39227498816e-08, 2.00444247866e-08, 2.31207462065e-08, 3.61707606089e-08, 2.54409844302e-08, 7.63760166222e-09, 1.11504627753e-08, 5.56914958594e-09, 3.32084293397e-09, 2.30882535313e-09, 3.4364069923e-10, 4.65497890234e-10, 3.58933244238e-10, 1.26091789787e-10, 3.24040620725e-11, 4.97037550007e-11, 6.36051974978e-11, 3.16780213172e-10, 5.76449478429e-11, 2.15539513321e-11, 3.8045830375e-11, 1.48626562446e-11, 1.11246489451e-11, 6.82783040176e-12, 2.46859108675e-12, 2.58884016655e-12], "median": [0.000155904053827, 0.000747172220144, 0.000590739015024, 0.000174231827259, 0.000150642270455, 0.000108164182166, 8.95557823242e-05, 0.000109792636067, 0.000116102877655, 0.000125441409182, 0.000108025924419, 7.75998632889e-05, 6.10408023931e-05, 4.40324874944e-05, 5.31516925548e-05, 3.26788795064e-05, 4.23376986873e-05, 7.143295079e-05, 6.82059471728e-05, 3.84970771847e-05, 3.59017576557e-05, 4.55004774267e-05, 3.50388691004e-05, 2.18409786612e-05, 9.57658266998e-06, 9.7292195278e-06, 8.07926153357e-06, 4.54022574559e-06, 1.74486194737e-06, 8.84435621629e-07, 9.21709897739e-07, 9.85001861409e-07, 5.98898736826e-07, 4.13836005464e-07, 4.09650255051e-07, 1.92689398659e-07, 1.46743118989e-07, 1.41404001397e-07, 1.22658377677e-07, 1.10369882123e-07], "dmean2": [0.000441646639956, 0.000920294318348, 0.000699809752405, 0.000382546684705, 0.000349264882971, 0.000207116157981, 0.000177288689883, 0.000235948464251, 0.0002394990006, 0.000192798528587, 0.000144047080539, 0.000161373420269, 0.000128803032567, 0.000108136177005, 0.000101931756944, 6.6275606514e-05, 8.38425694383e-05, 0.000112884801638, 9.96138551272e-05, 5.20409557794e-05, 5.60228654649e-05, 5.18649358128e-05, 3.91507419408e-05, 3.12141637551e-05, 1.19934093163e-05, 1.18550369734e-05, 1.1419443581e-05, 6.75223418511e-06, 3.09205302074e-06, 3.04739614876e-06, 3.31506134899e-06, 5.97467987973e-06, 2.81724555862e-06, 1.61302432389e-06, 2.36061305259e-06, 1.09372979296e-06, 9.36976903176e-07, 7.39806182537e-07, 4.99185432545e-07, 6.03794489962e-07], "dmean": [0.000310482399072, 0.000539358181413, 0.000419797288487, 0.000232030462939, 0.000220849862671, 0.000134488291224, 0.000111788824142, 0.000148083257955, 0.000153003580635, 0.000123006073409, 9.10610033316e-05, 0.000101732701296, 8.26739706099e-05, 7.03830010025e-05, 6.47141569061e-05, 4.25827929575e-05, 5.20706744283e-05, 7.1340611612e-05, 6.33048039163e-05, 3.39919060934e-05, 3.67219836335e-05, 3.35501645168e-05, 2.5250177714e-05, 2.00725862669e-05, 7.66701577959e-06, 7.67976416682e-06, 7.65811364545e-06, 4.58170052298e-06, 2.10388589039e-06, 2.08913684219e-06, 2.31695548791e-06, 3.89441356674e-06, 1.91383469428e-06, 1.11579549866e-06, 1.56529711148e-06, 7.58692635827e-07, 6.50740730634e-07, 5.19544641975e-07, 3.4593463738e-07, 4.14088248135e-07], "var": [7.96563597305e-07, 1.95065035768e-06, 8.17661486963e-07, 3.42864410641e-07, 4.29407549518e-07, 2.03166322876e-07, 1.73563805106e-07, 1.65034066413e-07, 1.9584527422e-07, 9.29050045784e-08, 6.66735502364e-08, 8.15392340314e-08, 1.01792146268e-07, 1.21483040516e-07, 3.96627939381e-08, 1.88056255013e-08, 2.21178595439e-08, 4.32276578977e-08, 2.76195635251e-08, 8.85037376719e-09, 1.66200813112e-08, 6.73784095184e-09, 4.44219949713e-09, 2.62910648807e-09, 3.02647240602e-10, 4.19813628305e-10, 4.73761974096e-10, 1.92025811918e-10, 3.91735498206e-11, 3.8828301685e-11, 5.32982998014e-11, 1.60435331686e-10, 3.66159533249e-11, 1.35855580258e-11, 2.38361205773e-11, 9.62081716377e-12, 7.00296981862e-12, 3.77243462163e-12, 1.5262388792e-12, 1.73704984858e-12], "dvar": [4.30059628798e-07, 5.67064944335e-07, 3.6811493942e-07, 1.93011175043e-07, 1.85289550814e-07, 7.78394309009e-08, 7.19633206359e-08, 8.5948570927e-08, 9.10073296723e-08, 5.71710820907e-08, 2.61284469616e-08, 3.8366913202e-08, 4.32004014783e-08, 3.59735281563e-08, 1.74649219531e-08, 8.16887979482e-09, 8.77344241701e-09, 1.59038666681e-08, 1.08473434679e-08, 3.50473716715e-09, 4.6888377625e-09, 2.40071584834e-09, 1.44689804582e-09, 9.80570624698e-10, 1.41118158825e-10, 1.9367436821e-10, 1.61225130468e-10, 5.86290044291e-11, 1.58378848231e-11, 2.4192993095e-11, 3.26262489247e-11, 1.38113465109e-10, 2.67239494423e-11, 1.00368454867e-11, 1.72270479132e-11, 6.98007493818e-12, 5.11865593314e-12, 2.96012932048e-12, 1.08939257355e-12, 1.20556017426e-12], "mean": [0.000486013217596, 0.00123190192971, 0.000839580956381, 0.000353677198291, 0.000391427718569, 0.000259451859165, 0.000211601232877, 0.000247385294642, 0.000263382535195, 0.000212967090192, 0.000186110089999, 0.000184781645657, 0.000158137190738, 0.000133460271172, 0.000117625779239, 7.70600381657e-05, 9.54062124947e-05, 0.000138307397719, 0.000123529665871, 6.86837811372e-05, 8.07777250884e-05, 7.27650040062e-05, 5.73541256017e-05, 4.00669632654e-05, 1.50638725245e-05, 1.6085241441e-05, 1.61008556461e-05, 1.01077648651e-05, 4.06771823691e-06, 2.9731286304e-06, 3.27128168465e-06, 4.7314965741e-06, 2.4667406251e-06, 1.50073049099e-06, 2.02035880648e-06, 9.41561609125e-07, 8.08037611932e-07, 6.80670154907e-07, 5.13839324867e-07, 5.64275183024e-07]}, "barkbands_skewness": {"min": -3.20683693886, "max": 9.45994186401, "dvar2": 0.422330886126, "median": 0.392911076546, "dmean2": 0.557102739811, "dmean": 0.361923933029, "var": 0.841669023037, "dvar": 0.160646468401, "mean": 0.454808413982}, "spectral_entropy": {"min": 5.79833221436, "max": 9.8222284317, "dvar2": 0.0411393418908, "median": 7.49005699158, "dmean2": 0.19010438025, "dmean": 0.142702683806, "var": 0.271546244621, "dvar": 0.0236052572727, "mean": 7.57064247131}, "spectral_rolloff": {"min": 21.533203125, "max": 19767.4804688, "dvar2": 1537555, "median": 1916.45507813, "dmean2": 657.446472168, "dmean": 405.657562256, "var": 8524564, "dvar": 632180.8125, "mean": 2466.42431641}, "barkbands": {"min": [4.08185906497e-26, 2.49031692915e-24, 5.69785702283e-25, 1.01339872341e-24, 3.82646053978e-24, 5.36154205171e-24, 4.35328472925e-24, 3.77649566776e-24, 1.58151954461e-23, 1.1849050517e-23, 1.34450092138e-23, 2.8768353041e-23, 3.04681684315e-23, 3.16836042935e-23, 4.0032813451e-23, 3.24564292342e-23, 6.29264120457e-23, 7.08660256886e-23, 1.2978569329e-22, 1.55064974501e-22, 2.15657935989e-22, 3.09193867718e-22, 3.73619923278e-22, 5.8796092856e-22, 8.08261683318e-22, 1.28921520781e-21, 1.88208630956e-21], "max": [0.00116081198212, 0.0283118374646, 0.0256529636681, 0.0251689795405, 0.0304328165948, 0.0371303074062, 0.0411511473358, 0.0467712916434, 0.0302575565875, 0.0202032346278, 0.0311894733459, 0.0333223007619, 0.0226941760629, 0.0196296554059, 0.0280217584223, 0.0240818951279, 0.0142681449652, 0.0125390170142, 0.00757584394887, 0.00491811102256, 0.00365798408166, 0.00650103762746, 0.00448563881218, 0.00392781198025, 0.00273455888964, 0.000238608903601, 8.10591373011e-05], "dvar2": [1.92191969006e-08, 9.73030273599e-06, 1.0334459148e-05, 6.40461485091e-06, 1.10555401989e-05, 5.55761153009e-06, 4.18668741986e-06, 7.97888969828e-06, 6.49108369544e-06, 3.72212366528e-06, 6.58532053421e-06, 4.76283776152e-06, 3.23986932926e-06, 3.24723964695e-06, 4.18991930928e-06, 1.8619389266e-06, 1.50500488871e-06, 6.32173225767e-07, 2.19775259325e-07, 1.38397012961e-07, 6.95002313478e-08, 2.76744145822e-07, 7.51813047373e-08, 4.983387214e-08, 7.36745917607e-08, 3.75651648676e-10, 4.71544053804e-11], "median": [1.94075091713e-05, 0.000823675887659, 0.0016712914221, 0.000920680875424, 0.000732118496671, 0.000572164659388, 0.000405081140343, 0.000541708548553, 0.000983581412584, 0.000525831477717, 0.000371239439119, 0.000410165637732, 0.000477896915982, 0.000526875257492, 0.000986634637229, 0.000479614012875, 0.000771403254475, 0.000450169871328, 0.000270552292932, 0.000169393635588, 4.2767416744e-05, 4.18106174038e-05, 2.33594873862e-05, 1.3069958186e-05, 1.48633953359e-05, 1.08699600787e-06, 2.25523479003e-07], "dmean2": [7.34041750547e-05, 0.00179578631651, 0.00226541422307, 0.0016751899384, 0.0018717199564, 0.00115291692782, 0.000877827056684, 0.00144535396248, 0.00140270474367, 0.00103857903741, 0.000941525853705, 0.000900480954442, 0.000939144520089, 0.00103520718403, 0.00134657416493, 0.000751103740185, 0.000873356941156, 0.000563141424209, 0.000282873370452, 0.00023123928986, 0.000117593066534, 0.000193177183974, 0.000101634825114, 6.43287639832e-05, 9.37365330174e-05, 7.26220878278e-06, 2.33846049014e-06], "dmean": [4.85163982376e-05, 0.00118171202485, 0.0013262926368, 0.000996497343294, 0.00114867999218, 0.000746524368878, 0.000550315831788, 0.000909802794922, 0.000894330907613, 0.000651591224596, 0.000602870131843, 0.000581780448556, 0.000597460428253, 0.000650863337796, 0.000858628656715, 0.000486605422338, 0.000563001143746, 0.000362108956324, 0.000185617667739, 0.000157711823704, 8.31534416648e-05, 0.000131547494675, 7.0027061156e-05, 4.5840482926e-05, 6.41349834041e-05, 5.1348888519e-06, 1.58579450726e-06], "var": [1.66370934807e-08, 8.80233528733e-06, 1.19510323202e-05, 4.70301938549e-06, 8.9266386567e-06, 6.15872386334e-06, 3.60527587873e-06, 7.46720843381e-06, 4.77263802168e-06, 3.42232624462e-06, 6.0671668507e-06, 6.30351223663e-06, 3.0577580219e-06, 3.25321434502e-06, 4.80533344671e-06, 2.62433536591e-06, 2.09307108889e-06, 7.57811847052e-07, 2.43407669132e-07, 2.19832557491e-07, 6.43585664761e-08, 1.73975095663e-07, 5.22900052147e-08, 3.14229744447e-08, 4.19118606487e-08, 2.48467191266e-10, 2.70373150951e-11], "dvar": [9.06115360522e-09, 4.49758408649e-06, 3.72581689589e-06, 2.38962934418e-06, 4.34415187556e-06, 2.54006658906e-06, 1.66122606515e-06, 3.45339435626e-06, 2.71212684311e-06, 1.46430716086e-06, 2.55540999206e-06, 1.97717213268e-06, 1.29396346438e-06, 1.25963003939e-06, 1.81316841008e-06, 7.7774905094e-07, 6.65903769459e-07, 2.72576158977e-07, 9.53189029929e-08, 6.54791563193e-08, 3.59150504892e-08, 1.2913308467e-07, 3.58549314683e-08, 2.27676064668e-08, 3.32161746996e-08, 1.81646753195e-10, 2.19632055598e-11], "mean": [7.2676128184e-05, 0.00194381002802, 0.0029003014788, 0.0016676466912, 0.00180930446368, 0.00139942776877, 0.00097271555569, 0.00149114220403, 0.00161012471654, 0.00117240170948, 0.00109382986557, 0.0010872395942, 0.00107681960799, 0.00119436893146, 0.00170767505188, 0.00105218100362, 0.00126442557666, 0.000751736864913, 0.000420511205448, 0.000355883094016, 0.000128666957607, 0.000171406412846, 9.47272128542e-05, 6.04287961323e-05, 8.23834343464e-05, 6.25630036666e-06, 1.79912967724e-06]}, "melbands_flatness_db": {"min": 0.00324676302262, "max": 0.389610856771, "dvar2": 0.000989100546576, "median": 0.16206791997, "dmean2": 0.0313600338995, "dmean": 0.0224354527891, "var": 0.00377369718626, "dvar": 0.000517279433552, "mean": 0.165990591049}, "melbands_skewness": {"min": -1.80823361874, "max": 20.6595344543, "dvar2": 0.940726518631, "median": 1.19433224201, "dmean2": 0.697142481804, "dmean": 0.449191629887, "var": 1.48305881023, "dvar": 0.333936363459, "mean": 1.36288976669}, "silence_rate_60dB": {"min": 0, "max": 1, "dvar2": 0.00612061331049, "median": 0, "dmean2": 0.00590987456962, "dmean": 0.00295457337052, "var": 0.0677695795894, "dvar": 0.00294580985792, "mean": 0.0731166899204}, "spectral_energyband_low": {"min": 1.57594166692e-23, "max": 0.0424132831395, "dvar2": 2.95568333968e-05, "median": 0.00437873089686, "dmean2": 0.00404883688316, "dmean": 0.00247488357127, "var": 3.29422873619e-05, "dvar": 1.13560736281e-05, "mean": 0.00593563448638}, "spectral_energyband_middle_low": {"min": 1.39902575653e-22, "max": 0.047422003001, "dvar2": 3.65945343219e-05, "median": 0.00757277477533, "dmean2": 0.00482833106071, "dmean": 0.00313111557625, "var": 4.89623089379e-05, "dvar": 1.57898557518e-05, "mean": 0.00922531168908}, "melbands_kurtosis": {"min": -1.74928629398, "max": 516.913574219, "dvar2": 458.483154297, "median": 1.04154479504, "dmean2": 4.04679965973, "dmean": 2.48069310188, "var": 152.49130249, "dvar": 141.328872681, "mean": 3.2869989872}, "spectral_decrease": {"min": -1.72791079223e-08, "max": 1.29789670663e-20, "dvar2": 4.28679114625e-18, "median": -6.23496365648e-09, "dmean2": 1.98771621385e-09, "dmean": 1.28217769735e-09, "var": 9.22744954157e-18, "dvar": 1.81666729618e-18, "mean": -6.10444983451e-09}, "erbbands_kurtosis": {"min": -1.63154578209, "max": 19.5606975555, "dvar2": 2.22527217865, "median": 0.153809338808, "dmean2": 1.16964018345, "dmean": 0.742208361626, "var": 2.50389075279, "dvar": 0.918811440468, "mean": 0.573046386242}, "melbands_crest": {"min": 1.55407416821, "max": 38.4143714905, "dvar2": 18.2314758301, "median": 11.1660795212, "dmean2": 4.83741426468, "dmean": 2.96773481369, "var": 29.0048904419, "dvar": 7.33894062042, "mean": 11.9920301437}, "mfcc": {"mean": [-643.111633301, 126.389183044, -36.0231018066, 17.2354393005, 8.51803016663, -0.061277911067, -2.25326609612, 6.38776826859, 2.69059801102, 3.09350037575, 0.0421718582511, -5.34080982208, -0.893556654453], "icov": [[9.07622088562e-05, -8.39864369482e-05, 6.05086061114e-05, -0.00014479715901, 0.000147127415403, -8.22760339361e-05, 0.000182902862434, -7.42365955375e-05, -8.6430052761e-05, 0.000140493008075, 6.3682164182e-05, 0.000128776227939, 0.000122502155136], [-8.39864369482e-05, 0.000920009217225, 0.000432595494203, -0.000286467751721, -0.000637029123027, 5.53727586521e-05, -0.000347344728652, -0.000635202159174, 0.000296096579405, -0.000377891614335, -0.000454755412648, 0.000121143617434, 0.000115259543236], [6.05086061114e-05, 0.000432595494203, 0.00231451028958, -0.000521503330674, 3.7652971514e-05, -0.00148100953083, 0.00065967120463, -0.000510024139658, -0.000952390953898, 0.00105958117638, -0.000305510562612, -0.000452624401078, 0.000273516139714], [-0.00014479715901, -0.000286467751721, -0.000521503330674, 0.00617505423725, -0.0032987864688, 0.00163912517019, 0.000122375771753, -0.000151960994117, -0.000321342638927, -0.00122000731062, 0.00158244662452, -0.000480075046653, -0.001322337077], [0.000147127415403, -0.000637029123027, 3.7652971514e-05, -0.0032987864688, 0.00944191869348, -0.00148348300718, -0.000729834544472, 0.00028242461849, -0.00133895198815, -2.50591547228e-05, 0.000987469335087, -0.000195019762032, -0.0011858951766], [-8.22760339361e-05, 5.53727586521e-05, -0.00148100953083, 0.00163912517019, -0.00148348300718, 0.00934578478336, -0.00215767323971, -0.00136403006036, 0.000362064223737, 0.00123434211127, -0.00191065773834, 0.000835452752654, 0.000756395747885], [0.000182902862434, -0.000347344728652, 0.00065967120463, 0.000122375771753, -0.000729834544472, -0.00215767323971, 0.00875783711672, -0.00262618297711, 0.00108307553455, -0.00324994884431, 0.00100738345645, 0.000453656277386, 0.000194062275114], [-7.42365955375e-05, -0.000635202159174, -0.000510024139658, -0.000151960994117, 0.00028242461849, -0.00136403006036, -0.00262618297711, 0.0156312268227, -0.00429954566061, -0.000915869430173, -0.000111782326712, -1.9197621441e-05, -0.00326432427391], [-8.6430052761e-05, 0.000296096579405, -0.000952390953898, -0.000321342638927, -0.00133895198815, 0.000362064223737, 0.00108307553455, -0.00429954566061, 0.0121308071539, -0.0036640141625, 0.00208720285445, 8.35593527881e-06, -0.00054235861171], [0.000140493008075, -0.000377891614335, 0.00105958117638, -0.00122000731062, -2.50591547228e-05, 0.00123434211127, -0.00324994884431, -0.000915869430173, -0.0036640141625, 0.0161267407238, -0.00536161148921, -0.000217953551328, 0.00205704011023], [6.3682164182e-05, -0.000454755412648, -0.000305510562612, 0.00158244662452, 0.000987469335087, -0.00191065773834, 0.00100738345645, -0.000111782326712, 0.00208720285445, -0.00536161148921, 0.0140423187986, -0.00120100297499, -0.00204058154486], [0.000128776227939, 0.000121143617434, -0.000452624401078, -0.000480075046653, -0.000195019762032, 0.000835452752654, 0.000453656277386, -1.9197621441e-05, 8.35593527881e-06, -0.000217953551328, -0.00120100297499, 0.0156680811197, -0.0043301070109], [0.000122502155136, 0.000115259543236, 0.000273516139714, -0.001322337077, -0.0011858951766, 0.000756395747885, 0.000194062275114, -0.00326432427391, -0.00054235861171, 0.00205704011023, -0.00204058154486, -0.0043301070109, 0.0167117509991]], "cov": [[14524.7041016, 1569.95593262, -527.691650391, 373.419128418, -10.2635326385, -67.4769668579, -214.523529053, 69.3135757446, 72.9793548584, -76.4370880127, -131.104858398, -166.59564209, -108.155822754], [1569.95593262, 1807.95507813, -429.048797607, 200.797988892, 171.992156982, -32.131855011, 146.095153809, 101.525054932, 12.9279985428, 123.608009338, 38.5492591858, -24.7790756226, 14.2179822922], [-527.691650391, -429.048797607, 650.609863281, -9.21682739258, -8.59396839142, 91.4832305908, -58.3413658142, 10.370475769, 46.1613540649, -58.9928665161, -5.22560834885, 23.760717392, 7.68025636673], [373.419128418, 200.797988892, -9.21682739258, 270.100799561, 109.300758362, -37.2436637878, 11.6920309067, 27.5389671326, 40.1208686829, 24.8466281891, -30.2429294586, 12.7070846558, 29.9294376373], [-10.2635326385, 171.992156982, -8.59396839142, 109.300758362, 167.886825562, 7.47025346756, 34.183971405, 25.8321819305, 31.9624938965, 21.2878112793, -12.5096292496, 8.24531364441, 22.9284496307], [-67.4769668579, -32.131855011, 91.4832305908, -37.2436637878, 7.47025346756, 144.134841919, 31.2759475708, 17.7932090759, 1.39381980896, -5.54704189301, 18.8220825195, -6.24413871765, -5.20085048676], [-214.523529053, 146.095153809, -58.3413658142, 11.6920309067, 34.183971405, 31.2759475708, 166.655044556, 38.1497764587, 4.78316164017, 47.6419219971, 10.9413957596, -4.24884462357, 3.49777507782], [69.3135757446, 101.525054932, 10.370475769, 27.5389671326, 25.8321819305, 17.7932090759, 38.1497764587, 92.475982666, 38.1200637817, 22.6395721436, 4.88985061646, 4.25624227524, 19.5995368958], [72.9793548584, 12.9279985428, 46.1613540649, 40.1208686829, 31.9624938965, 1.39381980896, 4.78316164017, 38.1200637817, 113.409866333, 23.2652187347, -11.3334083557, 4.82602405548, 12.0739545822], [-76.4370880127, 123.608009338, -58.9928665161, 24.8466281891, 21.2878112793, -5.54704189301, 47.6419219971, 22.6395721436, 23.2652187347, 97.4336853027, 28.8187885284, 1.76964402199, 1.0094114542], [-131.104858398, 38.5492591858, -5.22560834885, -30.2429294586, -12.5096292496, 18.8220825195, 10.9413957596, 4.88985061646, -11.3334083557, 28.8187885284, 93.4066696167, 7.72422075272, 6.96782493591], [-166.59564209, -24.7790756226, 23.760717392, 12.7070846558, 8.24531364441, -6.24413871765, -4.24884462357, 4.25624227524, 4.82602405548, 1.76964402199, 7.72422075272, 74.2365493774, 23.8741703033], [-108.155822754, 14.2179822922, 7.68025636673, 29.9294376373, 22.9284496307, -5.20085048676, 3.49777507782, 19.5995368958, 12.0739545822, 1.0094114542, 6.96782493591, 23.8741703033, 75.7299423218]]}, "spectral_energy": {"min": 9.88381150275e-21, "max": 0.0711100697517, "dvar2": 6.88116269885e-05, "median": 0.026291301474, "dmean2": 0.00803065113723, "dmean": 0.00525156827644, "var": 0.000160078969202, "dvar": 3.03128781525e-05, "mean": 0.0255900602788}, "melbands_spread": {"min": 1.47967851162, "max": 257.711364746, "dvar2": 168.087890625, "median": 35.3981246948, "dmean2": 11.8671894073, "dmean": 7.73888063431, "var": 550.858764648, "dvar": 77.1991577148, "mean": 38.4953308105}, "erbbands_flatness_db": {"min": 0.0224897488952, "max": 0.426226168871, "dvar2": 0.000475373235531, "median": 0.185428529978, "dmean2": 0.0236929766834, "dmean": 0.0167908202857, "var": 0.00226492597722, "dvar": 0.000252232712228, "mean": 0.183842912316}, "spectral_contrast_valleys": {"min": [-28.2004432678, -28.0477848053, -27.95129776, -27.749162674, -27.5783252716, -27.43060112], "max": [-5.57925033569, -4.80144643784, -5.31417226791, -5.37456989288, -5.68367004395, -7.65636825562], "dvar2": [0.33202791214, 0.246845304966, 0.17831300199, 0.152924194932, 0.150776326656, 0.251217097044], "median": [-7.51270675659, -6.53910732269, -6.88449573517, -7.12741947174, -7.34344100952, -10.4129867554], "dmean2": [0.698881208897, 0.577772498131, 0.465630471706, 0.413116812706, 0.380643695593, 0.436423629522], "dmean": [0.421099096537, 0.354512155056, 0.299399167299, 0.270670592785, 0.276994109154, 0.352766811848], "var": [11.359664917, 12.3281745911, 11.8842992783, 11.5936079025, 11.4316883087, 8.77163982391], "dvar": [0.13309879601, 0.110829174519, 0.0869962722063, 0.0813704803586, 0.0903630629182, 0.161147356033], "mean": [-8.19261360168, -7.26528263092, -7.59193897247, -7.81516933441, -8.03127479553, -10.9580173492]}, "barkbands_flatness_db": {"min": 0.019206430763, "max": 0.319167941809, "dvar2": 0.000668806605972, "median": 0.113912731409, "dmean2": 0.0254976116121, "dmean": 0.0176652837545, "var": 0.00191599014215, "dvar": 0.00032182209543, "mean": 0.118668794632}, "zerocrossingrate": {"min": 0.0048828125, "max": 0.55029296875, "dvar2": 0.00020244193729, "median": 0.0673828125, "dmean2": 0.0116369891912, "dmean": 0.0101002026349, "var": 0.0058461362496, "dvar": 0.000154905123054, "mean": 0.0816902816296}, "spectral_skewness": {"min": -0.0932847931981, "max": 4.19095134735, "dvar2": 0.156198829412, "median": 1.61840009689, "dmean2": 0.391387701035, "dmean": 0.238389894366, "var": 0.211632102728, "dvar": 0.05792666